,RACS-linker_all_prop-I_scope-1_propagg-diff_corragg-avg_bbagg-avg,RACS-linker_all_prop-I_scope-1_propagg-diff_corragg-avg_bbagg-sum,RACS-linker_all_prop-I_scope-1_propagg-diff_corragg-sum_bbagg-avg,RACS-linker_all_prop-I_scope-1_propagg-diff_corragg-sum_bbagg-sum,RACS-linker_all_prop-I_scope-1_propagg-product_corragg-avg_bbagg-avg,RACS-linker_all_prop-I_scope-1_propagg-product_corragg-avg_bbagg-sum,RACS-linker_all_prop-I_scope-1_propagg-product_corragg-sum_bbagg-avg,RACS-linker_all_prop-I_scope-1_propagg-product_corragg-sum_bbagg-sum,RACS-linker_all_prop-I_scope-2_propagg-diff_corragg-avg_bbagg-avg,RACS-linker_all_prop-I_scope-2_propagg-diff_corragg-avg_bbagg-sum,RACS-linker_all_prop-I_scope-2_propagg-diff_corragg-sum_bbagg-avg,RACS-linker_all_prop-I_scope-2_propagg-diff_corragg-sum_bbagg-sum,RACS-linker_all_prop-I_scope-2_propagg-product_corragg-avg_bbagg-avg,RACS-linker_all_prop-I_scope-2_propagg-product_corragg-avg_bbagg-sum,RACS-linker_all_prop-I_scope-2_propagg-product_corragg-sum_bbagg-avg,RACS-linker_all_prop-I_scope-2_propagg-product_corragg-sum_bbagg-sum,RACS-linker_all_prop-I_scope-3_propagg-diff_corragg-avg_bbagg-avg,RACS-linker_all_prop-I_scope-3_propagg-diff_corragg-avg_bbagg-sum,RACS-linker_all_prop-I_scope-3_propagg-diff_corragg-sum_bbagg-avg,RACS-linker_all_prop-I_scope-3_propagg-diff_corragg-sum_bbagg-sum,RACS-linker_all_prop-I_scope-3_propagg-product_corragg-avg_bbagg-avg,RACS-linker_all_prop-I_scope-3_propagg-product_corragg-avg_bbagg-sum,RACS-linker_all_prop-I_scope-3_propagg-product_corragg-sum_bbagg-avg,RACS-linker_all_prop-I_scope-3_propagg-product_corragg-sum_bbagg-sum,RACS-linker_all_prop-T_scope-1_propagg-diff_corragg-avg_bbagg-avg,RACS-linker_all_prop-T_scope-1_propagg-diff_corragg-avg_bbagg-sum,RACS-linker_all_prop-T_scope-1_propagg-diff_corragg-sum_bbagg-avg,RACS-linker_all_prop-T_scope-1_propagg-diff_corragg-sum_bbagg-sum,RACS-linker_all_prop-T_scope-1_propagg-product_corragg-avg_bbagg-avg,RACS-linker_all_prop-T_scope-1_propagg-product_corragg-avg_bbagg-sum,RACS-linker_all_prop-T_scope-1_propagg-product_corragg-sum_bbagg-avg,RACS-linker_all_prop-T_scope-1_propagg-product_corragg-sum_bbagg-sum,RACS-linker_all_prop-T_scope-2_propagg-diff_corragg-avg_bbagg-avg,RACS-linker_all_prop-T_scope-2_propagg-diff_corragg-avg_bbagg-sum,RACS-linker_all_prop-T_scope-2_propagg-diff_corragg-sum_bbagg-avg,RACS-linker_all_prop-T_scope-2_propagg-diff_corragg-sum_bbagg-sum,RACS-linker_all_prop-T_scope-2_propagg-product_corragg-avg_bbagg-avg,RACS-linker_all_prop-T_scope-2_propagg-product_corragg-avg_bbagg-sum,RACS-linker_all_prop-T_scope-2_propagg-product_corragg-sum_bbagg-avg,RACS-linker_all_prop-T_scope-2_propagg-product_corragg-sum_bbagg-sum,RACS-linker_all_prop-T_scope-3_propagg-diff_corragg-avg_bbagg-avg,RACS-linker_all_prop-T_scope-3_propagg-diff_corragg-avg_bbagg-sum,RACS-linker_all_prop-T_scope-3_propagg-diff_corragg-sum_bbagg-avg,RACS-linker_all_prop-T_scope-3_propagg-diff_corragg-sum_bbagg-sum,RACS-linker_all_prop-T_scope-3_propagg-product_corragg-avg_bbagg-avg,RACS-linker_all_prop-T_scope-3_propagg-product_corragg-avg_bbagg-sum,RACS-linker_all_prop-T_scope-3_propagg-product_corragg-sum_bbagg-avg,RACS-linker_all_prop-T_scope-3_propagg-product_corragg-sum_bbagg-sum,RACS-linker_all_prop-X_scope-1_propagg-diff_corragg-avg_bbagg-avg,RACS-linker_all_prop-X_scope-1_propagg-diff_corragg-avg_bbagg-sum,RACS-linker_all_prop-X_scope-1_propagg-diff_corragg-sum_bbagg-avg,RACS-linker_all_prop-X_scope-1_propagg-diff_corragg-sum_bbagg-sum,RACS-linker_all_prop-X_scope-1_propagg-product_corragg-avg_bbagg-avg,RACS-linker_all_prop-X_scope-1_propagg-product_corragg-avg_bbagg-sum,RACS-linker_all_prop-X_scope-1_propagg-product_corragg-sum_bbagg-avg,RACS-linker_all_prop-X_scope-1_propagg-product_corragg-sum_bbagg-sum,RACS-linker_all_prop-X_scope-2_propagg-diff_corragg-avg_bbagg-avg,RACS-linker_all_prop-X_scope-2_propagg-diff_corragg-avg_bbagg-sum,RACS-linker_all_prop-X_scope-2_propagg-diff_corragg-sum_bbagg-avg,RACS-linker_all_prop-X_scope-2_propagg-diff_corragg-sum_bbagg-sum,RACS-linker_all_prop-X_scope-2_propagg-product_corragg-avg_bbagg-avg,RACS-linker_all_prop-X_scope-2_propagg-product_corragg-avg_bbagg-sum,RACS-linker_all_prop-X_scope-2_propagg-product_corragg-sum_bbagg-avg,RACS-linker_all_prop-X_scope-2_propagg-product_corragg-sum_bbagg-sum,RACS-linker_all_prop-X_scope-3_propagg-diff_corragg-avg_bbagg-avg,RACS-linker_all_prop-X_scope-3_propagg-diff_corragg-avg_bbagg-sum,RACS-linker_all_prop-X_scope-3_propagg-diff_corragg-sum_bbagg-avg,RACS-linker_all_prop-X_scope-3_propagg-diff_corragg-sum_bbagg-sum,RACS-linker_all_prop-X_scope-3_propagg-product_corragg-avg_bbagg-avg,RACS-linker_all_prop-X_scope-3_propagg-product_corragg-avg_bbagg-sum,RACS-linker_all_prop-X_scope-3_propagg-product_corragg-sum_bbagg-avg,RACS-linker_all_prop-X_scope-3_propagg-product_corragg-sum_bbagg-sum,RACS-linker_all_prop-mod_pettifor_scope-1_propagg-diff_corragg-avg_bbagg-avg,RACS-linker_all_prop-mod_pettifor_scope-1_propagg-diff_corragg-avg_bbagg-sum,RACS-linker_all_prop-mod_pettifor_scope-1_propagg-diff_corragg-sum_bbagg-avg,RACS-linker_all_prop-mod_pettifor_scope-1_propagg-diff_corragg-sum_bbagg-sum,RACS-linker_all_prop-mod_pettifor_scope-1_propagg-product_corragg-avg_bbagg-avg,RACS-linker_all_prop-mod_pettifor_scope-1_propagg-product_corragg-avg_bbagg-sum,RACS-linker_all_prop-mod_pettifor_scope-1_propagg-product_corragg-sum_bbagg-avg,RACS-linker_all_prop-mod_pettifor_scope-1_propagg-product_corragg-sum_bbagg-sum,RACS-linker_all_prop-mod_pettifor_scope-2_propagg-diff_corragg-avg_bbagg-avg,RACS-linker_all_prop-mod_pettifor_scope-2_propagg-diff_corragg-avg_bbagg-sum,RACS-linker_all_prop-mod_pettifor_scope-2_propagg-diff_corragg-sum_bbagg-avg,RACS-linker_all_prop-mod_pettifor_scope-2_propagg-diff_corragg-sum_bbagg-sum,RACS-linker_all_prop-mod_pettifor_scope-2_propagg-product_corragg-avg_bbagg-avg,RACS-linker_all_prop-mod_pettifor_scope-2_propagg-product_corragg-avg_bbagg-sum,RACS-linker_all_prop-mod_pettifor_scope-2_propagg-product_corragg-sum_bbagg-avg,RACS-linker_all_prop-mod_pettifor_scope-2_propagg-product_corragg-sum_bbagg-sum,RACS-linker_all_prop-mod_pettifor_scope-3_propagg-diff_corragg-avg_bbagg-avg,RACS-linker_all_prop-mod_pettifor_scope-3_propagg-diff_corragg-avg_bbagg-sum,RACS-linker_all_prop-mod_pettifor_scope-3_propagg-diff_corragg-sum_bbagg-avg,RACS-linker_all_prop-mod_pettifor_scope-3_propagg-diff_corragg-sum_bbagg-sum,RACS-linker_all_prop-mod_pettifor_scope-3_propagg-product_corragg-avg_bbagg-avg,RACS-linker_all_prop-mod_pettifor_scope-3_propagg-product_corragg-avg_bbagg-sum,RACS-linker_all_prop-mod_pettifor_scope-3_propagg-product_corragg-sum_bbagg-avg,RACS-linker_all_prop-mod_pettifor_scope-3_propagg-product_corragg-sum_bbagg-sum,RACS-linker_connecting_prop-I_scope-1_propagg-diff_corragg-avg_bbagg-avg,RACS-linker_connecting_prop-I_scope-1_propagg-diff_corragg-avg_bbagg-sum,RACS-linker_connecting_prop-I_scope-1_propagg-diff_corragg-sum_bbagg-avg,RACS-linker_connecting_prop-I_scope-1_propagg-diff_corragg-sum_bbagg-sum,RACS-linker_connecting_prop-I_scope-1_propagg-product_corragg-avg_bbagg-avg,RACS-linker_connecting_prop-I_scope-1_propagg-product_corragg-avg_bbagg-sum,RACS-linker_connecting_prop-I_scope-1_propagg-product_corragg-sum_bbagg-avg,RACS-linker_connecting_prop-I_scope-1_propagg-product_corragg-sum_bbagg-sum,RACS-linker_connecting_prop-I_scope-2_propagg-diff_corragg-avg_bbagg-avg,RACS-linker_connecting_prop-I_scope-2_propagg-diff_corragg-avg_bbagg-sum,RACS-linker_connecting_prop-I_scope-2_propagg-diff_corragg-sum_bbagg-avg,RACS-linker_connecting_prop-I_scope-2_propagg-diff_corragg-sum_bbagg-sum,RACS-linker_connecting_prop-I_scope-2_propagg-product_corragg-avg_bbagg-avg,RACS-linker_connecting_prop-I_scope-2_propagg-product_corragg-avg_bbagg-sum,RACS-linker_connecting_prop-I_scope-2_propagg-product_corragg-sum_bbagg-avg,RACS-linker_connecting_prop-I_scope-2_propagg-product_corragg-sum_bbagg-sum,RACS-linker_connecting_prop-I_scope-3_propagg-diff_corragg-avg_bbagg-avg,RACS-linker_connecting_prop-I_scope-3_propagg-diff_corragg-avg_bbagg-sum,RACS-linker_connecting_prop-I_scope-3_propagg-diff_corragg-sum_bbagg-avg,RACS-linker_connecting_prop-I_scope-3_propagg-diff_corragg-sum_bbagg-sum,RACS-linker_connecting_prop-I_scope-3_propagg-product_corragg-avg_bbagg-avg,RACS-linker_connecting_prop-I_scope-3_propagg-product_corragg-avg_bbagg-sum,RACS-linker_connecting_prop-I_scope-3_propagg-product_corragg-sum_bbagg-avg,RACS-linker_connecting_prop-I_scope-3_propagg-product_corragg-sum_bbagg-sum,RACS-linker_connecting_prop-T_scope-1_propagg-diff_corragg-avg_bbagg-avg,RACS-linker_connecting_prop-T_scope-1_propagg-diff_corragg-avg_bbagg-sum,RACS-linker_connecting_prop-T_scope-1_propagg-diff_corragg-sum_bbagg-avg,RACS-linker_connecting_prop-T_scope-1_propagg-diff_corragg-sum_bbagg-sum,RACS-linker_connecting_prop-T_scope-1_propagg-product_corragg-avg_bbagg-avg,RACS-linker_connecting_prop-T_scope-1_propagg-product_corragg-avg_bbagg-sum,RACS-linker_connecting_prop-T_scope-1_propagg-product_corragg-sum_bbagg-avg,RACS-linker_connecting_prop-T_scope-1_propagg-product_corragg-sum_bbagg-sum,RACS-linker_connecting_prop-T_scope-2_propagg-diff_corragg-avg_bbagg-avg,RACS-linker_connecting_prop-T_scope-2_propagg-diff_corragg-avg_bbagg-sum,RACS-linker_connecting_prop-T_scope-2_propagg-diff_corragg-sum_bbagg-avg,RACS-linker_connecting_prop-T_scope-2_propagg-diff_corragg-sum_bbagg-sum,RACS-linker_connecting_prop-T_scope-2_propagg-product_corragg-avg_bbagg-avg,RACS-linker_connecting_prop-T_scope-2_propagg-product_corragg-avg_bbagg-sum,RACS-linker_connecting_prop-T_scope-2_propagg-product_corragg-sum_bbagg-avg,RACS-linker_connecting_prop-T_scope-2_propagg-product_corragg-sum_bbagg-sum,RACS-linker_connecting_prop-T_scope-3_propagg-diff_corragg-avg_bbagg-avg,RACS-linker_connecting_prop-T_scope-3_propagg-diff_corragg-avg_bbagg-sum,RACS-linker_connecting_prop-T_scope-3_propagg-diff_corragg-sum_bbagg-avg,RACS-linker_connecting_prop-T_scope-3_propagg-diff_corragg-sum_bbagg-sum,RACS-linker_connecting_prop-T_scope-3_propagg-product_corragg-avg_bbagg-avg,RACS-linker_connecting_prop-T_scope-3_propagg-product_corragg-avg_bbagg-sum,RACS-linker_connecting_prop-T_scope-3_propagg-product_corragg-sum_bbagg-avg,RACS-linker_connecting_prop-T_scope-3_propagg-product_corragg-sum_bbagg-sum,RACS-linker_connecting_prop-X_scope-1_propagg-diff_corragg-avg_bbagg-avg,RACS-linker_connecting_prop-X_scope-1_propagg-diff_corragg-avg_bbagg-sum,RACS-linker_connecting_prop-X_scope-1_propagg-diff_corragg-sum_bbagg-avg,RACS-linker_connecting_prop-X_scope-1_propagg-diff_corragg-sum_bbagg-sum,RACS-linker_connecting_prop-X_scope-1_propagg-product_corragg-avg_bbagg-avg,RACS-linker_connecting_prop-X_scope-1_propagg-product_corragg-avg_bbagg-sum,RACS-linker_connecting_prop-X_scope-1_propagg-product_corragg-sum_bbagg-avg,RACS-linker_connecting_prop-X_scope-1_propagg-product_corragg-sum_bbagg-sum,RACS-linker_connecting_prop-X_scope-2_propagg-diff_corragg-avg_bbagg-avg,RACS-linker_connecting_prop-X_scope-2_propagg-diff_corragg-avg_bbagg-sum,RACS-linker_connecting_prop-X_scope-2_propagg-diff_corragg-sum_bbagg-avg,RACS-linker_connecting_prop-X_scope-2_propagg-diff_corragg-sum_bbagg-sum,RACS-linker_connecting_prop-X_scope-2_propagg-product_corragg-avg_bbagg-avg,RACS-linker_connecting_prop-X_scope-2_propagg-product_corragg-avg_bbagg-sum,RACS-linker_connecting_prop-X_scope-2_propagg-product_corragg-sum_bbagg-avg,RACS-linker_connecting_prop-X_scope-2_propagg-product_corragg-sum_bbagg-sum,RACS-linker_connecting_prop-X_scope-3_propagg-diff_corragg-avg_bbagg-avg,RACS-linker_connecting_prop-X_scope-3_propagg-diff_corragg-avg_bbagg-sum,RACS-linker_connecting_prop-X_scope-3_propagg-diff_corragg-sum_bbagg-avg,RACS-linker_connecting_prop-X_scope-3_propagg-diff_corragg-sum_bbagg-sum,RACS-linker_connecting_prop-X_scope-3_propagg-product_corragg-avg_bbagg-avg,RACS-linker_connecting_prop-X_scope-3_propagg-product_corragg-avg_bbagg-sum,RACS-linker_connecting_prop-X_scope-3_propagg-product_corragg-sum_bbagg-avg,RACS-linker_connecting_prop-X_scope-3_propagg-product_corragg-sum_bbagg-sum,RACS-linker_connecting_prop-mod_pettifor_scope-1_propagg-diff_corragg-avg_bbagg-avg,RACS-linker_connecting_prop-mod_pettifor_scope-1_propagg-diff_corragg-avg_bbagg-sum,RACS-linker_connecting_prop-mod_pettifor_scope-1_propagg-diff_corragg-sum_bbagg-avg,RACS-linker_connecting_prop-mod_pettifor_scope-1_propagg-diff_corragg-sum_bbagg-sum,RACS-linker_connecting_prop-mod_pettifor_scope-1_propagg-product_corragg-avg_bbagg-avg,RACS-linker_connecting_prop-mod_pettifor_scope-1_propagg-product_corragg-avg_bbagg-sum,RACS-linker_connecting_prop-mod_pettifor_scope-1_propagg-product_corragg-sum_bbagg-avg,RACS-linker_connecting_prop-mod_pettifor_scope-1_propagg-product_corragg-sum_bbagg-sum,RACS-linker_connecting_prop-mod_pettifor_scope-2_propagg-diff_corragg-avg_bbagg-avg,RACS-linker_connecting_prop-mod_pettifor_scope-2_propagg-diff_corragg-avg_bbagg-sum,RACS-linker_connecting_prop-mod_pettifor_scope-2_propagg-diff_corragg-sum_bbagg-avg,RACS-linker_connecting_prop-mod_pettifor_scope-2_propagg-diff_corragg-sum_bbagg-sum,RACS-linker_connecting_prop-mod_pettifor_scope-2_propagg-product_corragg-avg_bbagg-avg,RACS-linker_connecting_prop-mod_pettifor_scope-2_propagg-product_corragg-avg_bbagg-sum,RACS-linker_connecting_prop-mod_pettifor_scope-2_propagg-product_corragg-sum_bbagg-avg,RACS-linker_connecting_prop-mod_pettifor_scope-2_propagg-product_corragg-sum_bbagg-sum,RACS-linker_connecting_prop-mod_pettifor_scope-3_propagg-diff_corragg-avg_bbagg-avg,RACS-linker_connecting_prop-mod_pettifor_scope-3_propagg-diff_corragg-avg_bbagg-sum,RACS-linker_connecting_prop-mod_pettifor_scope-3_propagg-diff_corragg-sum_bbagg-avg,RACS-linker_connecting_prop-mod_pettifor_scope-3_propagg-diff_corragg-sum_bbagg-sum,RACS-linker_connecting_prop-mod_pettifor_scope-3_propagg-product_corragg-avg_bbagg-avg,RACS-linker_connecting_prop-mod_pettifor_scope-3_propagg-product_corragg-avg_bbagg-sum,RACS-linker_connecting_prop-mod_pettifor_scope-3_propagg-product_corragg-sum_bbagg-avg,RACS-linker_connecting_prop-mod_pettifor_scope-3_propagg-product_corragg-sum_bbagg-sum,RACS-linker_functional_prop-I_scope-1_propagg-diff_corragg-avg_bbagg-avg,RACS-linker_functional_prop-I_scope-1_propagg-diff_corragg-avg_bbagg-sum,RACS-linker_functional_prop-I_scope-1_propagg-diff_corragg-sum_bbagg-avg,RACS-linker_functional_prop-I_scope-1_propagg-diff_corragg-sum_bbagg-sum,RACS-linker_functional_prop-I_scope-1_propagg-product_corragg-avg_bbagg-avg,RACS-linker_functional_prop-I_scope-1_propagg-product_corragg-avg_bbagg-sum,RACS-linker_functional_prop-I_scope-1_propagg-product_corragg-sum_bbagg-avg,RACS-linker_functional_prop-I_scope-1_propagg-product_corragg-sum_bbagg-sum,RACS-linker_functional_prop-I_scope-2_propagg-diff_corragg-avg_bbagg-avg,RACS-linker_functional_prop-I_scope-2_propagg-diff_corragg-avg_bbagg-sum,RACS-linker_functional_prop-I_scope-2_propagg-diff_corragg-sum_bbagg-avg,RACS-linker_functional_prop-I_scope-2_propagg-diff_corragg-sum_bbagg-sum,RACS-linker_functional_prop-I_scope-2_propagg-product_corragg-avg_bbagg-avg,RACS-linker_functional_prop-I_scope-2_propagg-product_corragg-avg_bbagg-sum,RACS-linker_functional_prop-I_scope-2_propagg-product_corragg-sum_bbagg-avg,RACS-linker_functional_prop-I_scope-2_propagg-product_corragg-sum_bbagg-sum,RACS-linker_functional_prop-I_scope-3_propagg-diff_corragg-avg_bbagg-avg,RACS-linker_functional_prop-I_scope-3_propagg-diff_corragg-avg_bbagg-sum,RACS-linker_functional_prop-I_scope-3_propagg-diff_corragg-sum_bbagg-avg,RACS-linker_functional_prop-I_scope-3_propagg-diff_corragg-sum_bbagg-sum,RACS-linker_functional_prop-I_scope-3_propagg-product_corragg-avg_bbagg-avg,RACS-linker_functional_prop-I_scope-3_propagg-product_corragg-avg_bbagg-sum,RACS-linker_functional_prop-I_scope-3_propagg-product_corragg-sum_bbagg-avg,RACS-linker_functional_prop-I_scope-3_propagg-product_corragg-sum_bbagg-sum,RACS-linker_functional_prop-T_scope-1_propagg-diff_corragg-avg_bbagg-avg,RACS-linker_functional_prop-T_scope-1_propagg-diff_corragg-avg_bbagg-sum,RACS-linker_functional_prop-T_scope-1_propagg-diff_corragg-sum_bbagg-avg,RACS-linker_functional_prop-T_scope-1_propagg-diff_corragg-sum_bbagg-sum,RACS-linker_functional_prop-T_scope-1_propagg-product_corragg-avg_bbagg-avg,RACS-linker_functional_prop-T_scope-1_propagg-product_corragg-avg_bbagg-sum,RACS-linker_functional_prop-T_scope-1_propagg-product_corragg-sum_bbagg-avg,RACS-linker_functional_prop-T_scope-1_propagg-product_corragg-sum_bbagg-sum,RACS-linker_functional_prop-T_scope-2_propagg-diff_corragg-avg_bbagg-avg,RACS-linker_functional_prop-T_scope-2_propagg-diff_corragg-avg_bbagg-sum,RACS-linker_functional_prop-T_scope-2_propagg-diff_corragg-sum_bbagg-avg,RACS-linker_functional_prop-T_scope-2_propagg-diff_corragg-sum_bbagg-sum,RACS-linker_functional_prop-T_scope-2_propagg-product_corragg-avg_bbagg-avg,RACS-linker_functional_prop-T_scope-2_propagg-product_corragg-avg_bbagg-sum,RACS-linker_functional_prop-T_scope-2_propagg-product_corragg-sum_bbagg-avg,RACS-linker_functional_prop-T_scope-2_propagg-product_corragg-sum_bbagg-sum,RACS-linker_functional_prop-T_scope-3_propagg-diff_corragg-avg_bbagg-avg,RACS-linker_functional_prop-T_scope-3_propagg-diff_corragg-avg_bbagg-sum,RACS-linker_functional_prop-T_scope-3_propagg-diff_corragg-sum_bbagg-avg,RACS-linker_functional_prop-T_scope-3_propagg-diff_corragg-sum_bbagg-sum,RACS-linker_functional_prop-T_scope-3_propagg-product_corragg-avg_bbagg-avg,RACS-linker_functional_prop-T_scope-3_propagg-product_corragg-avg_bbagg-sum,RACS-linker_functional_prop-T_scope-3_propagg-product_corragg-sum_bbagg-avg,RACS-linker_functional_prop-T_scope-3_propagg-product_corragg-sum_bbagg-sum,RACS-linker_functional_prop-X_scope-1_propagg-diff_corragg-avg_bbagg-avg,RACS-linker_functional_prop-X_scope-1_propagg-diff_corragg-avg_bbagg-sum,RACS-linker_functional_prop-X_scope-1_propagg-diff_corragg-sum_bbagg-avg,RACS-linker_functional_prop-X_scope-1_propagg-diff_corragg-sum_bbagg-sum,RACS-linker_functional_prop-X_scope-1_propagg-product_corragg-avg_bbagg-avg,RACS-linker_functional_prop-X_scope-1_propagg-product_corragg-avg_bbagg-sum,RACS-linker_functional_prop-X_scope-1_propagg-product_corragg-sum_bbagg-avg,RACS-linker_functional_prop-X_scope-1_propagg-product_corragg-sum_bbagg-sum,RACS-linker_functional_prop-X_scope-2_propagg-diff_corragg-avg_bbagg-avg,RACS-linker_functional_prop-X_scope-2_propagg-diff_corragg-avg_bbagg-sum,RACS-linker_functional_prop-X_scope-2_propagg-diff_corragg-sum_bbagg-avg,RACS-linker_functional_prop-X_scope-2_propagg-diff_corragg-sum_bbagg-sum,RACS-linker_functional_prop-X_scope-2_propagg-product_corragg-avg_bbagg-avg,RACS-linker_functional_prop-X_scope-2_propagg-product_corragg-avg_bbagg-sum,RACS-linker_functional_prop-X_scope-2_propagg-product_corragg-sum_bbagg-avg,RACS-linker_functional_prop-X_scope-2_propagg-product_corragg-sum_bbagg-sum,RACS-linker_functional_prop-X_scope-3_propagg-diff_corragg-avg_bbagg-avg,RACS-linker_functional_prop-X_scope-3_propagg-diff_corragg-avg_bbagg-sum,RACS-linker_functional_prop-X_scope-3_propagg-diff_corragg-sum_bbagg-avg,RACS-linker_functional_prop-X_scope-3_propagg-diff_corragg-sum_bbagg-sum,RACS-linker_functional_prop-X_scope-3_propagg-product_corragg-avg_bbagg-avg,RACS-linker_functional_prop-X_scope-3_propagg-product_corragg-avg_bbagg-sum,RACS-linker_functional_prop-X_scope-3_propagg-product_corragg-sum_bbagg-avg,RACS-linker_functional_prop-X_scope-3_propagg-product_corragg-sum_bbagg-sum,RACS-linker_functional_prop-mod_pettifor_scope-1_propagg-diff_corragg-avg_bbagg-avg,RACS-linker_functional_prop-mod_pettifor_scope-1_propagg-diff_corragg-avg_bbagg-sum,RACS-linker_functional_prop-mod_pettifor_scope-1_propagg-diff_corragg-sum_bbagg-avg,RACS-linker_functional_prop-mod_pettifor_scope-1_propagg-diff_corragg-sum_bbagg-sum,RACS-linker_functional_prop-mod_pettifor_scope-1_propagg-product_corragg-avg_bbagg-avg,RACS-linker_functional_prop-mod_pettifor_scope-1_propagg-product_corragg-avg_bbagg-sum,RACS-linker_functional_prop-mod_pettifor_scope-1_propagg-product_corragg-sum_bbagg-avg,RACS-linker_functional_prop-mod_pettifor_scope-1_propagg-product_corragg-sum_bbagg-sum,RACS-linker_functional_prop-mod_pettifor_scope-2_propagg-diff_corragg-avg_bbagg-avg,RACS-linker_functional_prop-mod_pettifor_scope-2_propagg-diff_corragg-avg_bbagg-sum,RACS-linker_functional_prop-mod_pettifor_scope-2_propagg-diff_corragg-sum_bbagg-avg,RACS-linker_functional_prop-mod_pettifor_scope-2_propagg-diff_corragg-sum_bbagg-sum,RACS-linker_functional_prop-mod_pettifor_scope-2_propagg-product_corragg-avg_bbagg-avg,RACS-linker_functional_prop-mod_pettifor_scope-2_propagg-product_corragg-avg_bbagg-sum,RACS-linker_functional_prop-mod_pettifor_scope-2_propagg-product_corragg-sum_bbagg-avg,RACS-linker_functional_prop-mod_pettifor_scope-2_propagg-product_corragg-sum_bbagg-sum,RACS-linker_functional_prop-mod_pettifor_scope-3_propagg-diff_corragg-avg_bbagg-avg,RACS-linker_functional_prop-mod_pettifor_scope-3_propagg-diff_corragg-avg_bbagg-sum,RACS-linker_functional_prop-mod_pettifor_scope-3_propagg-diff_corragg-sum_bbagg-avg,RACS-linker_functional_prop-mod_pettifor_scope-3_propagg-diff_corragg-sum_bbagg-sum,RACS-linker_functional_prop-mod_pettifor_scope-3_propagg-product_corragg-avg_bbagg-avg,RACS-linker_functional_prop-mod_pettifor_scope-3_propagg-product_corragg-avg_bbagg-sum,RACS-linker_functional_prop-mod_pettifor_scope-3_propagg-product_corragg-sum_bbagg-avg,RACS-linker_functional_prop-mod_pettifor_scope-3_propagg-product_corragg-sum_bbagg-sum,RACS-linker_scaffold_prop-I_scope-1_propagg-diff_corragg-avg_bbagg-avg,RACS-linker_scaffold_prop-I_scope-1_propagg-diff_corragg-avg_bbagg-sum,RACS-linker_scaffold_prop-I_scope-1_propagg-diff_corragg-sum_bbagg-avg,RACS-linker_scaffold_prop-I_scope-1_propagg-diff_corragg-sum_bbagg-sum,RACS-linker_scaffold_prop-I_scope-1_propagg-product_corragg-avg_bbagg-avg,RACS-linker_scaffold_prop-I_scope-1_propagg-product_corragg-avg_bbagg-sum,RACS-linker_scaffold_prop-I_scope-1_propagg-product_corragg-sum_bbagg-avg,RACS-linker_scaffold_prop-I_scope-1_propagg-product_corragg-sum_bbagg-sum,RACS-linker_scaffold_prop-I_scope-2_propagg-diff_corragg-avg_bbagg-avg,RACS-linker_scaffold_prop-I_scope-2_propagg-diff_corragg-avg_bbagg-sum,RACS-linker_scaffold_prop-I_scope-2_propagg-diff_corragg-sum_bbagg-avg,RACS-linker_scaffold_prop-I_scope-2_propagg-diff_corragg-sum_bbagg-sum,RACS-linker_scaffold_prop-I_scope-2_propagg-product_corragg-avg_bbagg-avg,RACS-linker_scaffold_prop-I_scope-2_propagg-product_corragg-avg_bbagg-sum,RACS-linker_scaffold_prop-I_scope-2_propagg-product_corragg-sum_bbagg-avg,RACS-linker_scaffold_prop-I_scope-2_propagg-product_corragg-sum_bbagg-sum,RACS-linker_scaffold_prop-I_scope-3_propagg-diff_corragg-avg_bbagg-avg,RACS-linker_scaffold_prop-I_scope-3_propagg-diff_corragg-avg_bbagg-sum,RACS-linker_scaffold_prop-I_scope-3_propagg-diff_corragg-sum_bbagg-avg,RACS-linker_scaffold_prop-I_scope-3_propagg-diff_corragg-sum_bbagg-sum,RACS-linker_scaffold_prop-I_scope-3_propagg-product_corragg-avg_bbagg-avg,RACS-linker_scaffold_prop-I_scope-3_propagg-product_corragg-avg_bbagg-sum,RACS-linker_scaffold_prop-I_scope-3_propagg-product_corragg-sum_bbagg-avg,RACS-linker_scaffold_prop-I_scope-3_propagg-product_corragg-sum_bbagg-sum,RACS-linker_scaffold_prop-T_scope-1_propagg-diff_corragg-avg_bbagg-avg,RACS-linker_scaffold_prop-T_scope-1_propagg-diff_corragg-avg_bbagg-sum,RACS-linker_scaffold_prop-T_scope-1_propagg-diff_corragg-sum_bbagg-avg,RACS-linker_scaffold_prop-T_scope-1_propagg-diff_corragg-sum_bbagg-sum,RACS-linker_scaffold_prop-T_scope-1_propagg-product_corragg-avg_bbagg-avg,RACS-linker_scaffold_prop-T_scope-1_propagg-product_corragg-avg_bbagg-sum,RACS-linker_scaffold_prop-T_scope-1_propagg-product_corragg-sum_bbagg-avg,RACS-linker_scaffold_prop-T_scope-1_propagg-product_corragg-sum_bbagg-sum,RACS-linker_scaffold_prop-T_scope-2_propagg-diff_corragg-avg_bbagg-avg,RACS-linker_scaffold_prop-T_scope-2_propagg-diff_corragg-avg_bbagg-sum,RACS-linker_scaffold_prop-T_scope-2_propagg-diff_corragg-sum_bbagg-avg,RACS-linker_scaffold_prop-T_scope-2_propagg-diff_corragg-sum_bbagg-sum,RACS-linker_scaffold_prop-T_scope-2_propagg-product_corragg-avg_bbagg-avg,RACS-linker_scaffold_prop-T_scope-2_propagg-product_corragg-avg_bbagg-sum,RACS-linker_scaffold_prop-T_scope-2_propagg-product_corragg-sum_bbagg-avg,RACS-linker_scaffold_prop-T_scope-2_propagg-product_corragg-sum_bbagg-sum,RACS-linker_scaffold_prop-T_scope-3_propagg-diff_corragg-avg_bbagg-avg,RACS-linker_scaffold_prop-T_scope-3_propagg-diff_corragg-avg_bbagg-sum,RACS-linker_scaffold_prop-T_scope-3_propagg-diff_corragg-sum_bbagg-avg,RACS-linker_scaffold_prop-T_scope-3_propagg-diff_corragg-sum_bbagg-sum,RACS-linker_scaffold_prop-T_scope-3_propagg-product_corragg-avg_bbagg-avg,RACS-linker_scaffold_prop-T_scope-3_propagg-product_corragg-avg_bbagg-sum,RACS-linker_scaffold_prop-T_scope-3_propagg-product_corragg-sum_bbagg-avg,RACS-linker_scaffold_prop-T_scope-3_propagg-product_corragg-sum_bbagg-sum,RACS-linker_scaffold_prop-X_scope-1_propagg-diff_corragg-avg_bbagg-avg,RACS-linker_scaffold_prop-X_scope-1_propagg-diff_corragg-avg_bbagg-sum,RACS-linker_scaffold_prop-X_scope-1_propagg-diff_corragg-sum_bbagg-avg,RACS-linker_scaffold_prop-X_scope-1_propagg-diff_corragg-sum_bbagg-sum,RACS-linker_scaffold_prop-X_scope-1_propagg-product_corragg-avg_bbagg-avg,RACS-linker_scaffold_prop-X_scope-1_propagg-product_corragg-avg_bbagg-sum,RACS-linker_scaffold_prop-X_scope-1_propagg-product_corragg-sum_bbagg-avg,RACS-linker_scaffold_prop-X_scope-1_propagg-product_corragg-sum_bbagg-sum,RACS-linker_scaffold_prop-X_scope-2_propagg-diff_corragg-avg_bbagg-avg,RACS-linker_scaffold_prop-X_scope-2_propagg-diff_corragg-avg_bbagg-sum,RACS-linker_scaffold_prop-X_scope-2_propagg-diff_corragg-sum_bbagg-avg,RACS-linker_scaffold_prop-X_scope-2_propagg-diff_corragg-sum_bbagg-sum,RACS-linker_scaffold_prop-X_scope-2_propagg-product_corragg-avg_bbagg-avg,RACS-linker_scaffold_prop-X_scope-2_propagg-product_corragg-avg_bbagg-sum,RACS-linker_scaffold_prop-X_scope-2_propagg-product_corragg-sum_bbagg-avg,RACS-linker_scaffold_prop-X_scope-2_propagg-product_corragg-sum_bbagg-sum,RACS-linker_scaffold_prop-X_scope-3_propagg-diff_corragg-avg_bbagg-avg,RACS-linker_scaffold_prop-X_scope-3_propagg-diff_corragg-avg_bbagg-sum,RACS-linker_scaffold_prop-X_scope-3_propagg-diff_corragg-sum_bbagg-avg,RACS-linker_scaffold_prop-X_scope-3_propagg-diff_corragg-sum_bbagg-sum,RACS-linker_scaffold_prop-X_scope-3_propagg-product_corragg-avg_bbagg-avg,RACS-linker_scaffold_prop-X_scope-3_propagg-product_corragg-avg_bbagg-sum,RACS-linker_scaffold_prop-X_scope-3_propagg-product_corragg-sum_bbagg-avg,RACS-linker_scaffold_prop-X_scope-3_propagg-product_corragg-sum_bbagg-sum,RACS-linker_scaffold_prop-mod_pettifor_scope-1_propagg-diff_corragg-avg_bbagg-avg,RACS-linker_scaffold_prop-mod_pettifor_scope-1_propagg-diff_corragg-avg_bbagg-sum,RACS-linker_scaffold_prop-mod_pettifor_scope-1_propagg-diff_corragg-sum_bbagg-avg,RACS-linker_scaffold_prop-mod_pettifor_scope-1_propagg-diff_corragg-sum_bbagg-sum,RACS-linker_scaffold_prop-mod_pettifor_scope-1_propagg-product_corragg-avg_bbagg-avg,RACS-linker_scaffold_prop-mod_pettifor_scope-1_propagg-product_corragg-avg_bbagg-sum,RACS-linker_scaffold_prop-mod_pettifor_scope-1_propagg-product_corragg-sum_bbagg-avg,RACS-linker_scaffold_prop-mod_pettifor_scope-1_propagg-product_corragg-sum_bbagg-sum,RACS-linker_scaffold_prop-mod_pettifor_scope-2_propagg-diff_corragg-avg_bbagg-avg,RACS-linker_scaffold_prop-mod_pettifor_scope-2_propagg-diff_corragg-avg_bbagg-sum,RACS-linker_scaffold_prop-mod_pettifor_scope-2_propagg-diff_corragg-sum_bbagg-avg,RACS-linker_scaffold_prop-mod_pettifor_scope-2_propagg-diff_corragg-sum_bbagg-sum,RACS-linker_scaffold_prop-mod_pettifor_scope-2_propagg-product_corragg-avg_bbagg-avg,RACS-linker_scaffold_prop-mod_pettifor_scope-2_propagg-product_corragg-avg_bbagg-sum,RACS-linker_scaffold_prop-mod_pettifor_scope-2_propagg-product_corragg-sum_bbagg-avg,RACS-linker_scaffold_prop-mod_pettifor_scope-2_propagg-product_corragg-sum_bbagg-sum,RACS-linker_scaffold_prop-mod_pettifor_scope-3_propagg-diff_corragg-avg_bbagg-avg,RACS-linker_scaffold_prop-mod_pettifor_scope-3_propagg-diff_corragg-avg_bbagg-sum,RACS-linker_scaffold_prop-mod_pettifor_scope-3_propagg-diff_corragg-sum_bbagg-avg,RACS-linker_scaffold_prop-mod_pettifor_scope-3_propagg-diff_corragg-sum_bbagg-sum,RACS-linker_scaffold_prop-mod_pettifor_scope-3_propagg-product_corragg-avg_bbagg-avg,RACS-linker_scaffold_prop-mod_pettifor_scope-3_propagg-product_corragg-avg_bbagg-sum,RACS-linker_scaffold_prop-mod_pettifor_scope-3_propagg-product_corragg-sum_bbagg-avg,RACS-linker_scaffold_prop-mod_pettifor_scope-3_propagg-product_corragg-sum_bbagg-sum,RACS-nodes_prop-I_scope-1_propagg-diff_corragg-avg_bbagg-avg,RACS-nodes_prop-I_scope-1_propagg-diff_corragg-avg_bbagg-sum,RACS-nodes_prop-I_scope-1_propagg-diff_corragg-sum_bbagg-avg,RACS-nodes_prop-I_scope-1_propagg-diff_corragg-sum_bbagg-sum,RACS-nodes_prop-I_scope-1_propagg-product_corragg-avg_bbagg-avg,RACS-nodes_prop-I_scope-1_propagg-product_corragg-avg_bbagg-sum,RACS-nodes_prop-I_scope-1_propagg-product_corragg-sum_bbagg-avg,RACS-nodes_prop-I_scope-1_propagg-product_corragg-sum_bbagg-sum,RACS-nodes_prop-I_scope-2_propagg-diff_corragg-avg_bbagg-avg,RACS-nodes_prop-I_scope-2_propagg-diff_corragg-avg_bbagg-sum,RACS-nodes_prop-I_scope-2_propagg-diff_corragg-sum_bbagg-avg,RACS-nodes_prop-I_scope-2_propagg-diff_corragg-sum_bbagg-sum,RACS-nodes_prop-I_scope-2_propagg-product_corragg-avg_bbagg-avg,RACS-nodes_prop-I_scope-2_propagg-product_corragg-avg_bbagg-sum,RACS-nodes_prop-I_scope-2_propagg-product_corragg-sum_bbagg-avg,RACS-nodes_prop-I_scope-2_propagg-product_corragg-sum_bbagg-sum,RACS-nodes_prop-I_scope-3_propagg-diff_corragg-avg_bbagg-avg,RACS-nodes_prop-I_scope-3_propagg-diff_corragg-avg_bbagg-sum,RACS-nodes_prop-I_scope-3_propagg-diff_corragg-sum_bbagg-avg,RACS-nodes_prop-I_scope-3_propagg-diff_corragg-sum_bbagg-sum,RACS-nodes_prop-I_scope-3_propagg-product_corragg-avg_bbagg-avg,RACS-nodes_prop-I_scope-3_propagg-product_corragg-avg_bbagg-sum,RACS-nodes_prop-I_scope-3_propagg-product_corragg-sum_bbagg-avg,RACS-nodes_prop-I_scope-3_propagg-product_corragg-sum_bbagg-sum,RACS-nodes_prop-T_scope-1_propagg-diff_corragg-avg_bbagg-avg,RACS-nodes_prop-T_scope-1_propagg-diff_corragg-avg_bbagg-sum,RACS-nodes_prop-T_scope-1_propagg-diff_corragg-sum_bbagg-avg,RACS-nodes_prop-T_scope-1_propagg-diff_corragg-sum_bbagg-sum,RACS-nodes_prop-T_scope-1_propagg-product_corragg-avg_bbagg-avg,RACS-nodes_prop-T_scope-1_propagg-product_corragg-avg_bbagg-sum,RACS-nodes_prop-T_scope-1_propagg-product_corragg-sum_bbagg-avg,RACS-nodes_prop-T_scope-1_propagg-product_corragg-sum_bbagg-sum,RACS-nodes_prop-T_scope-2_propagg-diff_corragg-avg_bbagg-avg,RACS-nodes_prop-T_scope-2_propagg-diff_corragg-avg_bbagg-sum,RACS-nodes_prop-T_scope-2_propagg-diff_corragg-sum_bbagg-avg,RACS-nodes_prop-T_scope-2_propagg-diff_corragg-sum_bbagg-sum,RACS-nodes_prop-T_scope-2_propagg-product_corragg-avg_bbagg-avg,RACS-nodes_prop-T_scope-2_propagg-product_corragg-avg_bbagg-sum,RACS-nodes_prop-T_scope-2_propagg-product_corragg-sum_bbagg-avg,RACS-nodes_prop-T_scope-2_propagg-product_corragg-sum_bbagg-sum,RACS-nodes_prop-T_scope-3_propagg-diff_corragg-avg_bbagg-avg,RACS-nodes_prop-T_scope-3_propagg-diff_corragg-avg_bbagg-sum,RACS-nodes_prop-T_scope-3_propagg-diff_corragg-sum_bbagg-avg,RACS-nodes_prop-T_scope-3_propagg-diff_corragg-sum_bbagg-sum,RACS-nodes_prop-T_scope-3_propagg-product_corragg-avg_bbagg-avg,RACS-nodes_prop-T_scope-3_propagg-product_corragg-avg_bbagg-sum,RACS-nodes_prop-T_scope-3_propagg-product_corragg-sum_bbagg-avg,RACS-nodes_prop-T_scope-3_propagg-product_corragg-sum_bbagg-sum,RACS-nodes_prop-X_scope-1_propagg-diff_corragg-avg_bbagg-avg,RACS-nodes_prop-X_scope-1_propagg-diff_corragg-avg_bbagg-sum,RACS-nodes_prop-X_scope-1_propagg-diff_corragg-sum_bbagg-avg,RACS-nodes_prop-X_scope-1_propagg-diff_corragg-sum_bbagg-sum,RACS-nodes_prop-X_scope-1_propagg-product_corragg-avg_bbagg-avg,RACS-nodes_prop-X_scope-1_propagg-product_corragg-avg_bbagg-sum,RACS-nodes_prop-X_scope-1_propagg-product_corragg-sum_bbagg-avg,RACS-nodes_prop-X_scope-1_propagg-product_corragg-sum_bbagg-sum,RACS-nodes_prop-X_scope-2_propagg-diff_corragg-avg_bbagg-avg,RACS-nodes_prop-X_scope-2_propagg-diff_corragg-avg_bbagg-sum,RACS-nodes_prop-X_scope-2_propagg-diff_corragg-sum_bbagg-avg,RACS-nodes_prop-X_scope-2_propagg-diff_corragg-sum_bbagg-sum,RACS-nodes_prop-X_scope-2_propagg-product_corragg-avg_bbagg-avg,RACS-nodes_prop-X_scope-2_propagg-product_corragg-avg_bbagg-sum,RACS-nodes_prop-X_scope-2_propagg-product_corragg-sum_bbagg-avg,RACS-nodes_prop-X_scope-2_propagg-product_corragg-sum_bbagg-sum,RACS-nodes_prop-X_scope-3_propagg-diff_corragg-avg_bbagg-avg,RACS-nodes_prop-X_scope-3_propagg-diff_corragg-avg_bbagg-sum,RACS-nodes_prop-X_scope-3_propagg-diff_corragg-sum_bbagg-avg,RACS-nodes_prop-X_scope-3_propagg-diff_corragg-sum_bbagg-sum,RACS-nodes_prop-X_scope-3_propagg-product_corragg-avg_bbagg-avg,RACS-nodes_prop-X_scope-3_propagg-product_corragg-avg_bbagg-sum,RACS-nodes_prop-X_scope-3_propagg-product_corragg-sum_bbagg-avg,RACS-nodes_prop-X_scope-3_propagg-product_corragg-sum_bbagg-sum,RACS-nodes_prop-mod_pettifor_scope-1_propagg-diff_corragg-avg_bbagg-avg,RACS-nodes_prop-mod_pettifor_scope-1_propagg-diff_corragg-avg_bbagg-sum,RACS-nodes_prop-mod_pettifor_scope-1_propagg-diff_corragg-sum_bbagg-avg,RACS-nodes_prop-mod_pettifor_scope-1_propagg-diff_corragg-sum_bbagg-sum,RACS-nodes_prop-mod_pettifor_scope-1_propagg-product_corragg-avg_bbagg-avg,RACS-nodes_prop-mod_pettifor_scope-1_propagg-product_corragg-avg_bbagg-sum,RACS-nodes_prop-mod_pettifor_scope-1_propagg-product_corragg-sum_bbagg-avg,RACS-nodes_prop-mod_pettifor_scope-1_propagg-product_corragg-sum_bbagg-sum,RACS-nodes_prop-mod_pettifor_scope-2_propagg-diff_corragg-avg_bbagg-avg,RACS-nodes_prop-mod_pettifor_scope-2_propagg-diff_corragg-avg_bbagg-sum,RACS-nodes_prop-mod_pettifor_scope-2_propagg-diff_corragg-sum_bbagg-avg,RACS-nodes_prop-mod_pettifor_scope-2_propagg-diff_corragg-sum_bbagg-sum,RACS-nodes_prop-mod_pettifor_scope-2_propagg-product_corragg-avg_bbagg-avg,RACS-nodes_prop-mod_pettifor_scope-2_propagg-product_corragg-avg_bbagg-sum,RACS-nodes_prop-mod_pettifor_scope-2_propagg-product_corragg-sum_bbagg-avg,RACS-nodes_prop-mod_pettifor_scope-2_propagg-product_corragg-sum_bbagg-sum,RACS-nodes_prop-mod_pettifor_scope-3_propagg-diff_corragg-avg_bbagg-avg,RACS-nodes_prop-mod_pettifor_scope-3_propagg-diff_corragg-avg_bbagg-sum,RACS-nodes_prop-mod_pettifor_scope-3_propagg-diff_corragg-sum_bbagg-avg,RACS-nodes_prop-mod_pettifor_scope-3_propagg-diff_corragg-sum_bbagg-sum,RACS-nodes_prop-mod_pettifor_scope-3_propagg-product_corragg-avg_bbagg-avg,RACS-nodes_prop-mod_pettifor_scope-3_propagg-product_corragg-avg_bbagg-sum,RACS-nodes_prop-mod_pettifor_scope-3_propagg-product_corragg-sum_bbagg-avg,RACS-nodes_prop-mod_pettifor_scope-3_propagg-product_corragg-sum_bbagg-sum,phstats_C-H-N-O_dim1_birth_min,phstats_C-H-N-O_dim1_birth_max,phstats_C-H-N-O_dim1_birth_mean,phstats_C-H-N-O_dim1_birth_std,phstats_C-H-N-O_dim1_death_min,phstats_C-H-N-O_dim1_death_max,phstats_C-H-N-O_dim1_death_mean,phstats_C-H-N-O_dim1_death_std,phstats_C-H-N-O_dim1_persistence_min,phstats_C-H-N-O_dim1_persistence_max,phstats_C-H-N-O_dim1_persistence_mean,phstats_C-H-N-O_dim1_persistence_std,phstats_C-H-N-O_dim2_birth_min,phstats_C-H-N-O_dim2_birth_max,phstats_C-H-N-O_dim2_birth_mean,phstats_C-H-N-O_dim2_birth_std,phstats_C-H-N-O_dim2_death_min,phstats_C-H-N-O_dim2_death_max,phstats_C-H-N-O_dim2_death_mean,phstats_C-H-N-O_dim2_death_std,phstats_C-H-N-O_dim2_persistence_min,phstats_C-H-N-O_dim2_persistence_max,phstats_C-H-N-O_dim2_persistence_mean,phstats_C-H-N-O_dim2_persistence_std,phstats_F-Cl-Br-I_dim1_birth_min,phstats_F-Cl-Br-I_dim1_birth_max,phstats_F-Cl-Br-I_dim1_birth_mean,phstats_F-Cl-Br-I_dim1_birth_std,phstats_F-Cl-Br-I_dim1_death_min,phstats_F-Cl-Br-I_dim1_death_max,phstats_F-Cl-Br-I_dim1_death_mean,phstats_F-Cl-Br-I_dim1_death_std,phstats_F-Cl-Br-I_dim1_persistence_min,phstats_F-Cl-Br-I_dim1_persistence_max,phstats_F-Cl-Br-I_dim1_persistence_mean,phstats_F-Cl-Br-I_dim1_persistence_std,phstats_F-Cl-Br-I_dim2_birth_min,phstats_F-Cl-Br-I_dim2_birth_max,phstats_F-Cl-Br-I_dim2_birth_mean,phstats_F-Cl-Br-I_dim2_birth_std,phstats_F-Cl-Br-I_dim2_death_min,phstats_F-Cl-Br-I_dim2_death_max,phstats_F-Cl-Br-I_dim2_death_mean,phstats_F-Cl-Br-I_dim2_death_std,phstats_F-Cl-Br-I_dim2_persistence_min,phstats_F-Cl-Br-I_dim2_persistence_max,phstats_F-Cl-Br-I_dim2_persistence_mean,phstats_F-Cl-Br-I_dim2_persistence_std,phstats_Cu-Mn-Ni-Mo-Fe-Pt-Zn-Ca-Er-Au-Cd-Co-Gd-Na-Sm-Eu-Tb-V-Ag-Nd-U-Ba-Ce-K-Ga-Cr-Al-Li-Sc-Ru-In-Mg-Zr-Dy-W-Yb-Y-Ho-Re-Be-Rb-La-Sn-Cs-Pb-Pr-Bi-Tm-Sr-Ti-Hf-Ir-Nb-Pd-Hg-Th-Np-Lu-Rh-Pu_dim1_birth_min,phstats_Cu-Mn-Ni-Mo-Fe-Pt-Zn-Ca-Er-Au-Cd-Co-Gd-Na-Sm-Eu-Tb-V-Ag-Nd-U-Ba-Ce-K-Ga-Cr-Al-Li-Sc-Ru-In-Mg-Zr-Dy-W-Yb-Y-Ho-Re-Be-Rb-La-Sn-Cs-Pb-Pr-Bi-Tm-Sr-Ti-Hf-Ir-Nb-Pd-Hg-Th-Np-Lu-Rh-Pu_dim1_birth_max,phstats_Cu-Mn-Ni-Mo-Fe-Pt-Zn-Ca-Er-Au-Cd-Co-Gd-Na-Sm-Eu-Tb-V-Ag-Nd-U-Ba-Ce-K-Ga-Cr-Al-Li-Sc-Ru-In-Mg-Zr-Dy-W-Yb-Y-Ho-Re-Be-Rb-La-Sn-Cs-Pb-Pr-Bi-Tm-Sr-Ti-Hf-Ir-Nb-Pd-Hg-Th-Np-Lu-Rh-Pu_dim1_birth_mean,phstats_Cu-Mn-Ni-Mo-Fe-Pt-Zn-Ca-Er-Au-Cd-Co-Gd-Na-Sm-Eu-Tb-V-Ag-Nd-U-Ba-Ce-K-Ga-Cr-Al-Li-Sc-Ru-In-Mg-Zr-Dy-W-Yb-Y-Ho-Re-Be-Rb-La-Sn-Cs-Pb-Pr-Bi-Tm-Sr-Ti-Hf-Ir-Nb-Pd-Hg-Th-Np-Lu-Rh-Pu_dim1_birth_std,phstats_Cu-Mn-Ni-Mo-Fe-Pt-Zn-Ca-Er-Au-Cd-Co-Gd-Na-Sm-Eu-Tb-V-Ag-Nd-U-Ba-Ce-K-Ga-Cr-Al-Li-Sc-Ru-In-Mg-Zr-Dy-W-Yb-Y-Ho-Re-Be-Rb-La-Sn-Cs-Pb-Pr-Bi-Tm-Sr-Ti-Hf-Ir-Nb-Pd-Hg-Th-Np-Lu-Rh-Pu_dim1_death_min,phstats_Cu-Mn-Ni-Mo-Fe-Pt-Zn-Ca-Er-Au-Cd-Co-Gd-Na-Sm-Eu-Tb-V-Ag-Nd-U-Ba-Ce-K-Ga-Cr-Al-Li-Sc-Ru-In-Mg-Zr-Dy-W-Yb-Y-Ho-Re-Be-Rb-La-Sn-Cs-Pb-Pr-Bi-Tm-Sr-Ti-Hf-Ir-Nb-Pd-Hg-Th-Np-Lu-Rh-Pu_dim1_death_max,phstats_Cu-Mn-Ni-Mo-Fe-Pt-Zn-Ca-Er-Au-Cd-Co-Gd-Na-Sm-Eu-Tb-V-Ag-Nd-U-Ba-Ce-K-Ga-Cr-Al-Li-Sc-Ru-In-Mg-Zr-Dy-W-Yb-Y-Ho-Re-Be-Rb-La-Sn-Cs-Pb-Pr-Bi-Tm-Sr-Ti-Hf-Ir-Nb-Pd-Hg-Th-Np-Lu-Rh-Pu_dim1_death_mean,phstats_Cu-Mn-Ni-Mo-Fe-Pt-Zn-Ca-Er-Au-Cd-Co-Gd-Na-Sm-Eu-Tb-V-Ag-Nd-U-Ba-Ce-K-Ga-Cr-Al-Li-Sc-Ru-In-Mg-Zr-Dy-W-Yb-Y-Ho-Re-Be-Rb-La-Sn-Cs-Pb-Pr-Bi-Tm-Sr-Ti-Hf-Ir-Nb-Pd-Hg-Th-Np-Lu-Rh-Pu_dim1_death_std,phstats_Cu-Mn-Ni-Mo-Fe-Pt-Zn-Ca-Er-Au-Cd-Co-Gd-Na-Sm-Eu-Tb-V-Ag-Nd-U-Ba-Ce-K-Ga-Cr-Al-Li-Sc-Ru-In-Mg-Zr-Dy-W-Yb-Y-Ho-Re-Be-Rb-La-Sn-Cs-Pb-Pr-Bi-Tm-Sr-Ti-Hf-Ir-Nb-Pd-Hg-Th-Np-Lu-Rh-Pu_dim1_persistence_min,phstats_Cu-Mn-Ni-Mo-Fe-Pt-Zn-Ca-Er-Au-Cd-Co-Gd-Na-Sm-Eu-Tb-V-Ag-Nd-U-Ba-Ce-K-Ga-Cr-Al-Li-Sc-Ru-In-Mg-Zr-Dy-W-Yb-Y-Ho-Re-Be-Rb-La-Sn-Cs-Pb-Pr-Bi-Tm-Sr-Ti-Hf-Ir-Nb-Pd-Hg-Th-Np-Lu-Rh-Pu_dim1_persistence_max,phstats_Cu-Mn-Ni-Mo-Fe-Pt-Zn-Ca-Er-Au-Cd-Co-Gd-Na-Sm-Eu-Tb-V-Ag-Nd-U-Ba-Ce-K-Ga-Cr-Al-Li-Sc-Ru-In-Mg-Zr-Dy-W-Yb-Y-Ho-Re-Be-Rb-La-Sn-Cs-Pb-Pr-Bi-Tm-Sr-Ti-Hf-Ir-Nb-Pd-Hg-Th-Np-Lu-Rh-Pu_dim1_persistence_mean,phstats_Cu-Mn-Ni-Mo-Fe-Pt-Zn-Ca-Er-Au-Cd-Co-Gd-Na-Sm-Eu-Tb-V-Ag-Nd-U-Ba-Ce-K-Ga-Cr-Al-Li-Sc-Ru-In-Mg-Zr-Dy-W-Yb-Y-Ho-Re-Be-Rb-La-Sn-Cs-Pb-Pr-Bi-Tm-Sr-Ti-Hf-Ir-Nb-Pd-Hg-Th-Np-Lu-Rh-Pu_dim1_persistence_std,phstats_Cu-Mn-Ni-Mo-Fe-Pt-Zn-Ca-Er-Au-Cd-Co-Gd-Na-Sm-Eu-Tb-V-Ag-Nd-U-Ba-Ce-K-Ga-Cr-Al-Li-Sc-Ru-In-Mg-Zr-Dy-W-Yb-Y-Ho-Re-Be-Rb-La-Sn-Cs-Pb-Pr-Bi-Tm-Sr-Ti-Hf-Ir-Nb-Pd-Hg-Th-Np-Lu-Rh-Pu_dim2_birth_min,phstats_Cu-Mn-Ni-Mo-Fe-Pt-Zn-Ca-Er-Au-Cd-Co-Gd-Na-Sm-Eu-Tb-V-Ag-Nd-U-Ba-Ce-K-Ga-Cr-Al-Li-Sc-Ru-In-Mg-Zr-Dy-W-Yb-Y-Ho-Re-Be-Rb-La-Sn-Cs-Pb-Pr-Bi-Tm-Sr-Ti-Hf-Ir-Nb-Pd-Hg-Th-Np-Lu-Rh-Pu_dim2_birth_max,phstats_Cu-Mn-Ni-Mo-Fe-Pt-Zn-Ca-Er-Au-Cd-Co-Gd-Na-Sm-Eu-Tb-V-Ag-Nd-U-Ba-Ce-K-Ga-Cr-Al-Li-Sc-Ru-In-Mg-Zr-Dy-W-Yb-Y-Ho-Re-Be-Rb-La-Sn-Cs-Pb-Pr-Bi-Tm-Sr-Ti-Hf-Ir-Nb-Pd-Hg-Th-Np-Lu-Rh-Pu_dim2_birth_mean,phstats_Cu-Mn-Ni-Mo-Fe-Pt-Zn-Ca-Er-Au-Cd-Co-Gd-Na-Sm-Eu-Tb-V-Ag-Nd-U-Ba-Ce-K-Ga-Cr-Al-Li-Sc-Ru-In-Mg-Zr-Dy-W-Yb-Y-Ho-Re-Be-Rb-La-Sn-Cs-Pb-Pr-Bi-Tm-Sr-Ti-Hf-Ir-Nb-Pd-Hg-Th-Np-Lu-Rh-Pu_dim2_birth_std,phstats_Cu-Mn-Ni-Mo-Fe-Pt-Zn-Ca-Er-Au-Cd-Co-Gd-Na-Sm-Eu-Tb-V-Ag-Nd-U-Ba-Ce-K-Ga-Cr-Al-Li-Sc-Ru-In-Mg-Zr-Dy-W-Yb-Y-Ho-Re-Be-Rb-La-Sn-Cs-Pb-Pr-Bi-Tm-Sr-Ti-Hf-Ir-Nb-Pd-Hg-Th-Np-Lu-Rh-Pu_dim2_death_min,phstats_Cu-Mn-Ni-Mo-Fe-Pt-Zn-Ca-Er-Au-Cd-Co-Gd-Na-Sm-Eu-Tb-V-Ag-Nd-U-Ba-Ce-K-Ga-Cr-Al-Li-Sc-Ru-In-Mg-Zr-Dy-W-Yb-Y-Ho-Re-Be-Rb-La-Sn-Cs-Pb-Pr-Bi-Tm-Sr-Ti-Hf-Ir-Nb-Pd-Hg-Th-Np-Lu-Rh-Pu_dim2_death_max,phstats_Cu-Mn-Ni-Mo-Fe-Pt-Zn-Ca-Er-Au-Cd-Co-Gd-Na-Sm-Eu-Tb-V-Ag-Nd-U-Ba-Ce-K-Ga-Cr-Al-Li-Sc-Ru-In-Mg-Zr-Dy-W-Yb-Y-Ho-Re-Be-Rb-La-Sn-Cs-Pb-Pr-Bi-Tm-Sr-Ti-Hf-Ir-Nb-Pd-Hg-Th-Np-Lu-Rh-Pu_dim2_death_mean,phstats_Cu-Mn-Ni-Mo-Fe-Pt-Zn-Ca-Er-Au-Cd-Co-Gd-Na-Sm-Eu-Tb-V-Ag-Nd-U-Ba-Ce-K-Ga-Cr-Al-Li-Sc-Ru-In-Mg-Zr-Dy-W-Yb-Y-Ho-Re-Be-Rb-La-Sn-Cs-Pb-Pr-Bi-Tm-Sr-Ti-Hf-Ir-Nb-Pd-Hg-Th-Np-Lu-Rh-Pu_dim2_death_std,phstats_Cu-Mn-Ni-Mo-Fe-Pt-Zn-Ca-Er-Au-Cd-Co-Gd-Na-Sm-Eu-Tb-V-Ag-Nd-U-Ba-Ce-K-Ga-Cr-Al-Li-Sc-Ru-In-Mg-Zr-Dy-W-Yb-Y-Ho-Re-Be-Rb-La-Sn-Cs-Pb-Pr-Bi-Tm-Sr-Ti-Hf-Ir-Nb-Pd-Hg-Th-Np-Lu-Rh-Pu_dim2_persistence_min,phstats_Cu-Mn-Ni-Mo-Fe-Pt-Zn-Ca-Er-Au-Cd-Co-Gd-Na-Sm-Eu-Tb-V-Ag-Nd-U-Ba-Ce-K-Ga-Cr-Al-Li-Sc-Ru-In-Mg-Zr-Dy-W-Yb-Y-Ho-Re-Be-Rb-La-Sn-Cs-Pb-Pr-Bi-Tm-Sr-Ti-Hf-Ir-Nb-Pd-Hg-Th-Np-Lu-Rh-Pu_dim2_persistence_max,phstats_Cu-Mn-Ni-Mo-Fe-Pt-Zn-Ca-Er-Au-Cd-Co-Gd-Na-Sm-Eu-Tb-V-Ag-Nd-U-Ba-Ce-K-Ga-Cr-Al-Li-Sc-Ru-In-Mg-Zr-Dy-W-Yb-Y-Ho-Re-Be-Rb-La-Sn-Cs-Pb-Pr-Bi-Tm-Sr-Ti-Hf-Ir-Nb-Pd-Hg-Th-Np-Lu-Rh-Pu_dim2_persistence_mean,phstats_Cu-Mn-Ni-Mo-Fe-Pt-Zn-Ca-Er-Au-Cd-Co-Gd-Na-Sm-Eu-Tb-V-Ag-Nd-U-Ba-Ce-K-Ga-Cr-Al-Li-Sc-Ru-In-Mg-Zr-Dy-W-Yb-Y-Ho-Re-Be-Rb-La-Sn-Cs-Pb-Pr-Bi-Tm-Sr-Ti-Hf-Ir-Nb-Pd-Hg-Th-Np-Lu-Rh-Pu_dim2_persistence_std,phstats_all_dim1_birth_min,phstats_all_dim1_birth_max,phstats_all_dim1_birth_mean,phstats_all_dim1_birth_std,phstats_all_dim1_death_min,phstats_all_dim1_death_max,phstats_all_dim1_death_mean,phstats_all_dim1_death_std,phstats_all_dim1_persistence_min,phstats_all_dim1_persistence_max,phstats_all_dim1_persistence_mean,phstats_all_dim1_persistence_std,phstats_all_dim2_birth_min,phstats_all_dim2_birth_max,phstats_all_dim2_birth_mean,phstats_all_dim2_birth_std,phstats_all_dim2_death_min,phstats_all_dim2_death_max,phstats_all_dim2_death_mean,phstats_all_dim2_death_std,phstats_all_dim2_persistence_min,phstats_all_dim2_persistence_max,phstats_all_dim2_persistence_mean,phstats_all_dim2_persistence_std,phhist_C-H-N-O_dim1_nx0_ny0_persistence,phhist_C-H-N-O_dim1_nx0_ny1_persistence,phhist_C-H-N-O_dim1_nx0_ny2_persistence,phhist_C-H-N-O_dim1_nx0_ny3_persistence,phhist_C-H-N-O_dim1_nx0_ny4_persistence,phhist_C-H-N-O_dim1_nx0_ny5_persistence,phhist_C-H-N-O_dim1_nx0_ny6_persistence,phhist_C-H-N-O_dim1_nx0_ny7_persistence,phhist_C-H-N-O_dim1_nx0_ny8_persistence,phhist_C-H-N-O_dim1_nx0_ny9_persistence,phhist_C-H-N-O_dim1_nx1_ny0_persistence,phhist_C-H-N-O_dim1_nx1_ny1_persistence,phhist_C-H-N-O_dim1_nx1_ny2_persistence,phhist_C-H-N-O_dim1_nx1_ny3_persistence,phhist_C-H-N-O_dim1_nx1_ny4_persistence,phhist_C-H-N-O_dim1_nx1_ny5_persistence,phhist_C-H-N-O_dim1_nx1_ny6_persistence,phhist_C-H-N-O_dim1_nx1_ny7_persistence,phhist_C-H-N-O_dim1_nx1_ny8_persistence,phhist_C-H-N-O_dim1_nx1_ny9_persistence,phhist_C-H-N-O_dim1_nx2_ny0_persistence,phhist_C-H-N-O_dim1_nx2_ny1_persistence,phhist_C-H-N-O_dim1_nx2_ny2_persistence,phhist_C-H-N-O_dim1_nx2_ny3_persistence,phhist_C-H-N-O_dim1_nx2_ny4_persistence,phhist_C-H-N-O_dim1_nx2_ny5_persistence,phhist_C-H-N-O_dim1_nx2_ny6_persistence,phhist_C-H-N-O_dim1_nx2_ny7_persistence,phhist_C-H-N-O_dim1_nx2_ny8_persistence,phhist_C-H-N-O_dim1_nx2_ny9_persistence,phhist_C-H-N-O_dim1_nx3_ny0_persistence,phhist_C-H-N-O_dim1_nx3_ny1_persistence,phhist_C-H-N-O_dim1_nx3_ny2_persistence,phhist_C-H-N-O_dim1_nx3_ny3_persistence,phhist_C-H-N-O_dim1_nx3_ny4_persistence,phhist_C-H-N-O_dim1_nx3_ny5_persistence,phhist_C-H-N-O_dim1_nx3_ny6_persistence,phhist_C-H-N-O_dim1_nx3_ny7_persistence,phhist_C-H-N-O_dim1_nx3_ny8_persistence,phhist_C-H-N-O_dim1_nx3_ny9_persistence,phhist_C-H-N-O_dim1_nx4_ny0_persistence,phhist_C-H-N-O_dim1_nx4_ny1_persistence,phhist_C-H-N-O_dim1_nx4_ny2_persistence,phhist_C-H-N-O_dim1_nx4_ny3_persistence,phhist_C-H-N-O_dim1_nx4_ny4_persistence,phhist_C-H-N-O_dim1_nx4_ny5_persistence,phhist_C-H-N-O_dim1_nx4_ny6_persistence,phhist_C-H-N-O_dim1_nx4_ny7_persistence,phhist_C-H-N-O_dim1_nx4_ny8_persistence,phhist_C-H-N-O_dim1_nx4_ny9_persistence,phhist_C-H-N-O_dim1_nx5_ny0_persistence,phhist_C-H-N-O_dim1_nx5_ny1_persistence,phhist_C-H-N-O_dim1_nx5_ny2_persistence,phhist_C-H-N-O_dim1_nx5_ny3_persistence,phhist_C-H-N-O_dim1_nx5_ny4_persistence,phhist_C-H-N-O_dim1_nx5_ny5_persistence,phhist_C-H-N-O_dim1_nx5_ny6_persistence,phhist_C-H-N-O_dim1_nx5_ny7_persistence,phhist_C-H-N-O_dim1_nx5_ny8_persistence,phhist_C-H-N-O_dim1_nx5_ny9_persistence,phhist_C-H-N-O_dim1_nx6_ny0_persistence,phhist_C-H-N-O_dim1_nx6_ny1_persistence,phhist_C-H-N-O_dim1_nx6_ny2_persistence,phhist_C-H-N-O_dim1_nx6_ny3_persistence,phhist_C-H-N-O_dim1_nx6_ny4_persistence,phhist_C-H-N-O_dim1_nx6_ny5_persistence,phhist_C-H-N-O_dim1_nx6_ny6_persistence,phhist_C-H-N-O_dim1_nx6_ny7_persistence,phhist_C-H-N-O_dim1_nx6_ny8_persistence,phhist_C-H-N-O_dim1_nx6_ny9_persistence,phhist_C-H-N-O_dim1_nx7_ny0_persistence,phhist_C-H-N-O_dim1_nx7_ny1_persistence,phhist_C-H-N-O_dim1_nx7_ny2_persistence,phhist_C-H-N-O_dim1_nx7_ny3_persistence,phhist_C-H-N-O_dim1_nx7_ny4_persistence,phhist_C-H-N-O_dim1_nx7_ny5_persistence,phhist_C-H-N-O_dim1_nx7_ny6_persistence,phhist_C-H-N-O_dim1_nx7_ny7_persistence,phhist_C-H-N-O_dim1_nx7_ny8_persistence,phhist_C-H-N-O_dim1_nx7_ny9_persistence,phhist_C-H-N-O_dim1_nx8_ny0_persistence,phhist_C-H-N-O_dim1_nx8_ny1_persistence,phhist_C-H-N-O_dim1_nx8_ny2_persistence,phhist_C-H-N-O_dim1_nx8_ny3_persistence,phhist_C-H-N-O_dim1_nx8_ny4_persistence,phhist_C-H-N-O_dim1_nx8_ny5_persistence,phhist_C-H-N-O_dim1_nx8_ny6_persistence,phhist_C-H-N-O_dim1_nx8_ny7_persistence,phhist_C-H-N-O_dim1_nx8_ny8_persistence,phhist_C-H-N-O_dim1_nx8_ny9_persistence,phhist_C-H-N-O_dim1_nx9_ny0_persistence,phhist_C-H-N-O_dim1_nx9_ny1_persistence,phhist_C-H-N-O_dim1_nx9_ny2_persistence,phhist_C-H-N-O_dim1_nx9_ny3_persistence,phhist_C-H-N-O_dim1_nx9_ny4_persistence,phhist_C-H-N-O_dim1_nx9_ny5_persistence,phhist_C-H-N-O_dim1_nx9_ny6_persistence,phhist_C-H-N-O_dim1_nx9_ny7_persistence,phhist_C-H-N-O_dim1_nx9_ny8_persistence,phhist_C-H-N-O_dim1_nx9_ny9_persistence,phhist_C-H-N-O_dim2_nx0_ny0_persistence,phhist_C-H-N-O_dim2_nx0_ny1_persistence,phhist_C-H-N-O_dim2_nx0_ny2_persistence,phhist_C-H-N-O_dim2_nx0_ny3_persistence,phhist_C-H-N-O_dim2_nx0_ny4_persistence,phhist_C-H-N-O_dim2_nx0_ny5_persistence,phhist_C-H-N-O_dim2_nx0_ny6_persistence,phhist_C-H-N-O_dim2_nx0_ny7_persistence,phhist_C-H-N-O_dim2_nx0_ny8_persistence,phhist_C-H-N-O_dim2_nx0_ny9_persistence,phhist_C-H-N-O_dim2_nx1_ny0_persistence,phhist_C-H-N-O_dim2_nx1_ny1_persistence,phhist_C-H-N-O_dim2_nx1_ny2_persistence,phhist_C-H-N-O_dim2_nx1_ny3_persistence,phhist_C-H-N-O_dim2_nx1_ny4_persistence,phhist_C-H-N-O_dim2_nx1_ny5_persistence,phhist_C-H-N-O_dim2_nx1_ny6_persistence,phhist_C-H-N-O_dim2_nx1_ny7_persistence,phhist_C-H-N-O_dim2_nx1_ny8_persistence,phhist_C-H-N-O_dim2_nx1_ny9_persistence,phhist_C-H-N-O_dim2_nx2_ny0_persistence,phhist_C-H-N-O_dim2_nx2_ny1_persistence,phhist_C-H-N-O_dim2_nx2_ny2_persistence,phhist_C-H-N-O_dim2_nx2_ny3_persistence,phhist_C-H-N-O_dim2_nx2_ny4_persistence,phhist_C-H-N-O_dim2_nx2_ny5_persistence,phhist_C-H-N-O_dim2_nx2_ny6_persistence,phhist_C-H-N-O_dim2_nx2_ny7_persistence,phhist_C-H-N-O_dim2_nx2_ny8_persistence,phhist_C-H-N-O_dim2_nx2_ny9_persistence,phhist_C-H-N-O_dim2_nx3_ny0_persistence,phhist_C-H-N-O_dim2_nx3_ny1_persistence,phhist_C-H-N-O_dim2_nx3_ny2_persistence,phhist_C-H-N-O_dim2_nx3_ny3_persistence,phhist_C-H-N-O_dim2_nx3_ny4_persistence,phhist_C-H-N-O_dim2_nx3_ny5_persistence,phhist_C-H-N-O_dim2_nx3_ny6_persistence,phhist_C-H-N-O_dim2_nx3_ny7_persistence,phhist_C-H-N-O_dim2_nx3_ny8_persistence,phhist_C-H-N-O_dim2_nx3_ny9_persistence,phhist_C-H-N-O_dim2_nx4_ny0_persistence,phhist_C-H-N-O_dim2_nx4_ny1_persistence,phhist_C-H-N-O_dim2_nx4_ny2_persistence,phhist_C-H-N-O_dim2_nx4_ny3_persistence,phhist_C-H-N-O_dim2_nx4_ny4_persistence,phhist_C-H-N-O_dim2_nx4_ny5_persistence,phhist_C-H-N-O_dim2_nx4_ny6_persistence,phhist_C-H-N-O_dim2_nx4_ny7_persistence,phhist_C-H-N-O_dim2_nx4_ny8_persistence,phhist_C-H-N-O_dim2_nx4_ny9_persistence,phhist_C-H-N-O_dim2_nx5_ny0_persistence,phhist_C-H-N-O_dim2_nx5_ny1_persistence,phhist_C-H-N-O_dim2_nx5_ny2_persistence,phhist_C-H-N-O_dim2_nx5_ny3_persistence,phhist_C-H-N-O_dim2_nx5_ny4_persistence,phhist_C-H-N-O_dim2_nx5_ny5_persistence,phhist_C-H-N-O_dim2_nx5_ny6_persistence,phhist_C-H-N-O_dim2_nx5_ny7_persistence,phhist_C-H-N-O_dim2_nx5_ny8_persistence,phhist_C-H-N-O_dim2_nx5_ny9_persistence,phhist_C-H-N-O_dim2_nx6_ny0_persistence,phhist_C-H-N-O_dim2_nx6_ny1_persistence,phhist_C-H-N-O_dim2_nx6_ny2_persistence,phhist_C-H-N-O_dim2_nx6_ny3_persistence,phhist_C-H-N-O_dim2_nx6_ny4_persistence,phhist_C-H-N-O_dim2_nx6_ny5_persistence,phhist_C-H-N-O_dim2_nx6_ny6_persistence,phhist_C-H-N-O_dim2_nx6_ny7_persistence,phhist_C-H-N-O_dim2_nx6_ny8_persistence,phhist_C-H-N-O_dim2_nx6_ny9_persistence,phhist_C-H-N-O_dim2_nx7_ny0_persistence,phhist_C-H-N-O_dim2_nx7_ny1_persistence,phhist_C-H-N-O_dim2_nx7_ny2_persistence,phhist_C-H-N-O_dim2_nx7_ny3_persistence,phhist_C-H-N-O_dim2_nx7_ny4_persistence,phhist_C-H-N-O_dim2_nx7_ny5_persistence,phhist_C-H-N-O_dim2_nx7_ny6_persistence,phhist_C-H-N-O_dim2_nx7_ny7_persistence,phhist_C-H-N-O_dim2_nx7_ny8_persistence,phhist_C-H-N-O_dim2_nx7_ny9_persistence,phhist_C-H-N-O_dim2_nx8_ny0_persistence,phhist_C-H-N-O_dim2_nx8_ny1_persistence,phhist_C-H-N-O_dim2_nx8_ny2_persistence,phhist_C-H-N-O_dim2_nx8_ny3_persistence,phhist_C-H-N-O_dim2_nx8_ny4_persistence,phhist_C-H-N-O_dim2_nx8_ny5_persistence,phhist_C-H-N-O_dim2_nx8_ny6_persistence,phhist_C-H-N-O_dim2_nx8_ny7_persistence,phhist_C-H-N-O_dim2_nx8_ny8_persistence,phhist_C-H-N-O_dim2_nx8_ny9_persistence,phhist_C-H-N-O_dim2_nx9_ny0_persistence,phhist_C-H-N-O_dim2_nx9_ny1_persistence,phhist_C-H-N-O_dim2_nx9_ny2_persistence,phhist_C-H-N-O_dim2_nx9_ny3_persistence,phhist_C-H-N-O_dim2_nx9_ny4_persistence,phhist_C-H-N-O_dim2_nx9_ny5_persistence,phhist_C-H-N-O_dim2_nx9_ny6_persistence,phhist_C-H-N-O_dim2_nx9_ny7_persistence,phhist_C-H-N-O_dim2_nx9_ny8_persistence,phhist_C-H-N-O_dim2_nx9_ny9_persistence,phhist_F-Cl-Br-I_dim1_nx0_ny0_persistence,phhist_F-Cl-Br-I_dim1_nx0_ny1_persistence,phhist_F-Cl-Br-I_dim1_nx0_ny2_persistence,phhist_F-Cl-Br-I_dim1_nx0_ny3_persistence,phhist_F-Cl-Br-I_dim1_nx0_ny4_persistence,phhist_F-Cl-Br-I_dim1_nx0_ny5_persistence,phhist_F-Cl-Br-I_dim1_nx0_ny6_persistence,phhist_F-Cl-Br-I_dim1_nx0_ny7_persistence,phhist_F-Cl-Br-I_dim1_nx0_ny8_persistence,phhist_F-Cl-Br-I_dim1_nx0_ny9_persistence,phhist_F-Cl-Br-I_dim1_nx1_ny0_persistence,phhist_F-Cl-Br-I_dim1_nx1_ny1_persistence,phhist_F-Cl-Br-I_dim1_nx1_ny2_persistence,phhist_F-Cl-Br-I_dim1_nx1_ny3_persistence,phhist_F-Cl-Br-I_dim1_nx1_ny4_persistence,phhist_F-Cl-Br-I_dim1_nx1_ny5_persistence,phhist_F-Cl-Br-I_dim1_nx1_ny6_persistence,phhist_F-Cl-Br-I_dim1_nx1_ny7_persistence,phhist_F-Cl-Br-I_dim1_nx1_ny8_persistence,phhist_F-Cl-Br-I_dim1_nx1_ny9_persistence,phhist_F-Cl-Br-I_dim1_nx2_ny0_persistence,phhist_F-Cl-Br-I_dim1_nx2_ny1_persistence,phhist_F-Cl-Br-I_dim1_nx2_ny2_persistence,phhist_F-Cl-Br-I_dim1_nx2_ny3_persistence,phhist_F-Cl-Br-I_dim1_nx2_ny4_persistence,phhist_F-Cl-Br-I_dim1_nx2_ny5_persistence,phhist_F-Cl-Br-I_dim1_nx2_ny6_persistence,phhist_F-Cl-Br-I_dim1_nx2_ny7_persistence,phhist_F-Cl-Br-I_dim1_nx2_ny8_persistence,phhist_F-Cl-Br-I_dim1_nx2_ny9_persistence,phhist_F-Cl-Br-I_dim1_nx3_ny0_persistence,phhist_F-Cl-Br-I_dim1_nx3_ny1_persistence,phhist_F-Cl-Br-I_dim1_nx3_ny2_persistence,phhist_F-Cl-Br-I_dim1_nx3_ny3_persistence,phhist_F-Cl-Br-I_dim1_nx3_ny4_persistence,phhist_F-Cl-Br-I_dim1_nx3_ny5_persistence,phhist_F-Cl-Br-I_dim1_nx3_ny6_persistence,phhist_F-Cl-Br-I_dim1_nx3_ny7_persistence,phhist_F-Cl-Br-I_dim1_nx3_ny8_persistence,phhist_F-Cl-Br-I_dim1_nx3_ny9_persistence,phhist_F-Cl-Br-I_dim1_nx4_ny0_persistence,phhist_F-Cl-Br-I_dim1_nx4_ny1_persistence,phhist_F-Cl-Br-I_dim1_nx4_ny2_persistence,phhist_F-Cl-Br-I_dim1_nx4_ny3_persistence,phhist_F-Cl-Br-I_dim1_nx4_ny4_persistence,phhist_F-Cl-Br-I_dim1_nx4_ny5_persistence,phhist_F-Cl-Br-I_dim1_nx4_ny6_persistence,phhist_F-Cl-Br-I_dim1_nx4_ny7_persistence,phhist_F-Cl-Br-I_dim1_nx4_ny8_persistence,phhist_F-Cl-Br-I_dim1_nx4_ny9_persistence,phhist_F-Cl-Br-I_dim1_nx5_ny0_persistence,phhist_F-Cl-Br-I_dim1_nx5_ny1_persistence,phhist_F-Cl-Br-I_dim1_nx5_ny2_persistence,phhist_F-Cl-Br-I_dim1_nx5_ny3_persistence,phhist_F-Cl-Br-I_dim1_nx5_ny4_persistence,phhist_F-Cl-Br-I_dim1_nx5_ny5_persistence,phhist_F-Cl-Br-I_dim1_nx5_ny6_persistence,phhist_F-Cl-Br-I_dim1_nx5_ny7_persistence,phhist_F-Cl-Br-I_dim1_nx5_ny8_persistence,phhist_F-Cl-Br-I_dim1_nx5_ny9_persistence,phhist_F-Cl-Br-I_dim1_nx6_ny0_persistence,phhist_F-Cl-Br-I_dim1_nx6_ny1_persistence,phhist_F-Cl-Br-I_dim1_nx6_ny2_persistence,phhist_F-Cl-Br-I_dim1_nx6_ny3_persistence,phhist_F-Cl-Br-I_dim1_nx6_ny4_persistence,phhist_F-Cl-Br-I_dim1_nx6_ny5_persistence,phhist_F-Cl-Br-I_dim1_nx6_ny6_persistence,phhist_F-Cl-Br-I_dim1_nx6_ny7_persistence,phhist_F-Cl-Br-I_dim1_nx6_ny8_persistence,phhist_F-Cl-Br-I_dim1_nx6_ny9_persistence,phhist_F-Cl-Br-I_dim1_nx7_ny0_persistence,phhist_F-Cl-Br-I_dim1_nx7_ny1_persistence,phhist_F-Cl-Br-I_dim1_nx7_ny2_persistence,phhist_F-Cl-Br-I_dim1_nx7_ny3_persistence,phhist_F-Cl-Br-I_dim1_nx7_ny4_persistence,phhist_F-Cl-Br-I_dim1_nx7_ny5_persistence,phhist_F-Cl-Br-I_dim1_nx7_ny6_persistence,phhist_F-Cl-Br-I_dim1_nx7_ny7_persistence,phhist_F-Cl-Br-I_dim1_nx7_ny8_persistence,phhist_F-Cl-Br-I_dim1_nx7_ny9_persistence,phhist_F-Cl-Br-I_dim1_nx8_ny0_persistence,phhist_F-Cl-Br-I_dim1_nx8_ny1_persistence,phhist_F-Cl-Br-I_dim1_nx8_ny2_persistence,phhist_F-Cl-Br-I_dim1_nx8_ny3_persistence,phhist_F-Cl-Br-I_dim1_nx8_ny4_persistence,phhist_F-Cl-Br-I_dim1_nx8_ny5_persistence,phhist_F-Cl-Br-I_dim1_nx8_ny6_persistence,phhist_F-Cl-Br-I_dim1_nx8_ny7_persistence,phhist_F-Cl-Br-I_dim1_nx8_ny8_persistence,phhist_F-Cl-Br-I_dim1_nx8_ny9_persistence,phhist_F-Cl-Br-I_dim1_nx9_ny0_persistence,phhist_F-Cl-Br-I_dim1_nx9_ny1_persistence,phhist_F-Cl-Br-I_dim1_nx9_ny2_persistence,phhist_F-Cl-Br-I_dim1_nx9_ny3_persistence,phhist_F-Cl-Br-I_dim1_nx9_ny4_persistence,phhist_F-Cl-Br-I_dim1_nx9_ny5_persistence,phhist_F-Cl-Br-I_dim1_nx9_ny6_persistence,phhist_F-Cl-Br-I_dim1_nx9_ny7_persistence,phhist_F-Cl-Br-I_dim1_nx9_ny8_persistence,phhist_F-Cl-Br-I_dim1_nx9_ny9_persistence,phhist_F-Cl-Br-I_dim2_nx0_ny0_persistence,phhist_F-Cl-Br-I_dim2_nx0_ny1_persistence,phhist_F-Cl-Br-I_dim2_nx0_ny2_persistence,phhist_F-Cl-Br-I_dim2_nx0_ny3_persistence,phhist_F-Cl-Br-I_dim2_nx0_ny4_persistence,phhist_F-Cl-Br-I_dim2_nx0_ny5_persistence,phhist_F-Cl-Br-I_dim2_nx0_ny6_persistence,phhist_F-Cl-Br-I_dim2_nx0_ny7_persistence,phhist_F-Cl-Br-I_dim2_nx0_ny8_persistence,phhist_F-Cl-Br-I_dim2_nx0_ny9_persistence,phhist_F-Cl-Br-I_dim2_nx1_ny0_persistence,phhist_F-Cl-Br-I_dim2_nx1_ny1_persistence,phhist_F-Cl-Br-I_dim2_nx1_ny2_persistence,phhist_F-Cl-Br-I_dim2_nx1_ny3_persistence,phhist_F-Cl-Br-I_dim2_nx1_ny4_persistence,phhist_F-Cl-Br-I_dim2_nx1_ny5_persistence,phhist_F-Cl-Br-I_dim2_nx1_ny6_persistence,phhist_F-Cl-Br-I_dim2_nx1_ny7_persistence,phhist_F-Cl-Br-I_dim2_nx1_ny8_persistence,phhist_F-Cl-Br-I_dim2_nx1_ny9_persistence,phhist_F-Cl-Br-I_dim2_nx2_ny0_persistence,phhist_F-Cl-Br-I_dim2_nx2_ny1_persistence,phhist_F-Cl-Br-I_dim2_nx2_ny2_persistence,phhist_F-Cl-Br-I_dim2_nx2_ny3_persistence,phhist_F-Cl-Br-I_dim2_nx2_ny4_persistence,phhist_F-Cl-Br-I_dim2_nx2_ny5_persistence,phhist_F-Cl-Br-I_dim2_nx2_ny6_persistence,phhist_F-Cl-Br-I_dim2_nx2_ny7_persistence,phhist_F-Cl-Br-I_dim2_nx2_ny8_persistence,phhist_F-Cl-Br-I_dim2_nx2_ny9_persistence,phhist_F-Cl-Br-I_dim2_nx3_ny0_persistence,phhist_F-Cl-Br-I_dim2_nx3_ny1_persistence,phhist_F-Cl-Br-I_dim2_nx3_ny2_persistence,phhist_F-Cl-Br-I_dim2_nx3_ny3_persistence,phhist_F-Cl-Br-I_dim2_nx3_ny4_persistence,phhist_F-Cl-Br-I_dim2_nx3_ny5_persistence,phhist_F-Cl-Br-I_dim2_nx3_ny6_persistence,phhist_F-Cl-Br-I_dim2_nx3_ny7_persistence,phhist_F-Cl-Br-I_dim2_nx3_ny8_persistence,phhist_F-Cl-Br-I_dim2_nx3_ny9_persistence,phhist_F-Cl-Br-I_dim2_nx4_ny0_persistence,phhist_F-Cl-Br-I_dim2_nx4_ny1_persistence,phhist_F-Cl-Br-I_dim2_nx4_ny2_persistence,phhist_F-Cl-Br-I_dim2_nx4_ny3_persistence,phhist_F-Cl-Br-I_dim2_nx4_ny4_persistence,phhist_F-Cl-Br-I_dim2_nx4_ny5_persistence,phhist_F-Cl-Br-I_dim2_nx4_ny6_persistence,phhist_F-Cl-Br-I_dim2_nx4_ny7_persistence,phhist_F-Cl-Br-I_dim2_nx4_ny8_persistence,phhist_F-Cl-Br-I_dim2_nx4_ny9_persistence,phhist_F-Cl-Br-I_dim2_nx5_ny0_persistence,phhist_F-Cl-Br-I_dim2_nx5_ny1_persistence,phhist_F-Cl-Br-I_dim2_nx5_ny2_persistence,phhist_F-Cl-Br-I_dim2_nx5_ny3_persistence,phhist_F-Cl-Br-I_dim2_nx5_ny4_persistence,phhist_F-Cl-Br-I_dim2_nx5_ny5_persistence,phhist_F-Cl-Br-I_dim2_nx5_ny6_persistence,phhist_F-Cl-Br-I_dim2_nx5_ny7_persistence,phhist_F-Cl-Br-I_dim2_nx5_ny8_persistence,phhist_F-Cl-Br-I_dim2_nx5_ny9_persistence,phhist_F-Cl-Br-I_dim2_nx6_ny0_persistence,phhist_F-Cl-Br-I_dim2_nx6_ny1_persistence,phhist_F-Cl-Br-I_dim2_nx6_ny2_persistence,phhist_F-Cl-Br-I_dim2_nx6_ny3_persistence,phhist_F-Cl-Br-I_dim2_nx6_ny4_persistence,phhist_F-Cl-Br-I_dim2_nx6_ny5_persistence,phhist_F-Cl-Br-I_dim2_nx6_ny6_persistence,phhist_F-Cl-Br-I_dim2_nx6_ny7_persistence,phhist_F-Cl-Br-I_dim2_nx6_ny8_persistence,phhist_F-Cl-Br-I_dim2_nx6_ny9_persistence,phhist_F-Cl-Br-I_dim2_nx7_ny0_persistence,phhist_F-Cl-Br-I_dim2_nx7_ny1_persistence,phhist_F-Cl-Br-I_dim2_nx7_ny2_persistence,phhist_F-Cl-Br-I_dim2_nx7_ny3_persistence,phhist_F-Cl-Br-I_dim2_nx7_ny4_persistence,phhist_F-Cl-Br-I_dim2_nx7_ny5_persistence,phhist_F-Cl-Br-I_dim2_nx7_ny6_persistence,phhist_F-Cl-Br-I_dim2_nx7_ny7_persistence,phhist_F-Cl-Br-I_dim2_nx7_ny8_persistence,phhist_F-Cl-Br-I_dim2_nx7_ny9_persistence,phhist_F-Cl-Br-I_dim2_nx8_ny0_persistence,phhist_F-Cl-Br-I_dim2_nx8_ny1_persistence,phhist_F-Cl-Br-I_dim2_nx8_ny2_persistence,phhist_F-Cl-Br-I_dim2_nx8_ny3_persistence,phhist_F-Cl-Br-I_dim2_nx8_ny4_persistence,phhist_F-Cl-Br-I_dim2_nx8_ny5_persistence,phhist_F-Cl-Br-I_dim2_nx8_ny6_persistence,phhist_F-Cl-Br-I_dim2_nx8_ny7_persistence,phhist_F-Cl-Br-I_dim2_nx8_ny8_persistence,phhist_F-Cl-Br-I_dim2_nx8_ny9_persistence,phhist_F-Cl-Br-I_dim2_nx9_ny0_persistence,phhist_F-Cl-Br-I_dim2_nx9_ny1_persistence,phhist_F-Cl-Br-I_dim2_nx9_ny2_persistence,phhist_F-Cl-Br-I_dim2_nx9_ny3_persistence,phhist_F-Cl-Br-I_dim2_nx9_ny4_persistence,phhist_F-Cl-Br-I_dim2_nx9_ny5_persistence,phhist_F-Cl-Br-I_dim2_nx9_ny6_persistence,phhist_F-Cl-Br-I_dim2_nx9_ny7_persistence,phhist_F-Cl-Br-I_dim2_nx9_ny8_persistence,phhist_F-Cl-Br-I_dim2_nx9_ny9_persistence,phhist_Cu-Mn-Ni-Mo-Fe-Pt-Zn-Ca-Er-Au-Cd-Co-Gd-Na-Sm-Eu-Tb-V-Ag-Nd-U-Ba-Ce-K-Ga-Cr-Al-Li-Sc-Ru-In-Mg-Zr-Dy-W-Yb-Y-Ho-Re-Be-Rb-La-Sn-Cs-Pb-Pr-Bi-Tm-Sr-Ti-Hf-Ir-Nb-Pd-Hg-Th-Np-Lu-Rh-Pu_dim1_nx0_ny0_persistence,phhist_Cu-Mn-Ni-Mo-Fe-Pt-Zn-Ca-Er-Au-Cd-Co-Gd-Na-Sm-Eu-Tb-V-Ag-Nd-U-Ba-Ce-K-Ga-Cr-Al-Li-Sc-Ru-In-Mg-Zr-Dy-W-Yb-Y-Ho-Re-Be-Rb-La-Sn-Cs-Pb-Pr-Bi-Tm-Sr-Ti-Hf-Ir-Nb-Pd-Hg-Th-Np-Lu-Rh-Pu_dim1_nx0_ny1_persistence,phhist_Cu-Mn-Ni-Mo-Fe-Pt-Zn-Ca-Er-Au-Cd-Co-Gd-Na-Sm-Eu-Tb-V-Ag-Nd-U-Ba-Ce-K-Ga-Cr-Al-Li-Sc-Ru-In-Mg-Zr-Dy-W-Yb-Y-Ho-Re-Be-Rb-La-Sn-Cs-Pb-Pr-Bi-Tm-Sr-Ti-Hf-Ir-Nb-Pd-Hg-Th-Np-Lu-Rh-Pu_dim1_nx0_ny2_persistence,phhist_Cu-Mn-Ni-Mo-Fe-Pt-Zn-Ca-Er-Au-Cd-Co-Gd-Na-Sm-Eu-Tb-V-Ag-Nd-U-Ba-Ce-K-Ga-Cr-Al-Li-Sc-Ru-In-Mg-Zr-Dy-W-Yb-Y-Ho-Re-Be-Rb-La-Sn-Cs-Pb-Pr-Bi-Tm-Sr-Ti-Hf-Ir-Nb-Pd-Hg-Th-Np-Lu-Rh-Pu_dim1_nx0_ny3_persistence,phhist_Cu-Mn-Ni-Mo-Fe-Pt-Zn-Ca-Er-Au-Cd-Co-Gd-Na-Sm-Eu-Tb-V-Ag-Nd-U-Ba-Ce-K-Ga-Cr-Al-Li-Sc-Ru-In-Mg-Zr-Dy-W-Yb-Y-Ho-Re-Be-Rb-La-Sn-Cs-Pb-Pr-Bi-Tm-Sr-Ti-Hf-Ir-Nb-Pd-Hg-Th-Np-Lu-Rh-Pu_dim1_nx0_ny4_persistence,phhist_Cu-Mn-Ni-Mo-Fe-Pt-Zn-Ca-Er-Au-Cd-Co-Gd-Na-Sm-Eu-Tb-V-Ag-Nd-U-Ba-Ce-K-Ga-Cr-Al-Li-Sc-Ru-In-Mg-Zr-Dy-W-Yb-Y-Ho-Re-Be-Rb-La-Sn-Cs-Pb-Pr-Bi-Tm-Sr-Ti-Hf-Ir-Nb-Pd-Hg-Th-Np-Lu-Rh-Pu_dim1_nx0_ny5_persistence,phhist_Cu-Mn-Ni-Mo-Fe-Pt-Zn-Ca-Er-Au-Cd-Co-Gd-Na-Sm-Eu-Tb-V-Ag-Nd-U-Ba-Ce-K-Ga-Cr-Al-Li-Sc-Ru-In-Mg-Zr-Dy-W-Yb-Y-Ho-Re-Be-Rb-La-Sn-Cs-Pb-Pr-Bi-Tm-Sr-Ti-Hf-Ir-Nb-Pd-Hg-Th-Np-Lu-Rh-Pu_dim1_nx0_ny6_persistence,phhist_Cu-Mn-Ni-Mo-Fe-Pt-Zn-Ca-Er-Au-Cd-Co-Gd-Na-Sm-Eu-Tb-V-Ag-Nd-U-Ba-Ce-K-Ga-Cr-Al-Li-Sc-Ru-In-Mg-Zr-Dy-W-Yb-Y-Ho-Re-Be-Rb-La-Sn-Cs-Pb-Pr-Bi-Tm-Sr-Ti-Hf-Ir-Nb-Pd-Hg-Th-Np-Lu-Rh-Pu_dim1_nx0_ny7_persistence,phhist_Cu-Mn-Ni-Mo-Fe-Pt-Zn-Ca-Er-Au-Cd-Co-Gd-Na-Sm-Eu-Tb-V-Ag-Nd-U-Ba-Ce-K-Ga-Cr-Al-Li-Sc-Ru-In-Mg-Zr-Dy-W-Yb-Y-Ho-Re-Be-Rb-La-Sn-Cs-Pb-Pr-Bi-Tm-Sr-Ti-Hf-Ir-Nb-Pd-Hg-Th-Np-Lu-Rh-Pu_dim1_nx0_ny8_persistence,phhist_Cu-Mn-Ni-Mo-Fe-Pt-Zn-Ca-Er-Au-Cd-Co-Gd-Na-Sm-Eu-Tb-V-Ag-Nd-U-Ba-Ce-K-Ga-Cr-Al-Li-Sc-Ru-In-Mg-Zr-Dy-W-Yb-Y-Ho-Re-Be-Rb-La-Sn-Cs-Pb-Pr-Bi-Tm-Sr-Ti-Hf-Ir-Nb-Pd-Hg-Th-Np-Lu-Rh-Pu_dim1_nx0_ny9_persistence,phhist_Cu-Mn-Ni-Mo-Fe-Pt-Zn-Ca-Er-Au-Cd-Co-Gd-Na-Sm-Eu-Tb-V-Ag-Nd-U-Ba-Ce-K-Ga-Cr-Al-Li-Sc-Ru-In-Mg-Zr-Dy-W-Yb-Y-Ho-Re-Be-Rb-La-Sn-Cs-Pb-Pr-Bi-Tm-Sr-Ti-Hf-Ir-Nb-Pd-Hg-Th-Np-Lu-Rh-Pu_dim1_nx1_ny0_persistence,phhist_Cu-Mn-Ni-Mo-Fe-Pt-Zn-Ca-Er-Au-Cd-Co-Gd-Na-Sm-Eu-Tb-V-Ag-Nd-U-Ba-Ce-K-Ga-Cr-Al-Li-Sc-Ru-In-Mg-Zr-Dy-W-Yb-Y-Ho-Re-Be-Rb-La-Sn-Cs-Pb-Pr-Bi-Tm-Sr-Ti-Hf-Ir-Nb-Pd-Hg-Th-Np-Lu-Rh-Pu_dim1_nx1_ny1_persistence,phhist_Cu-Mn-Ni-Mo-Fe-Pt-Zn-Ca-Er-Au-Cd-Co-Gd-Na-Sm-Eu-Tb-V-Ag-Nd-U-Ba-Ce-K-Ga-Cr-Al-Li-Sc-Ru-In-Mg-Zr-Dy-W-Yb-Y-Ho-Re-Be-Rb-La-Sn-Cs-Pb-Pr-Bi-Tm-Sr-Ti-Hf-Ir-Nb-Pd-Hg-Th-Np-Lu-Rh-Pu_dim1_nx1_ny2_persistence,phhist_Cu-Mn-Ni-Mo-Fe-Pt-Zn-Ca-Er-Au-Cd-Co-Gd-Na-Sm-Eu-Tb-V-Ag-Nd-U-Ba-Ce-K-Ga-Cr-Al-Li-Sc-Ru-In-Mg-Zr-Dy-W-Yb-Y-Ho-Re-Be-Rb-La-Sn-Cs-Pb-Pr-Bi-Tm-Sr-Ti-Hf-Ir-Nb-Pd-Hg-Th-Np-Lu-Rh-Pu_dim1_nx1_ny3_persistence,phhist_Cu-Mn-Ni-Mo-Fe-Pt-Zn-Ca-Er-Au-Cd-Co-Gd-Na-Sm-Eu-Tb-V-Ag-Nd-U-Ba-Ce-K-Ga-Cr-Al-Li-Sc-Ru-In-Mg-Zr-Dy-W-Yb-Y-Ho-Re-Be-Rb-La-Sn-Cs-Pb-Pr-Bi-Tm-Sr-Ti-Hf-Ir-Nb-Pd-Hg-Th-Np-Lu-Rh-Pu_dim1_nx1_ny4_persistence,phhist_Cu-Mn-Ni-Mo-Fe-Pt-Zn-Ca-Er-Au-Cd-Co-Gd-Na-Sm-Eu-Tb-V-Ag-Nd-U-Ba-Ce-K-Ga-Cr-Al-Li-Sc-Ru-In-Mg-Zr-Dy-W-Yb-Y-Ho-Re-Be-Rb-La-Sn-Cs-Pb-Pr-Bi-Tm-Sr-Ti-Hf-Ir-Nb-Pd-Hg-Th-Np-Lu-Rh-Pu_dim1_nx1_ny5_persistence,phhist_Cu-Mn-Ni-Mo-Fe-Pt-Zn-Ca-Er-Au-Cd-Co-Gd-Na-Sm-Eu-Tb-V-Ag-Nd-U-Ba-Ce-K-Ga-Cr-Al-Li-Sc-Ru-In-Mg-Zr-Dy-W-Yb-Y-Ho-Re-Be-Rb-La-Sn-Cs-Pb-Pr-Bi-Tm-Sr-Ti-Hf-Ir-Nb-Pd-Hg-Th-Np-Lu-Rh-Pu_dim1_nx1_ny6_persistence,phhist_Cu-Mn-Ni-Mo-Fe-Pt-Zn-Ca-Er-Au-Cd-Co-Gd-Na-Sm-Eu-Tb-V-Ag-Nd-U-Ba-Ce-K-Ga-Cr-Al-Li-Sc-Ru-In-Mg-Zr-Dy-W-Yb-Y-Ho-Re-Be-Rb-La-Sn-Cs-Pb-Pr-Bi-Tm-Sr-Ti-Hf-Ir-Nb-Pd-Hg-Th-Np-Lu-Rh-Pu_dim1_nx1_ny7_persistence,phhist_Cu-Mn-Ni-Mo-Fe-Pt-Zn-Ca-Er-Au-Cd-Co-Gd-Na-Sm-Eu-Tb-V-Ag-Nd-U-Ba-Ce-K-Ga-Cr-Al-Li-Sc-Ru-In-Mg-Zr-Dy-W-Yb-Y-Ho-Re-Be-Rb-La-Sn-Cs-Pb-Pr-Bi-Tm-Sr-Ti-Hf-Ir-Nb-Pd-Hg-Th-Np-Lu-Rh-Pu_dim1_nx1_ny8_persistence,phhist_Cu-Mn-Ni-Mo-Fe-Pt-Zn-Ca-Er-Au-Cd-Co-Gd-Na-Sm-Eu-Tb-V-Ag-Nd-U-Ba-Ce-K-Ga-Cr-Al-Li-Sc-Ru-In-Mg-Zr-Dy-W-Yb-Y-Ho-Re-Be-Rb-La-Sn-Cs-Pb-Pr-Bi-Tm-Sr-Ti-Hf-Ir-Nb-Pd-Hg-Th-Np-Lu-Rh-Pu_dim1_nx1_ny9_persistence,phhist_Cu-Mn-Ni-Mo-Fe-Pt-Zn-Ca-Er-Au-Cd-Co-Gd-Na-Sm-Eu-Tb-V-Ag-Nd-U-Ba-Ce-K-Ga-Cr-Al-Li-Sc-Ru-In-Mg-Zr-Dy-W-Yb-Y-Ho-Re-Be-Rb-La-Sn-Cs-Pb-Pr-Bi-Tm-Sr-Ti-Hf-Ir-Nb-Pd-Hg-Th-Np-Lu-Rh-Pu_dim1_nx2_ny0_persistence,phhist_Cu-Mn-Ni-Mo-Fe-Pt-Zn-Ca-Er-Au-Cd-Co-Gd-Na-Sm-Eu-Tb-V-Ag-Nd-U-Ba-Ce-K-Ga-Cr-Al-Li-Sc-Ru-In-Mg-Zr-Dy-W-Yb-Y-Ho-Re-Be-Rb-La-Sn-Cs-Pb-Pr-Bi-Tm-Sr-Ti-Hf-Ir-Nb-Pd-Hg-Th-Np-Lu-Rh-Pu_dim1_nx2_ny1_persistence,phhist_Cu-Mn-Ni-Mo-Fe-Pt-Zn-Ca-Er-Au-Cd-Co-Gd-Na-Sm-Eu-Tb-V-Ag-Nd-U-Ba-Ce-K-Ga-Cr-Al-Li-Sc-Ru-In-Mg-Zr-Dy-W-Yb-Y-Ho-Re-Be-Rb-La-Sn-Cs-Pb-Pr-Bi-Tm-Sr-Ti-Hf-Ir-Nb-Pd-Hg-Th-Np-Lu-Rh-Pu_dim1_nx2_ny2_persistence,phhist_Cu-Mn-Ni-Mo-Fe-Pt-Zn-Ca-Er-Au-Cd-Co-Gd-Na-Sm-Eu-Tb-V-Ag-Nd-U-Ba-Ce-K-Ga-Cr-Al-Li-Sc-Ru-In-Mg-Zr-Dy-W-Yb-Y-Ho-Re-Be-Rb-La-Sn-Cs-Pb-Pr-Bi-Tm-Sr-Ti-Hf-Ir-Nb-Pd-Hg-Th-Np-Lu-Rh-Pu_dim1_nx2_ny3_persistence,phhist_Cu-Mn-Ni-Mo-Fe-Pt-Zn-Ca-Er-Au-Cd-Co-Gd-Na-Sm-Eu-Tb-V-Ag-Nd-U-Ba-Ce-K-Ga-Cr-Al-Li-Sc-Ru-In-Mg-Zr-Dy-W-Yb-Y-Ho-Re-Be-Rb-La-Sn-Cs-Pb-Pr-Bi-Tm-Sr-Ti-Hf-Ir-Nb-Pd-Hg-Th-Np-Lu-Rh-Pu_dim1_nx2_ny4_persistence,phhist_Cu-Mn-Ni-Mo-Fe-Pt-Zn-Ca-Er-Au-Cd-Co-Gd-Na-Sm-Eu-Tb-V-Ag-Nd-U-Ba-Ce-K-Ga-Cr-Al-Li-Sc-Ru-In-Mg-Zr-Dy-W-Yb-Y-Ho-Re-Be-Rb-La-Sn-Cs-Pb-Pr-Bi-Tm-Sr-Ti-Hf-Ir-Nb-Pd-Hg-Th-Np-Lu-Rh-Pu_dim1_nx2_ny5_persistence,phhist_Cu-Mn-Ni-Mo-Fe-Pt-Zn-Ca-Er-Au-Cd-Co-Gd-Na-Sm-Eu-Tb-V-Ag-Nd-U-Ba-Ce-K-Ga-Cr-Al-Li-Sc-Ru-In-Mg-Zr-Dy-W-Yb-Y-Ho-Re-Be-Rb-La-Sn-Cs-Pb-Pr-Bi-Tm-Sr-Ti-Hf-Ir-Nb-Pd-Hg-Th-Np-Lu-Rh-Pu_dim1_nx2_ny6_persistence,phhist_Cu-Mn-Ni-Mo-Fe-Pt-Zn-Ca-Er-Au-Cd-Co-Gd-Na-Sm-Eu-Tb-V-Ag-Nd-U-Ba-Ce-K-Ga-Cr-Al-Li-Sc-Ru-In-Mg-Zr-Dy-W-Yb-Y-Ho-Re-Be-Rb-La-Sn-Cs-Pb-Pr-Bi-Tm-Sr-Ti-Hf-Ir-Nb-Pd-Hg-Th-Np-Lu-Rh-Pu_dim1_nx2_ny7_persistence,phhist_Cu-Mn-Ni-Mo-Fe-Pt-Zn-Ca-Er-Au-Cd-Co-Gd-Na-Sm-Eu-Tb-V-Ag-Nd-U-Ba-Ce-K-Ga-Cr-Al-Li-Sc-Ru-In-Mg-Zr-Dy-W-Yb-Y-Ho-Re-Be-Rb-La-Sn-Cs-Pb-Pr-Bi-Tm-Sr-Ti-Hf-Ir-Nb-Pd-Hg-Th-Np-Lu-Rh-Pu_dim1_nx2_ny8_persistence,phhist_Cu-Mn-Ni-Mo-Fe-Pt-Zn-Ca-Er-Au-Cd-Co-Gd-Na-Sm-Eu-Tb-V-Ag-Nd-U-Ba-Ce-K-Ga-Cr-Al-Li-Sc-Ru-In-Mg-Zr-Dy-W-Yb-Y-Ho-Re-Be-Rb-La-Sn-Cs-Pb-Pr-Bi-Tm-Sr-Ti-Hf-Ir-Nb-Pd-Hg-Th-Np-Lu-Rh-Pu_dim1_nx2_ny9_persistence,phhist_Cu-Mn-Ni-Mo-Fe-Pt-Zn-Ca-Er-Au-Cd-Co-Gd-Na-Sm-Eu-Tb-V-Ag-Nd-U-Ba-Ce-K-Ga-Cr-Al-Li-Sc-Ru-In-Mg-Zr-Dy-W-Yb-Y-Ho-Re-Be-Rb-La-Sn-Cs-Pb-Pr-Bi-Tm-Sr-Ti-Hf-Ir-Nb-Pd-Hg-Th-Np-Lu-Rh-Pu_dim1_nx3_ny0_persistence,phhist_Cu-Mn-Ni-Mo-Fe-Pt-Zn-Ca-Er-Au-Cd-Co-Gd-Na-Sm-Eu-Tb-V-Ag-Nd-U-Ba-Ce-K-Ga-Cr-Al-Li-Sc-Ru-In-Mg-Zr-Dy-W-Yb-Y-Ho-Re-Be-Rb-La-Sn-Cs-Pb-Pr-Bi-Tm-Sr-Ti-Hf-Ir-Nb-Pd-Hg-Th-Np-Lu-Rh-Pu_dim1_nx3_ny1_persistence,phhist_Cu-Mn-Ni-Mo-Fe-Pt-Zn-Ca-Er-Au-Cd-Co-Gd-Na-Sm-Eu-Tb-V-Ag-Nd-U-Ba-Ce-K-Ga-Cr-Al-Li-Sc-Ru-In-Mg-Zr-Dy-W-Yb-Y-Ho-Re-Be-Rb-La-Sn-Cs-Pb-Pr-Bi-Tm-Sr-Ti-Hf-Ir-Nb-Pd-Hg-Th-Np-Lu-Rh-Pu_dim1_nx3_ny2_persistence,phhist_Cu-Mn-Ni-Mo-Fe-Pt-Zn-Ca-Er-Au-Cd-Co-Gd-Na-Sm-Eu-Tb-V-Ag-Nd-U-Ba-Ce-K-Ga-Cr-Al-Li-Sc-Ru-In-Mg-Zr-Dy-W-Yb-Y-Ho-Re-Be-Rb-La-Sn-Cs-Pb-Pr-Bi-Tm-Sr-Ti-Hf-Ir-Nb-Pd-Hg-Th-Np-Lu-Rh-Pu_dim1_nx3_ny3_persistence,phhist_Cu-Mn-Ni-Mo-Fe-Pt-Zn-Ca-Er-Au-Cd-Co-Gd-Na-Sm-Eu-Tb-V-Ag-Nd-U-Ba-Ce-K-Ga-Cr-Al-Li-Sc-Ru-In-Mg-Zr-Dy-W-Yb-Y-Ho-Re-Be-Rb-La-Sn-Cs-Pb-Pr-Bi-Tm-Sr-Ti-Hf-Ir-Nb-Pd-Hg-Th-Np-Lu-Rh-Pu_dim1_nx3_ny4_persistence,phhist_Cu-Mn-Ni-Mo-Fe-Pt-Zn-Ca-Er-Au-Cd-Co-Gd-Na-Sm-Eu-Tb-V-Ag-Nd-U-Ba-Ce-K-Ga-Cr-Al-Li-Sc-Ru-In-Mg-Zr-Dy-W-Yb-Y-Ho-Re-Be-Rb-La-Sn-Cs-Pb-Pr-Bi-Tm-Sr-Ti-Hf-Ir-Nb-Pd-Hg-Th-Np-Lu-Rh-Pu_dim1_nx3_ny5_persistence,phhist_Cu-Mn-Ni-Mo-Fe-Pt-Zn-Ca-Er-Au-Cd-Co-Gd-Na-Sm-Eu-Tb-V-Ag-Nd-U-Ba-Ce-K-Ga-Cr-Al-Li-Sc-Ru-In-Mg-Zr-Dy-W-Yb-Y-Ho-Re-Be-Rb-La-Sn-Cs-Pb-Pr-Bi-Tm-Sr-Ti-Hf-Ir-Nb-Pd-Hg-Th-Np-Lu-Rh-Pu_dim1_nx3_ny6_persistence,phhist_Cu-Mn-Ni-Mo-Fe-Pt-Zn-Ca-Er-Au-Cd-Co-Gd-Na-Sm-Eu-Tb-V-Ag-Nd-U-Ba-Ce-K-Ga-Cr-Al-Li-Sc-Ru-In-Mg-Zr-Dy-W-Yb-Y-Ho-Re-Be-Rb-La-Sn-Cs-Pb-Pr-Bi-Tm-Sr-Ti-Hf-Ir-Nb-Pd-Hg-Th-Np-Lu-Rh-Pu_dim1_nx3_ny7_persistence,phhist_Cu-Mn-Ni-Mo-Fe-Pt-Zn-Ca-Er-Au-Cd-Co-Gd-Na-Sm-Eu-Tb-V-Ag-Nd-U-Ba-Ce-K-Ga-Cr-Al-Li-Sc-Ru-In-Mg-Zr-Dy-W-Yb-Y-Ho-Re-Be-Rb-La-Sn-Cs-Pb-Pr-Bi-Tm-Sr-Ti-Hf-Ir-Nb-Pd-Hg-Th-Np-Lu-Rh-Pu_dim1_nx3_ny8_persistence,phhist_Cu-Mn-Ni-Mo-Fe-Pt-Zn-Ca-Er-Au-Cd-Co-Gd-Na-Sm-Eu-Tb-V-Ag-Nd-U-Ba-Ce-K-Ga-Cr-Al-Li-Sc-Ru-In-Mg-Zr-Dy-W-Yb-Y-Ho-Re-Be-Rb-La-Sn-Cs-Pb-Pr-Bi-Tm-Sr-Ti-Hf-Ir-Nb-Pd-Hg-Th-Np-Lu-Rh-Pu_dim1_nx3_ny9_persistence,phhist_Cu-Mn-Ni-Mo-Fe-Pt-Zn-Ca-Er-Au-Cd-Co-Gd-Na-Sm-Eu-Tb-V-Ag-Nd-U-Ba-Ce-K-Ga-Cr-Al-Li-Sc-Ru-In-Mg-Zr-Dy-W-Yb-Y-Ho-Re-Be-Rb-La-Sn-Cs-Pb-Pr-Bi-Tm-Sr-Ti-Hf-Ir-Nb-Pd-Hg-Th-Np-Lu-Rh-Pu_dim1_nx4_ny0_persistence,phhist_Cu-Mn-Ni-Mo-Fe-Pt-Zn-Ca-Er-Au-Cd-Co-Gd-Na-Sm-Eu-Tb-V-Ag-Nd-U-Ba-Ce-K-Ga-Cr-Al-Li-Sc-Ru-In-Mg-Zr-Dy-W-Yb-Y-Ho-Re-Be-Rb-La-Sn-Cs-Pb-Pr-Bi-Tm-Sr-Ti-Hf-Ir-Nb-Pd-Hg-Th-Np-Lu-Rh-Pu_dim1_nx4_ny1_persistence,phhist_Cu-Mn-Ni-Mo-Fe-Pt-Zn-Ca-Er-Au-Cd-Co-Gd-Na-Sm-Eu-Tb-V-Ag-Nd-U-Ba-Ce-K-Ga-Cr-Al-Li-Sc-Ru-In-Mg-Zr-Dy-W-Yb-Y-Ho-Re-Be-Rb-La-Sn-Cs-Pb-Pr-Bi-Tm-Sr-Ti-Hf-Ir-Nb-Pd-Hg-Th-Np-Lu-Rh-Pu_dim1_nx4_ny2_persistence,phhist_Cu-Mn-Ni-Mo-Fe-Pt-Zn-Ca-Er-Au-Cd-Co-Gd-Na-Sm-Eu-Tb-V-Ag-Nd-U-Ba-Ce-K-Ga-Cr-Al-Li-Sc-Ru-In-Mg-Zr-Dy-W-Yb-Y-Ho-Re-Be-Rb-La-Sn-Cs-Pb-Pr-Bi-Tm-Sr-Ti-Hf-Ir-Nb-Pd-Hg-Th-Np-Lu-Rh-Pu_dim1_nx4_ny3_persistence,phhist_Cu-Mn-Ni-Mo-Fe-Pt-Zn-Ca-Er-Au-Cd-Co-Gd-Na-Sm-Eu-Tb-V-Ag-Nd-U-Ba-Ce-K-Ga-Cr-Al-Li-Sc-Ru-In-Mg-Zr-Dy-W-Yb-Y-Ho-Re-Be-Rb-La-Sn-Cs-Pb-Pr-Bi-Tm-Sr-Ti-Hf-Ir-Nb-Pd-Hg-Th-Np-Lu-Rh-Pu_dim1_nx4_ny4_persistence,phhist_Cu-Mn-Ni-Mo-Fe-Pt-Zn-Ca-Er-Au-Cd-Co-Gd-Na-Sm-Eu-Tb-V-Ag-Nd-U-Ba-Ce-K-Ga-Cr-Al-Li-Sc-Ru-In-Mg-Zr-Dy-W-Yb-Y-Ho-Re-Be-Rb-La-Sn-Cs-Pb-Pr-Bi-Tm-Sr-Ti-Hf-Ir-Nb-Pd-Hg-Th-Np-Lu-Rh-Pu_dim1_nx4_ny5_persistence,phhist_Cu-Mn-Ni-Mo-Fe-Pt-Zn-Ca-Er-Au-Cd-Co-Gd-Na-Sm-Eu-Tb-V-Ag-Nd-U-Ba-Ce-K-Ga-Cr-Al-Li-Sc-Ru-In-Mg-Zr-Dy-W-Yb-Y-Ho-Re-Be-Rb-La-Sn-Cs-Pb-Pr-Bi-Tm-Sr-Ti-Hf-Ir-Nb-Pd-Hg-Th-Np-Lu-Rh-Pu_dim1_nx4_ny6_persistence,phhist_Cu-Mn-Ni-Mo-Fe-Pt-Zn-Ca-Er-Au-Cd-Co-Gd-Na-Sm-Eu-Tb-V-Ag-Nd-U-Ba-Ce-K-Ga-Cr-Al-Li-Sc-Ru-In-Mg-Zr-Dy-W-Yb-Y-Ho-Re-Be-Rb-La-Sn-Cs-Pb-Pr-Bi-Tm-Sr-Ti-Hf-Ir-Nb-Pd-Hg-Th-Np-Lu-Rh-Pu_dim1_nx4_ny7_persistence,phhist_Cu-Mn-Ni-Mo-Fe-Pt-Zn-Ca-Er-Au-Cd-Co-Gd-Na-Sm-Eu-Tb-V-Ag-Nd-U-Ba-Ce-K-Ga-Cr-Al-Li-Sc-Ru-In-Mg-Zr-Dy-W-Yb-Y-Ho-Re-Be-Rb-La-Sn-Cs-Pb-Pr-Bi-Tm-Sr-Ti-Hf-Ir-Nb-Pd-Hg-Th-Np-Lu-Rh-Pu_dim1_nx4_ny8_persistence,phhist_Cu-Mn-Ni-Mo-Fe-Pt-Zn-Ca-Er-Au-Cd-Co-Gd-Na-Sm-Eu-Tb-V-Ag-Nd-U-Ba-Ce-K-Ga-Cr-Al-Li-Sc-Ru-In-Mg-Zr-Dy-W-Yb-Y-Ho-Re-Be-Rb-La-Sn-Cs-Pb-Pr-Bi-Tm-Sr-Ti-Hf-Ir-Nb-Pd-Hg-Th-Np-Lu-Rh-Pu_dim1_nx4_ny9_persistence,phhist_Cu-Mn-Ni-Mo-Fe-Pt-Zn-Ca-Er-Au-Cd-Co-Gd-Na-Sm-Eu-Tb-V-Ag-Nd-U-Ba-Ce-K-Ga-Cr-Al-Li-Sc-Ru-In-Mg-Zr-Dy-W-Yb-Y-Ho-Re-Be-Rb-La-Sn-Cs-Pb-Pr-Bi-Tm-Sr-Ti-Hf-Ir-Nb-Pd-Hg-Th-Np-Lu-Rh-Pu_dim1_nx5_ny0_persistence,phhist_Cu-Mn-Ni-Mo-Fe-Pt-Zn-Ca-Er-Au-Cd-Co-Gd-Na-Sm-Eu-Tb-V-Ag-Nd-U-Ba-Ce-K-Ga-Cr-Al-Li-Sc-Ru-In-Mg-Zr-Dy-W-Yb-Y-Ho-Re-Be-Rb-La-Sn-Cs-Pb-Pr-Bi-Tm-Sr-Ti-Hf-Ir-Nb-Pd-Hg-Th-Np-Lu-Rh-Pu_dim1_nx5_ny1_persistence,phhist_Cu-Mn-Ni-Mo-Fe-Pt-Zn-Ca-Er-Au-Cd-Co-Gd-Na-Sm-Eu-Tb-V-Ag-Nd-U-Ba-Ce-K-Ga-Cr-Al-Li-Sc-Ru-In-Mg-Zr-Dy-W-Yb-Y-Ho-Re-Be-Rb-La-Sn-Cs-Pb-Pr-Bi-Tm-Sr-Ti-Hf-Ir-Nb-Pd-Hg-Th-Np-Lu-Rh-Pu_dim1_nx5_ny2_persistence,phhist_Cu-Mn-Ni-Mo-Fe-Pt-Zn-Ca-Er-Au-Cd-Co-Gd-Na-Sm-Eu-Tb-V-Ag-Nd-U-Ba-Ce-K-Ga-Cr-Al-Li-Sc-Ru-In-Mg-Zr-Dy-W-Yb-Y-Ho-Re-Be-Rb-La-Sn-Cs-Pb-Pr-Bi-Tm-Sr-Ti-Hf-Ir-Nb-Pd-Hg-Th-Np-Lu-Rh-Pu_dim1_nx5_ny3_persistence,phhist_Cu-Mn-Ni-Mo-Fe-Pt-Zn-Ca-Er-Au-Cd-Co-Gd-Na-Sm-Eu-Tb-V-Ag-Nd-U-Ba-Ce-K-Ga-Cr-Al-Li-Sc-Ru-In-Mg-Zr-Dy-W-Yb-Y-Ho-Re-Be-Rb-La-Sn-Cs-Pb-Pr-Bi-Tm-Sr-Ti-Hf-Ir-Nb-Pd-Hg-Th-Np-Lu-Rh-Pu_dim1_nx5_ny4_persistence,phhist_Cu-Mn-Ni-Mo-Fe-Pt-Zn-Ca-Er-Au-Cd-Co-Gd-Na-Sm-Eu-Tb-V-Ag-Nd-U-Ba-Ce-K-Ga-Cr-Al-Li-Sc-Ru-In-Mg-Zr-Dy-W-Yb-Y-Ho-Re-Be-Rb-La-Sn-Cs-Pb-Pr-Bi-Tm-Sr-Ti-Hf-Ir-Nb-Pd-Hg-Th-Np-Lu-Rh-Pu_dim1_nx5_ny5_persistence,phhist_Cu-Mn-Ni-Mo-Fe-Pt-Zn-Ca-Er-Au-Cd-Co-Gd-Na-Sm-Eu-Tb-V-Ag-Nd-U-Ba-Ce-K-Ga-Cr-Al-Li-Sc-Ru-In-Mg-Zr-Dy-W-Yb-Y-Ho-Re-Be-Rb-La-Sn-Cs-Pb-Pr-Bi-Tm-Sr-Ti-Hf-Ir-Nb-Pd-Hg-Th-Np-Lu-Rh-Pu_dim1_nx5_ny6_persistence,phhist_Cu-Mn-Ni-Mo-Fe-Pt-Zn-Ca-Er-Au-Cd-Co-Gd-Na-Sm-Eu-Tb-V-Ag-Nd-U-Ba-Ce-K-Ga-Cr-Al-Li-Sc-Ru-In-Mg-Zr-Dy-W-Yb-Y-Ho-Re-Be-Rb-La-Sn-Cs-Pb-Pr-Bi-Tm-Sr-Ti-Hf-Ir-Nb-Pd-Hg-Th-Np-Lu-Rh-Pu_dim1_nx5_ny7_persistence,phhist_Cu-Mn-Ni-Mo-Fe-Pt-Zn-Ca-Er-Au-Cd-Co-Gd-Na-Sm-Eu-Tb-V-Ag-Nd-U-Ba-Ce-K-Ga-Cr-Al-Li-Sc-Ru-In-Mg-Zr-Dy-W-Yb-Y-Ho-Re-Be-Rb-La-Sn-Cs-Pb-Pr-Bi-Tm-Sr-Ti-Hf-Ir-Nb-Pd-Hg-Th-Np-Lu-Rh-Pu_dim1_nx5_ny8_persistence,phhist_Cu-Mn-Ni-Mo-Fe-Pt-Zn-Ca-Er-Au-Cd-Co-Gd-Na-Sm-Eu-Tb-V-Ag-Nd-U-Ba-Ce-K-Ga-Cr-Al-Li-Sc-Ru-In-Mg-Zr-Dy-W-Yb-Y-Ho-Re-Be-Rb-La-Sn-Cs-Pb-Pr-Bi-Tm-Sr-Ti-Hf-Ir-Nb-Pd-Hg-Th-Np-Lu-Rh-Pu_dim1_nx5_ny9_persistence,phhist_Cu-Mn-Ni-Mo-Fe-Pt-Zn-Ca-Er-Au-Cd-Co-Gd-Na-Sm-Eu-Tb-V-Ag-Nd-U-Ba-Ce-K-Ga-Cr-Al-Li-Sc-Ru-In-Mg-Zr-Dy-W-Yb-Y-Ho-Re-Be-Rb-La-Sn-Cs-Pb-Pr-Bi-Tm-Sr-Ti-Hf-Ir-Nb-Pd-Hg-Th-Np-Lu-Rh-Pu_dim1_nx6_ny0_persistence,phhist_Cu-Mn-Ni-Mo-Fe-Pt-Zn-Ca-Er-Au-Cd-Co-Gd-Na-Sm-Eu-Tb-V-Ag-Nd-U-Ba-Ce-K-Ga-Cr-Al-Li-Sc-Ru-In-Mg-Zr-Dy-W-Yb-Y-Ho-Re-Be-Rb-La-Sn-Cs-Pb-Pr-Bi-Tm-Sr-Ti-Hf-Ir-Nb-Pd-Hg-Th-Np-Lu-Rh-Pu_dim1_nx6_ny1_persistence,phhist_Cu-Mn-Ni-Mo-Fe-Pt-Zn-Ca-Er-Au-Cd-Co-Gd-Na-Sm-Eu-Tb-V-Ag-Nd-U-Ba-Ce-K-Ga-Cr-Al-Li-Sc-Ru-In-Mg-Zr-Dy-W-Yb-Y-Ho-Re-Be-Rb-La-Sn-Cs-Pb-Pr-Bi-Tm-Sr-Ti-Hf-Ir-Nb-Pd-Hg-Th-Np-Lu-Rh-Pu_dim1_nx6_ny2_persistence,phhist_Cu-Mn-Ni-Mo-Fe-Pt-Zn-Ca-Er-Au-Cd-Co-Gd-Na-Sm-Eu-Tb-V-Ag-Nd-U-Ba-Ce-K-Ga-Cr-Al-Li-Sc-Ru-In-Mg-Zr-Dy-W-Yb-Y-Ho-Re-Be-Rb-La-Sn-Cs-Pb-Pr-Bi-Tm-Sr-Ti-Hf-Ir-Nb-Pd-Hg-Th-Np-Lu-Rh-Pu_dim1_nx6_ny3_persistence,phhist_Cu-Mn-Ni-Mo-Fe-Pt-Zn-Ca-Er-Au-Cd-Co-Gd-Na-Sm-Eu-Tb-V-Ag-Nd-U-Ba-Ce-K-Ga-Cr-Al-Li-Sc-Ru-In-Mg-Zr-Dy-W-Yb-Y-Ho-Re-Be-Rb-La-Sn-Cs-Pb-Pr-Bi-Tm-Sr-Ti-Hf-Ir-Nb-Pd-Hg-Th-Np-Lu-Rh-Pu_dim1_nx6_ny4_persistence,phhist_Cu-Mn-Ni-Mo-Fe-Pt-Zn-Ca-Er-Au-Cd-Co-Gd-Na-Sm-Eu-Tb-V-Ag-Nd-U-Ba-Ce-K-Ga-Cr-Al-Li-Sc-Ru-In-Mg-Zr-Dy-W-Yb-Y-Ho-Re-Be-Rb-La-Sn-Cs-Pb-Pr-Bi-Tm-Sr-Ti-Hf-Ir-Nb-Pd-Hg-Th-Np-Lu-Rh-Pu_dim1_nx6_ny5_persistence,phhist_Cu-Mn-Ni-Mo-Fe-Pt-Zn-Ca-Er-Au-Cd-Co-Gd-Na-Sm-Eu-Tb-V-Ag-Nd-U-Ba-Ce-K-Ga-Cr-Al-Li-Sc-Ru-In-Mg-Zr-Dy-W-Yb-Y-Ho-Re-Be-Rb-La-Sn-Cs-Pb-Pr-Bi-Tm-Sr-Ti-Hf-Ir-Nb-Pd-Hg-Th-Np-Lu-Rh-Pu_dim1_nx6_ny6_persistence,phhist_Cu-Mn-Ni-Mo-Fe-Pt-Zn-Ca-Er-Au-Cd-Co-Gd-Na-Sm-Eu-Tb-V-Ag-Nd-U-Ba-Ce-K-Ga-Cr-Al-Li-Sc-Ru-In-Mg-Zr-Dy-W-Yb-Y-Ho-Re-Be-Rb-La-Sn-Cs-Pb-Pr-Bi-Tm-Sr-Ti-Hf-Ir-Nb-Pd-Hg-Th-Np-Lu-Rh-Pu_dim1_nx6_ny7_persistence,phhist_Cu-Mn-Ni-Mo-Fe-Pt-Zn-Ca-Er-Au-Cd-Co-Gd-Na-Sm-Eu-Tb-V-Ag-Nd-U-Ba-Ce-K-Ga-Cr-Al-Li-Sc-Ru-In-Mg-Zr-Dy-W-Yb-Y-Ho-Re-Be-Rb-La-Sn-Cs-Pb-Pr-Bi-Tm-Sr-Ti-Hf-Ir-Nb-Pd-Hg-Th-Np-Lu-Rh-Pu_dim1_nx6_ny8_persistence,phhist_Cu-Mn-Ni-Mo-Fe-Pt-Zn-Ca-Er-Au-Cd-Co-Gd-Na-Sm-Eu-Tb-V-Ag-Nd-U-Ba-Ce-K-Ga-Cr-Al-Li-Sc-Ru-In-Mg-Zr-Dy-W-Yb-Y-Ho-Re-Be-Rb-La-Sn-Cs-Pb-Pr-Bi-Tm-Sr-Ti-Hf-Ir-Nb-Pd-Hg-Th-Np-Lu-Rh-Pu_dim1_nx6_ny9_persistence,phhist_Cu-Mn-Ni-Mo-Fe-Pt-Zn-Ca-Er-Au-Cd-Co-Gd-Na-Sm-Eu-Tb-V-Ag-Nd-U-Ba-Ce-K-Ga-Cr-Al-Li-Sc-Ru-In-Mg-Zr-Dy-W-Yb-Y-Ho-Re-Be-Rb-La-Sn-Cs-Pb-Pr-Bi-Tm-Sr-Ti-Hf-Ir-Nb-Pd-Hg-Th-Np-Lu-Rh-Pu_dim1_nx7_ny0_persistence,phhist_Cu-Mn-Ni-Mo-Fe-Pt-Zn-Ca-Er-Au-Cd-Co-Gd-Na-Sm-Eu-Tb-V-Ag-Nd-U-Ba-Ce-K-Ga-Cr-Al-Li-Sc-Ru-In-Mg-Zr-Dy-W-Yb-Y-Ho-Re-Be-Rb-La-Sn-Cs-Pb-Pr-Bi-Tm-Sr-Ti-Hf-Ir-Nb-Pd-Hg-Th-Np-Lu-Rh-Pu_dim1_nx7_ny1_persistence,phhist_Cu-Mn-Ni-Mo-Fe-Pt-Zn-Ca-Er-Au-Cd-Co-Gd-Na-Sm-Eu-Tb-V-Ag-Nd-U-Ba-Ce-K-Ga-Cr-Al-Li-Sc-Ru-In-Mg-Zr-Dy-W-Yb-Y-Ho-Re-Be-Rb-La-Sn-Cs-Pb-Pr-Bi-Tm-Sr-Ti-Hf-Ir-Nb-Pd-Hg-Th-Np-Lu-Rh-Pu_dim1_nx7_ny2_persistence,phhist_Cu-Mn-Ni-Mo-Fe-Pt-Zn-Ca-Er-Au-Cd-Co-Gd-Na-Sm-Eu-Tb-V-Ag-Nd-U-Ba-Ce-K-Ga-Cr-Al-Li-Sc-Ru-In-Mg-Zr-Dy-W-Yb-Y-Ho-Re-Be-Rb-La-Sn-Cs-Pb-Pr-Bi-Tm-Sr-Ti-Hf-Ir-Nb-Pd-Hg-Th-Np-Lu-Rh-Pu_dim1_nx7_ny3_persistence,phhist_Cu-Mn-Ni-Mo-Fe-Pt-Zn-Ca-Er-Au-Cd-Co-Gd-Na-Sm-Eu-Tb-V-Ag-Nd-U-Ba-Ce-K-Ga-Cr-Al-Li-Sc-Ru-In-Mg-Zr-Dy-W-Yb-Y-Ho-Re-Be-Rb-La-Sn-Cs-Pb-Pr-Bi-Tm-Sr-Ti-Hf-Ir-Nb-Pd-Hg-Th-Np-Lu-Rh-Pu_dim1_nx7_ny4_persistence,phhist_Cu-Mn-Ni-Mo-Fe-Pt-Zn-Ca-Er-Au-Cd-Co-Gd-Na-Sm-Eu-Tb-V-Ag-Nd-U-Ba-Ce-K-Ga-Cr-Al-Li-Sc-Ru-In-Mg-Zr-Dy-W-Yb-Y-Ho-Re-Be-Rb-La-Sn-Cs-Pb-Pr-Bi-Tm-Sr-Ti-Hf-Ir-Nb-Pd-Hg-Th-Np-Lu-Rh-Pu_dim1_nx7_ny5_persistence,phhist_Cu-Mn-Ni-Mo-Fe-Pt-Zn-Ca-Er-Au-Cd-Co-Gd-Na-Sm-Eu-Tb-V-Ag-Nd-U-Ba-Ce-K-Ga-Cr-Al-Li-Sc-Ru-In-Mg-Zr-Dy-W-Yb-Y-Ho-Re-Be-Rb-La-Sn-Cs-Pb-Pr-Bi-Tm-Sr-Ti-Hf-Ir-Nb-Pd-Hg-Th-Np-Lu-Rh-Pu_dim1_nx7_ny6_persistence,phhist_Cu-Mn-Ni-Mo-Fe-Pt-Zn-Ca-Er-Au-Cd-Co-Gd-Na-Sm-Eu-Tb-V-Ag-Nd-U-Ba-Ce-K-Ga-Cr-Al-Li-Sc-Ru-In-Mg-Zr-Dy-W-Yb-Y-Ho-Re-Be-Rb-La-Sn-Cs-Pb-Pr-Bi-Tm-Sr-Ti-Hf-Ir-Nb-Pd-Hg-Th-Np-Lu-Rh-Pu_dim1_nx7_ny7_persistence,phhist_Cu-Mn-Ni-Mo-Fe-Pt-Zn-Ca-Er-Au-Cd-Co-Gd-Na-Sm-Eu-Tb-V-Ag-Nd-U-Ba-Ce-K-Ga-Cr-Al-Li-Sc-Ru-In-Mg-Zr-Dy-W-Yb-Y-Ho-Re-Be-Rb-La-Sn-Cs-Pb-Pr-Bi-Tm-Sr-Ti-Hf-Ir-Nb-Pd-Hg-Th-Np-Lu-Rh-Pu_dim1_nx7_ny8_persistence,phhist_Cu-Mn-Ni-Mo-Fe-Pt-Zn-Ca-Er-Au-Cd-Co-Gd-Na-Sm-Eu-Tb-V-Ag-Nd-U-Ba-Ce-K-Ga-Cr-Al-Li-Sc-Ru-In-Mg-Zr-Dy-W-Yb-Y-Ho-Re-Be-Rb-La-Sn-Cs-Pb-Pr-Bi-Tm-Sr-Ti-Hf-Ir-Nb-Pd-Hg-Th-Np-Lu-Rh-Pu_dim1_nx7_ny9_persistence,phhist_Cu-Mn-Ni-Mo-Fe-Pt-Zn-Ca-Er-Au-Cd-Co-Gd-Na-Sm-Eu-Tb-V-Ag-Nd-U-Ba-Ce-K-Ga-Cr-Al-Li-Sc-Ru-In-Mg-Zr-Dy-W-Yb-Y-Ho-Re-Be-Rb-La-Sn-Cs-Pb-Pr-Bi-Tm-Sr-Ti-Hf-Ir-Nb-Pd-Hg-Th-Np-Lu-Rh-Pu_dim1_nx8_ny0_persistence,phhist_Cu-Mn-Ni-Mo-Fe-Pt-Zn-Ca-Er-Au-Cd-Co-Gd-Na-Sm-Eu-Tb-V-Ag-Nd-U-Ba-Ce-K-Ga-Cr-Al-Li-Sc-Ru-In-Mg-Zr-Dy-W-Yb-Y-Ho-Re-Be-Rb-La-Sn-Cs-Pb-Pr-Bi-Tm-Sr-Ti-Hf-Ir-Nb-Pd-Hg-Th-Np-Lu-Rh-Pu_dim1_nx8_ny1_persistence,phhist_Cu-Mn-Ni-Mo-Fe-Pt-Zn-Ca-Er-Au-Cd-Co-Gd-Na-Sm-Eu-Tb-V-Ag-Nd-U-Ba-Ce-K-Ga-Cr-Al-Li-Sc-Ru-In-Mg-Zr-Dy-W-Yb-Y-Ho-Re-Be-Rb-La-Sn-Cs-Pb-Pr-Bi-Tm-Sr-Ti-Hf-Ir-Nb-Pd-Hg-Th-Np-Lu-Rh-Pu_dim1_nx8_ny2_persistence,phhist_Cu-Mn-Ni-Mo-Fe-Pt-Zn-Ca-Er-Au-Cd-Co-Gd-Na-Sm-Eu-Tb-V-Ag-Nd-U-Ba-Ce-K-Ga-Cr-Al-Li-Sc-Ru-In-Mg-Zr-Dy-W-Yb-Y-Ho-Re-Be-Rb-La-Sn-Cs-Pb-Pr-Bi-Tm-Sr-Ti-Hf-Ir-Nb-Pd-Hg-Th-Np-Lu-Rh-Pu_dim1_nx8_ny3_persistence,phhist_Cu-Mn-Ni-Mo-Fe-Pt-Zn-Ca-Er-Au-Cd-Co-Gd-Na-Sm-Eu-Tb-V-Ag-Nd-U-Ba-Ce-K-Ga-Cr-Al-Li-Sc-Ru-In-Mg-Zr-Dy-W-Yb-Y-Ho-Re-Be-Rb-La-Sn-Cs-Pb-Pr-Bi-Tm-Sr-Ti-Hf-Ir-Nb-Pd-Hg-Th-Np-Lu-Rh-Pu_dim1_nx8_ny4_persistence,phhist_Cu-Mn-Ni-Mo-Fe-Pt-Zn-Ca-Er-Au-Cd-Co-Gd-Na-Sm-Eu-Tb-V-Ag-Nd-U-Ba-Ce-K-Ga-Cr-Al-Li-Sc-Ru-In-Mg-Zr-Dy-W-Yb-Y-Ho-Re-Be-Rb-La-Sn-Cs-Pb-Pr-Bi-Tm-Sr-Ti-Hf-Ir-Nb-Pd-Hg-Th-Np-Lu-Rh-Pu_dim1_nx8_ny5_persistence,phhist_Cu-Mn-Ni-Mo-Fe-Pt-Zn-Ca-Er-Au-Cd-Co-Gd-Na-Sm-Eu-Tb-V-Ag-Nd-U-Ba-Ce-K-Ga-Cr-Al-Li-Sc-Ru-In-Mg-Zr-Dy-W-Yb-Y-Ho-Re-Be-Rb-La-Sn-Cs-Pb-Pr-Bi-Tm-Sr-Ti-Hf-Ir-Nb-Pd-Hg-Th-Np-Lu-Rh-Pu_dim1_nx8_ny6_persistence,phhist_Cu-Mn-Ni-Mo-Fe-Pt-Zn-Ca-Er-Au-Cd-Co-Gd-Na-Sm-Eu-Tb-V-Ag-Nd-U-Ba-Ce-K-Ga-Cr-Al-Li-Sc-Ru-In-Mg-Zr-Dy-W-Yb-Y-Ho-Re-Be-Rb-La-Sn-Cs-Pb-Pr-Bi-Tm-Sr-Ti-Hf-Ir-Nb-Pd-Hg-Th-Np-Lu-Rh-Pu_dim1_nx8_ny7_persistence,phhist_Cu-Mn-Ni-Mo-Fe-Pt-Zn-Ca-Er-Au-Cd-Co-Gd-Na-Sm-Eu-Tb-V-Ag-Nd-U-Ba-Ce-K-Ga-Cr-Al-Li-Sc-Ru-In-Mg-Zr-Dy-W-Yb-Y-Ho-Re-Be-Rb-La-Sn-Cs-Pb-Pr-Bi-Tm-Sr-Ti-Hf-Ir-Nb-Pd-Hg-Th-Np-Lu-Rh-Pu_dim1_nx8_ny8_persistence,phhist_Cu-Mn-Ni-Mo-Fe-Pt-Zn-Ca-Er-Au-Cd-Co-Gd-Na-Sm-Eu-Tb-V-Ag-Nd-U-Ba-Ce-K-Ga-Cr-Al-Li-Sc-Ru-In-Mg-Zr-Dy-W-Yb-Y-Ho-Re-Be-Rb-La-Sn-Cs-Pb-Pr-Bi-Tm-Sr-Ti-Hf-Ir-Nb-Pd-Hg-Th-Np-Lu-Rh-Pu_dim1_nx8_ny9_persistence,phhist_Cu-Mn-Ni-Mo-Fe-Pt-Zn-Ca-Er-Au-Cd-Co-Gd-Na-Sm-Eu-Tb-V-Ag-Nd-U-Ba-Ce-K-Ga-Cr-Al-Li-Sc-Ru-In-Mg-Zr-Dy-W-Yb-Y-Ho-Re-Be-Rb-La-Sn-Cs-Pb-Pr-Bi-Tm-Sr-Ti-Hf-Ir-Nb-Pd-Hg-Th-Np-Lu-Rh-Pu_dim1_nx9_ny0_persistence,phhist_Cu-Mn-Ni-Mo-Fe-Pt-Zn-Ca-Er-Au-Cd-Co-Gd-Na-Sm-Eu-Tb-V-Ag-Nd-U-Ba-Ce-K-Ga-Cr-Al-Li-Sc-Ru-In-Mg-Zr-Dy-W-Yb-Y-Ho-Re-Be-Rb-La-Sn-Cs-Pb-Pr-Bi-Tm-Sr-Ti-Hf-Ir-Nb-Pd-Hg-Th-Np-Lu-Rh-Pu_dim1_nx9_ny1_persistence,phhist_Cu-Mn-Ni-Mo-Fe-Pt-Zn-Ca-Er-Au-Cd-Co-Gd-Na-Sm-Eu-Tb-V-Ag-Nd-U-Ba-Ce-K-Ga-Cr-Al-Li-Sc-Ru-In-Mg-Zr-Dy-W-Yb-Y-Ho-Re-Be-Rb-La-Sn-Cs-Pb-Pr-Bi-Tm-Sr-Ti-Hf-Ir-Nb-Pd-Hg-Th-Np-Lu-Rh-Pu_dim1_nx9_ny2_persistence,phhist_Cu-Mn-Ni-Mo-Fe-Pt-Zn-Ca-Er-Au-Cd-Co-Gd-Na-Sm-Eu-Tb-V-Ag-Nd-U-Ba-Ce-K-Ga-Cr-Al-Li-Sc-Ru-In-Mg-Zr-Dy-W-Yb-Y-Ho-Re-Be-Rb-La-Sn-Cs-Pb-Pr-Bi-Tm-Sr-Ti-Hf-Ir-Nb-Pd-Hg-Th-Np-Lu-Rh-Pu_dim1_nx9_ny3_persistence,phhist_Cu-Mn-Ni-Mo-Fe-Pt-Zn-Ca-Er-Au-Cd-Co-Gd-Na-Sm-Eu-Tb-V-Ag-Nd-U-Ba-Ce-K-Ga-Cr-Al-Li-Sc-Ru-In-Mg-Zr-Dy-W-Yb-Y-Ho-Re-Be-Rb-La-Sn-Cs-Pb-Pr-Bi-Tm-Sr-Ti-Hf-Ir-Nb-Pd-Hg-Th-Np-Lu-Rh-Pu_dim1_nx9_ny4_persistence,phhist_Cu-Mn-Ni-Mo-Fe-Pt-Zn-Ca-Er-Au-Cd-Co-Gd-Na-Sm-Eu-Tb-V-Ag-Nd-U-Ba-Ce-K-Ga-Cr-Al-Li-Sc-Ru-In-Mg-Zr-Dy-W-Yb-Y-Ho-Re-Be-Rb-La-Sn-Cs-Pb-Pr-Bi-Tm-Sr-Ti-Hf-Ir-Nb-Pd-Hg-Th-Np-Lu-Rh-Pu_dim1_nx9_ny5_persistence,phhist_Cu-Mn-Ni-Mo-Fe-Pt-Zn-Ca-Er-Au-Cd-Co-Gd-Na-Sm-Eu-Tb-V-Ag-Nd-U-Ba-Ce-K-Ga-Cr-Al-Li-Sc-Ru-In-Mg-Zr-Dy-W-Yb-Y-Ho-Re-Be-Rb-La-Sn-Cs-Pb-Pr-Bi-Tm-Sr-Ti-Hf-Ir-Nb-Pd-Hg-Th-Np-Lu-Rh-Pu_dim1_nx9_ny6_persistence,phhist_Cu-Mn-Ni-Mo-Fe-Pt-Zn-Ca-Er-Au-Cd-Co-Gd-Na-Sm-Eu-Tb-V-Ag-Nd-U-Ba-Ce-K-Ga-Cr-Al-Li-Sc-Ru-In-Mg-Zr-Dy-W-Yb-Y-Ho-Re-Be-Rb-La-Sn-Cs-Pb-Pr-Bi-Tm-Sr-Ti-Hf-Ir-Nb-Pd-Hg-Th-Np-Lu-Rh-Pu_dim1_nx9_ny7_persistence,phhist_Cu-Mn-Ni-Mo-Fe-Pt-Zn-Ca-Er-Au-Cd-Co-Gd-Na-Sm-Eu-Tb-V-Ag-Nd-U-Ba-Ce-K-Ga-Cr-Al-Li-Sc-Ru-In-Mg-Zr-Dy-W-Yb-Y-Ho-Re-Be-Rb-La-Sn-Cs-Pb-Pr-Bi-Tm-Sr-Ti-Hf-Ir-Nb-Pd-Hg-Th-Np-Lu-Rh-Pu_dim1_nx9_ny8_persistence,phhist_Cu-Mn-Ni-Mo-Fe-Pt-Zn-Ca-Er-Au-Cd-Co-Gd-Na-Sm-Eu-Tb-V-Ag-Nd-U-Ba-Ce-K-Ga-Cr-Al-Li-Sc-Ru-In-Mg-Zr-Dy-W-Yb-Y-Ho-Re-Be-Rb-La-Sn-Cs-Pb-Pr-Bi-Tm-Sr-Ti-Hf-Ir-Nb-Pd-Hg-Th-Np-Lu-Rh-Pu_dim1_nx9_ny9_persistence,phhist_Cu-Mn-Ni-Mo-Fe-Pt-Zn-Ca-Er-Au-Cd-Co-Gd-Na-Sm-Eu-Tb-V-Ag-Nd-U-Ba-Ce-K-Ga-Cr-Al-Li-Sc-Ru-In-Mg-Zr-Dy-W-Yb-Y-Ho-Re-Be-Rb-La-Sn-Cs-Pb-Pr-Bi-Tm-Sr-Ti-Hf-Ir-Nb-Pd-Hg-Th-Np-Lu-Rh-Pu_dim2_nx0_ny0_persistence,phhist_Cu-Mn-Ni-Mo-Fe-Pt-Zn-Ca-Er-Au-Cd-Co-Gd-Na-Sm-Eu-Tb-V-Ag-Nd-U-Ba-Ce-K-Ga-Cr-Al-Li-Sc-Ru-In-Mg-Zr-Dy-W-Yb-Y-Ho-Re-Be-Rb-La-Sn-Cs-Pb-Pr-Bi-Tm-Sr-Ti-Hf-Ir-Nb-Pd-Hg-Th-Np-Lu-Rh-Pu_dim2_nx0_ny1_persistence,phhist_Cu-Mn-Ni-Mo-Fe-Pt-Zn-Ca-Er-Au-Cd-Co-Gd-Na-Sm-Eu-Tb-V-Ag-Nd-U-Ba-Ce-K-Ga-Cr-Al-Li-Sc-Ru-In-Mg-Zr-Dy-W-Yb-Y-Ho-Re-Be-Rb-La-Sn-Cs-Pb-Pr-Bi-Tm-Sr-Ti-Hf-Ir-Nb-Pd-Hg-Th-Np-Lu-Rh-Pu_dim2_nx0_ny2_persistence,phhist_Cu-Mn-Ni-Mo-Fe-Pt-Zn-Ca-Er-Au-Cd-Co-Gd-Na-Sm-Eu-Tb-V-Ag-Nd-U-Ba-Ce-K-Ga-Cr-Al-Li-Sc-Ru-In-Mg-Zr-Dy-W-Yb-Y-Ho-Re-Be-Rb-La-Sn-Cs-Pb-Pr-Bi-Tm-Sr-Ti-Hf-Ir-Nb-Pd-Hg-Th-Np-Lu-Rh-Pu_dim2_nx0_ny3_persistence,phhist_Cu-Mn-Ni-Mo-Fe-Pt-Zn-Ca-Er-Au-Cd-Co-Gd-Na-Sm-Eu-Tb-V-Ag-Nd-U-Ba-Ce-K-Ga-Cr-Al-Li-Sc-Ru-In-Mg-Zr-Dy-W-Yb-Y-Ho-Re-Be-Rb-La-Sn-Cs-Pb-Pr-Bi-Tm-Sr-Ti-Hf-Ir-Nb-Pd-Hg-Th-Np-Lu-Rh-Pu_dim2_nx0_ny4_persistence,phhist_Cu-Mn-Ni-Mo-Fe-Pt-Zn-Ca-Er-Au-Cd-Co-Gd-Na-Sm-Eu-Tb-V-Ag-Nd-U-Ba-Ce-K-Ga-Cr-Al-Li-Sc-Ru-In-Mg-Zr-Dy-W-Yb-Y-Ho-Re-Be-Rb-La-Sn-Cs-Pb-Pr-Bi-Tm-Sr-Ti-Hf-Ir-Nb-Pd-Hg-Th-Np-Lu-Rh-Pu_dim2_nx0_ny5_persistence,phhist_Cu-Mn-Ni-Mo-Fe-Pt-Zn-Ca-Er-Au-Cd-Co-Gd-Na-Sm-Eu-Tb-V-Ag-Nd-U-Ba-Ce-K-Ga-Cr-Al-Li-Sc-Ru-In-Mg-Zr-Dy-W-Yb-Y-Ho-Re-Be-Rb-La-Sn-Cs-Pb-Pr-Bi-Tm-Sr-Ti-Hf-Ir-Nb-Pd-Hg-Th-Np-Lu-Rh-Pu_dim2_nx0_ny6_persistence,phhist_Cu-Mn-Ni-Mo-Fe-Pt-Zn-Ca-Er-Au-Cd-Co-Gd-Na-Sm-Eu-Tb-V-Ag-Nd-U-Ba-Ce-K-Ga-Cr-Al-Li-Sc-Ru-In-Mg-Zr-Dy-W-Yb-Y-Ho-Re-Be-Rb-La-Sn-Cs-Pb-Pr-Bi-Tm-Sr-Ti-Hf-Ir-Nb-Pd-Hg-Th-Np-Lu-Rh-Pu_dim2_nx0_ny7_persistence,phhist_Cu-Mn-Ni-Mo-Fe-Pt-Zn-Ca-Er-Au-Cd-Co-Gd-Na-Sm-Eu-Tb-V-Ag-Nd-U-Ba-Ce-K-Ga-Cr-Al-Li-Sc-Ru-In-Mg-Zr-Dy-W-Yb-Y-Ho-Re-Be-Rb-La-Sn-Cs-Pb-Pr-Bi-Tm-Sr-Ti-Hf-Ir-Nb-Pd-Hg-Th-Np-Lu-Rh-Pu_dim2_nx0_ny8_persistence,phhist_Cu-Mn-Ni-Mo-Fe-Pt-Zn-Ca-Er-Au-Cd-Co-Gd-Na-Sm-Eu-Tb-V-Ag-Nd-U-Ba-Ce-K-Ga-Cr-Al-Li-Sc-Ru-In-Mg-Zr-Dy-W-Yb-Y-Ho-Re-Be-Rb-La-Sn-Cs-Pb-Pr-Bi-Tm-Sr-Ti-Hf-Ir-Nb-Pd-Hg-Th-Np-Lu-Rh-Pu_dim2_nx0_ny9_persistence,phhist_Cu-Mn-Ni-Mo-Fe-Pt-Zn-Ca-Er-Au-Cd-Co-Gd-Na-Sm-Eu-Tb-V-Ag-Nd-U-Ba-Ce-K-Ga-Cr-Al-Li-Sc-Ru-In-Mg-Zr-Dy-W-Yb-Y-Ho-Re-Be-Rb-La-Sn-Cs-Pb-Pr-Bi-Tm-Sr-Ti-Hf-Ir-Nb-Pd-Hg-Th-Np-Lu-Rh-Pu_dim2_nx1_ny0_persistence,phhist_Cu-Mn-Ni-Mo-Fe-Pt-Zn-Ca-Er-Au-Cd-Co-Gd-Na-Sm-Eu-Tb-V-Ag-Nd-U-Ba-Ce-K-Ga-Cr-Al-Li-Sc-Ru-In-Mg-Zr-Dy-W-Yb-Y-Ho-Re-Be-Rb-La-Sn-Cs-Pb-Pr-Bi-Tm-Sr-Ti-Hf-Ir-Nb-Pd-Hg-Th-Np-Lu-Rh-Pu_dim2_nx1_ny1_persistence,phhist_Cu-Mn-Ni-Mo-Fe-Pt-Zn-Ca-Er-Au-Cd-Co-Gd-Na-Sm-Eu-Tb-V-Ag-Nd-U-Ba-Ce-K-Ga-Cr-Al-Li-Sc-Ru-In-Mg-Zr-Dy-W-Yb-Y-Ho-Re-Be-Rb-La-Sn-Cs-Pb-Pr-Bi-Tm-Sr-Ti-Hf-Ir-Nb-Pd-Hg-Th-Np-Lu-Rh-Pu_dim2_nx1_ny2_persistence,phhist_Cu-Mn-Ni-Mo-Fe-Pt-Zn-Ca-Er-Au-Cd-Co-Gd-Na-Sm-Eu-Tb-V-Ag-Nd-U-Ba-Ce-K-Ga-Cr-Al-Li-Sc-Ru-In-Mg-Zr-Dy-W-Yb-Y-Ho-Re-Be-Rb-La-Sn-Cs-Pb-Pr-Bi-Tm-Sr-Ti-Hf-Ir-Nb-Pd-Hg-Th-Np-Lu-Rh-Pu_dim2_nx1_ny3_persistence,phhist_Cu-Mn-Ni-Mo-Fe-Pt-Zn-Ca-Er-Au-Cd-Co-Gd-Na-Sm-Eu-Tb-V-Ag-Nd-U-Ba-Ce-K-Ga-Cr-Al-Li-Sc-Ru-In-Mg-Zr-Dy-W-Yb-Y-Ho-Re-Be-Rb-La-Sn-Cs-Pb-Pr-Bi-Tm-Sr-Ti-Hf-Ir-Nb-Pd-Hg-Th-Np-Lu-Rh-Pu_dim2_nx1_ny4_persistence,phhist_Cu-Mn-Ni-Mo-Fe-Pt-Zn-Ca-Er-Au-Cd-Co-Gd-Na-Sm-Eu-Tb-V-Ag-Nd-U-Ba-Ce-K-Ga-Cr-Al-Li-Sc-Ru-In-Mg-Zr-Dy-W-Yb-Y-Ho-Re-Be-Rb-La-Sn-Cs-Pb-Pr-Bi-Tm-Sr-Ti-Hf-Ir-Nb-Pd-Hg-Th-Np-Lu-Rh-Pu_dim2_nx1_ny5_persistence,phhist_Cu-Mn-Ni-Mo-Fe-Pt-Zn-Ca-Er-Au-Cd-Co-Gd-Na-Sm-Eu-Tb-V-Ag-Nd-U-Ba-Ce-K-Ga-Cr-Al-Li-Sc-Ru-In-Mg-Zr-Dy-W-Yb-Y-Ho-Re-Be-Rb-La-Sn-Cs-Pb-Pr-Bi-Tm-Sr-Ti-Hf-Ir-Nb-Pd-Hg-Th-Np-Lu-Rh-Pu_dim2_nx1_ny6_persistence,phhist_Cu-Mn-Ni-Mo-Fe-Pt-Zn-Ca-Er-Au-Cd-Co-Gd-Na-Sm-Eu-Tb-V-Ag-Nd-U-Ba-Ce-K-Ga-Cr-Al-Li-Sc-Ru-In-Mg-Zr-Dy-W-Yb-Y-Ho-Re-Be-Rb-La-Sn-Cs-Pb-Pr-Bi-Tm-Sr-Ti-Hf-Ir-Nb-Pd-Hg-Th-Np-Lu-Rh-Pu_dim2_nx1_ny7_persistence,phhist_Cu-Mn-Ni-Mo-Fe-Pt-Zn-Ca-Er-Au-Cd-Co-Gd-Na-Sm-Eu-Tb-V-Ag-Nd-U-Ba-Ce-K-Ga-Cr-Al-Li-Sc-Ru-In-Mg-Zr-Dy-W-Yb-Y-Ho-Re-Be-Rb-La-Sn-Cs-Pb-Pr-Bi-Tm-Sr-Ti-Hf-Ir-Nb-Pd-Hg-Th-Np-Lu-Rh-Pu_dim2_nx1_ny8_persistence,phhist_Cu-Mn-Ni-Mo-Fe-Pt-Zn-Ca-Er-Au-Cd-Co-Gd-Na-Sm-Eu-Tb-V-Ag-Nd-U-Ba-Ce-K-Ga-Cr-Al-Li-Sc-Ru-In-Mg-Zr-Dy-W-Yb-Y-Ho-Re-Be-Rb-La-Sn-Cs-Pb-Pr-Bi-Tm-Sr-Ti-Hf-Ir-Nb-Pd-Hg-Th-Np-Lu-Rh-Pu_dim2_nx1_ny9_persistence,phhist_Cu-Mn-Ni-Mo-Fe-Pt-Zn-Ca-Er-Au-Cd-Co-Gd-Na-Sm-Eu-Tb-V-Ag-Nd-U-Ba-Ce-K-Ga-Cr-Al-Li-Sc-Ru-In-Mg-Zr-Dy-W-Yb-Y-Ho-Re-Be-Rb-La-Sn-Cs-Pb-Pr-Bi-Tm-Sr-Ti-Hf-Ir-Nb-Pd-Hg-Th-Np-Lu-Rh-Pu_dim2_nx2_ny0_persistence,phhist_Cu-Mn-Ni-Mo-Fe-Pt-Zn-Ca-Er-Au-Cd-Co-Gd-Na-Sm-Eu-Tb-V-Ag-Nd-U-Ba-Ce-K-Ga-Cr-Al-Li-Sc-Ru-In-Mg-Zr-Dy-W-Yb-Y-Ho-Re-Be-Rb-La-Sn-Cs-Pb-Pr-Bi-Tm-Sr-Ti-Hf-Ir-Nb-Pd-Hg-Th-Np-Lu-Rh-Pu_dim2_nx2_ny1_persistence,phhist_Cu-Mn-Ni-Mo-Fe-Pt-Zn-Ca-Er-Au-Cd-Co-Gd-Na-Sm-Eu-Tb-V-Ag-Nd-U-Ba-Ce-K-Ga-Cr-Al-Li-Sc-Ru-In-Mg-Zr-Dy-W-Yb-Y-Ho-Re-Be-Rb-La-Sn-Cs-Pb-Pr-Bi-Tm-Sr-Ti-Hf-Ir-Nb-Pd-Hg-Th-Np-Lu-Rh-Pu_dim2_nx2_ny2_persistence,phhist_Cu-Mn-Ni-Mo-Fe-Pt-Zn-Ca-Er-Au-Cd-Co-Gd-Na-Sm-Eu-Tb-V-Ag-Nd-U-Ba-Ce-K-Ga-Cr-Al-Li-Sc-Ru-In-Mg-Zr-Dy-W-Yb-Y-Ho-Re-Be-Rb-La-Sn-Cs-Pb-Pr-Bi-Tm-Sr-Ti-Hf-Ir-Nb-Pd-Hg-Th-Np-Lu-Rh-Pu_dim2_nx2_ny3_persistence,phhist_Cu-Mn-Ni-Mo-Fe-Pt-Zn-Ca-Er-Au-Cd-Co-Gd-Na-Sm-Eu-Tb-V-Ag-Nd-U-Ba-Ce-K-Ga-Cr-Al-Li-Sc-Ru-In-Mg-Zr-Dy-W-Yb-Y-Ho-Re-Be-Rb-La-Sn-Cs-Pb-Pr-Bi-Tm-Sr-Ti-Hf-Ir-Nb-Pd-Hg-Th-Np-Lu-Rh-Pu_dim2_nx2_ny4_persistence,phhist_Cu-Mn-Ni-Mo-Fe-Pt-Zn-Ca-Er-Au-Cd-Co-Gd-Na-Sm-Eu-Tb-V-Ag-Nd-U-Ba-Ce-K-Ga-Cr-Al-Li-Sc-Ru-In-Mg-Zr-Dy-W-Yb-Y-Ho-Re-Be-Rb-La-Sn-Cs-Pb-Pr-Bi-Tm-Sr-Ti-Hf-Ir-Nb-Pd-Hg-Th-Np-Lu-Rh-Pu_dim2_nx2_ny5_persistence,phhist_Cu-Mn-Ni-Mo-Fe-Pt-Zn-Ca-Er-Au-Cd-Co-Gd-Na-Sm-Eu-Tb-V-Ag-Nd-U-Ba-Ce-K-Ga-Cr-Al-Li-Sc-Ru-In-Mg-Zr-Dy-W-Yb-Y-Ho-Re-Be-Rb-La-Sn-Cs-Pb-Pr-Bi-Tm-Sr-Ti-Hf-Ir-Nb-Pd-Hg-Th-Np-Lu-Rh-Pu_dim2_nx2_ny6_persistence,phhist_Cu-Mn-Ni-Mo-Fe-Pt-Zn-Ca-Er-Au-Cd-Co-Gd-Na-Sm-Eu-Tb-V-Ag-Nd-U-Ba-Ce-K-Ga-Cr-Al-Li-Sc-Ru-In-Mg-Zr-Dy-W-Yb-Y-Ho-Re-Be-Rb-La-Sn-Cs-Pb-Pr-Bi-Tm-Sr-Ti-Hf-Ir-Nb-Pd-Hg-Th-Np-Lu-Rh-Pu_dim2_nx2_ny7_persistence,phhist_Cu-Mn-Ni-Mo-Fe-Pt-Zn-Ca-Er-Au-Cd-Co-Gd-Na-Sm-Eu-Tb-V-Ag-Nd-U-Ba-Ce-K-Ga-Cr-Al-Li-Sc-Ru-In-Mg-Zr-Dy-W-Yb-Y-Ho-Re-Be-Rb-La-Sn-Cs-Pb-Pr-Bi-Tm-Sr-Ti-Hf-Ir-Nb-Pd-Hg-Th-Np-Lu-Rh-Pu_dim2_nx2_ny8_persistence,phhist_Cu-Mn-Ni-Mo-Fe-Pt-Zn-Ca-Er-Au-Cd-Co-Gd-Na-Sm-Eu-Tb-V-Ag-Nd-U-Ba-Ce-K-Ga-Cr-Al-Li-Sc-Ru-In-Mg-Zr-Dy-W-Yb-Y-Ho-Re-Be-Rb-La-Sn-Cs-Pb-Pr-Bi-Tm-Sr-Ti-Hf-Ir-Nb-Pd-Hg-Th-Np-Lu-Rh-Pu_dim2_nx2_ny9_persistence,phhist_Cu-Mn-Ni-Mo-Fe-Pt-Zn-Ca-Er-Au-Cd-Co-Gd-Na-Sm-Eu-Tb-V-Ag-Nd-U-Ba-Ce-K-Ga-Cr-Al-Li-Sc-Ru-In-Mg-Zr-Dy-W-Yb-Y-Ho-Re-Be-Rb-La-Sn-Cs-Pb-Pr-Bi-Tm-Sr-Ti-Hf-Ir-Nb-Pd-Hg-Th-Np-Lu-Rh-Pu_dim2_nx3_ny0_persistence,phhist_Cu-Mn-Ni-Mo-Fe-Pt-Zn-Ca-Er-Au-Cd-Co-Gd-Na-Sm-Eu-Tb-V-Ag-Nd-U-Ba-Ce-K-Ga-Cr-Al-Li-Sc-Ru-In-Mg-Zr-Dy-W-Yb-Y-Ho-Re-Be-Rb-La-Sn-Cs-Pb-Pr-Bi-Tm-Sr-Ti-Hf-Ir-Nb-Pd-Hg-Th-Np-Lu-Rh-Pu_dim2_nx3_ny1_persistence,phhist_Cu-Mn-Ni-Mo-Fe-Pt-Zn-Ca-Er-Au-Cd-Co-Gd-Na-Sm-Eu-Tb-V-Ag-Nd-U-Ba-Ce-K-Ga-Cr-Al-Li-Sc-Ru-In-Mg-Zr-Dy-W-Yb-Y-Ho-Re-Be-Rb-La-Sn-Cs-Pb-Pr-Bi-Tm-Sr-Ti-Hf-Ir-Nb-Pd-Hg-Th-Np-Lu-Rh-Pu_dim2_nx3_ny2_persistence,phhist_Cu-Mn-Ni-Mo-Fe-Pt-Zn-Ca-Er-Au-Cd-Co-Gd-Na-Sm-Eu-Tb-V-Ag-Nd-U-Ba-Ce-K-Ga-Cr-Al-Li-Sc-Ru-In-Mg-Zr-Dy-W-Yb-Y-Ho-Re-Be-Rb-La-Sn-Cs-Pb-Pr-Bi-Tm-Sr-Ti-Hf-Ir-Nb-Pd-Hg-Th-Np-Lu-Rh-Pu_dim2_nx3_ny3_persistence,phhist_Cu-Mn-Ni-Mo-Fe-Pt-Zn-Ca-Er-Au-Cd-Co-Gd-Na-Sm-Eu-Tb-V-Ag-Nd-U-Ba-Ce-K-Ga-Cr-Al-Li-Sc-Ru-In-Mg-Zr-Dy-W-Yb-Y-Ho-Re-Be-Rb-La-Sn-Cs-Pb-Pr-Bi-Tm-Sr-Ti-Hf-Ir-Nb-Pd-Hg-Th-Np-Lu-Rh-Pu_dim2_nx3_ny4_persistence,phhist_Cu-Mn-Ni-Mo-Fe-Pt-Zn-Ca-Er-Au-Cd-Co-Gd-Na-Sm-Eu-Tb-V-Ag-Nd-U-Ba-Ce-K-Ga-Cr-Al-Li-Sc-Ru-In-Mg-Zr-Dy-W-Yb-Y-Ho-Re-Be-Rb-La-Sn-Cs-Pb-Pr-Bi-Tm-Sr-Ti-Hf-Ir-Nb-Pd-Hg-Th-Np-Lu-Rh-Pu_dim2_nx3_ny5_persistence,phhist_Cu-Mn-Ni-Mo-Fe-Pt-Zn-Ca-Er-Au-Cd-Co-Gd-Na-Sm-Eu-Tb-V-Ag-Nd-U-Ba-Ce-K-Ga-Cr-Al-Li-Sc-Ru-In-Mg-Zr-Dy-W-Yb-Y-Ho-Re-Be-Rb-La-Sn-Cs-Pb-Pr-Bi-Tm-Sr-Ti-Hf-Ir-Nb-Pd-Hg-Th-Np-Lu-Rh-Pu_dim2_nx3_ny6_persistence,phhist_Cu-Mn-Ni-Mo-Fe-Pt-Zn-Ca-Er-Au-Cd-Co-Gd-Na-Sm-Eu-Tb-V-Ag-Nd-U-Ba-Ce-K-Ga-Cr-Al-Li-Sc-Ru-In-Mg-Zr-Dy-W-Yb-Y-Ho-Re-Be-Rb-La-Sn-Cs-Pb-Pr-Bi-Tm-Sr-Ti-Hf-Ir-Nb-Pd-Hg-Th-Np-Lu-Rh-Pu_dim2_nx3_ny7_persistence,phhist_Cu-Mn-Ni-Mo-Fe-Pt-Zn-Ca-Er-Au-Cd-Co-Gd-Na-Sm-Eu-Tb-V-Ag-Nd-U-Ba-Ce-K-Ga-Cr-Al-Li-Sc-Ru-In-Mg-Zr-Dy-W-Yb-Y-Ho-Re-Be-Rb-La-Sn-Cs-Pb-Pr-Bi-Tm-Sr-Ti-Hf-Ir-Nb-Pd-Hg-Th-Np-Lu-Rh-Pu_dim2_nx3_ny8_persistence,phhist_Cu-Mn-Ni-Mo-Fe-Pt-Zn-Ca-Er-Au-Cd-Co-Gd-Na-Sm-Eu-Tb-V-Ag-Nd-U-Ba-Ce-K-Ga-Cr-Al-Li-Sc-Ru-In-Mg-Zr-Dy-W-Yb-Y-Ho-Re-Be-Rb-La-Sn-Cs-Pb-Pr-Bi-Tm-Sr-Ti-Hf-Ir-Nb-Pd-Hg-Th-Np-Lu-Rh-Pu_dim2_nx3_ny9_persistence,phhist_Cu-Mn-Ni-Mo-Fe-Pt-Zn-Ca-Er-Au-Cd-Co-Gd-Na-Sm-Eu-Tb-V-Ag-Nd-U-Ba-Ce-K-Ga-Cr-Al-Li-Sc-Ru-In-Mg-Zr-Dy-W-Yb-Y-Ho-Re-Be-Rb-La-Sn-Cs-Pb-Pr-Bi-Tm-Sr-Ti-Hf-Ir-Nb-Pd-Hg-Th-Np-Lu-Rh-Pu_dim2_nx4_ny0_persistence,phhist_Cu-Mn-Ni-Mo-Fe-Pt-Zn-Ca-Er-Au-Cd-Co-Gd-Na-Sm-Eu-Tb-V-Ag-Nd-U-Ba-Ce-K-Ga-Cr-Al-Li-Sc-Ru-In-Mg-Zr-Dy-W-Yb-Y-Ho-Re-Be-Rb-La-Sn-Cs-Pb-Pr-Bi-Tm-Sr-Ti-Hf-Ir-Nb-Pd-Hg-Th-Np-Lu-Rh-Pu_dim2_nx4_ny1_persistence,phhist_Cu-Mn-Ni-Mo-Fe-Pt-Zn-Ca-Er-Au-Cd-Co-Gd-Na-Sm-Eu-Tb-V-Ag-Nd-U-Ba-Ce-K-Ga-Cr-Al-Li-Sc-Ru-In-Mg-Zr-Dy-W-Yb-Y-Ho-Re-Be-Rb-La-Sn-Cs-Pb-Pr-Bi-Tm-Sr-Ti-Hf-Ir-Nb-Pd-Hg-Th-Np-Lu-Rh-Pu_dim2_nx4_ny2_persistence,phhist_Cu-Mn-Ni-Mo-Fe-Pt-Zn-Ca-Er-Au-Cd-Co-Gd-Na-Sm-Eu-Tb-V-Ag-Nd-U-Ba-Ce-K-Ga-Cr-Al-Li-Sc-Ru-In-Mg-Zr-Dy-W-Yb-Y-Ho-Re-Be-Rb-La-Sn-Cs-Pb-Pr-Bi-Tm-Sr-Ti-Hf-Ir-Nb-Pd-Hg-Th-Np-Lu-Rh-Pu_dim2_nx4_ny3_persistence,phhist_Cu-Mn-Ni-Mo-Fe-Pt-Zn-Ca-Er-Au-Cd-Co-Gd-Na-Sm-Eu-Tb-V-Ag-Nd-U-Ba-Ce-K-Ga-Cr-Al-Li-Sc-Ru-In-Mg-Zr-Dy-W-Yb-Y-Ho-Re-Be-Rb-La-Sn-Cs-Pb-Pr-Bi-Tm-Sr-Ti-Hf-Ir-Nb-Pd-Hg-Th-Np-Lu-Rh-Pu_dim2_nx4_ny4_persistence,phhist_Cu-Mn-Ni-Mo-Fe-Pt-Zn-Ca-Er-Au-Cd-Co-Gd-Na-Sm-Eu-Tb-V-Ag-Nd-U-Ba-Ce-K-Ga-Cr-Al-Li-Sc-Ru-In-Mg-Zr-Dy-W-Yb-Y-Ho-Re-Be-Rb-La-Sn-Cs-Pb-Pr-Bi-Tm-Sr-Ti-Hf-Ir-Nb-Pd-Hg-Th-Np-Lu-Rh-Pu_dim2_nx4_ny5_persistence,phhist_Cu-Mn-Ni-Mo-Fe-Pt-Zn-Ca-Er-Au-Cd-Co-Gd-Na-Sm-Eu-Tb-V-Ag-Nd-U-Ba-Ce-K-Ga-Cr-Al-Li-Sc-Ru-In-Mg-Zr-Dy-W-Yb-Y-Ho-Re-Be-Rb-La-Sn-Cs-Pb-Pr-Bi-Tm-Sr-Ti-Hf-Ir-Nb-Pd-Hg-Th-Np-Lu-Rh-Pu_dim2_nx4_ny6_persistence,phhist_Cu-Mn-Ni-Mo-Fe-Pt-Zn-Ca-Er-Au-Cd-Co-Gd-Na-Sm-Eu-Tb-V-Ag-Nd-U-Ba-Ce-K-Ga-Cr-Al-Li-Sc-Ru-In-Mg-Zr-Dy-W-Yb-Y-Ho-Re-Be-Rb-La-Sn-Cs-Pb-Pr-Bi-Tm-Sr-Ti-Hf-Ir-Nb-Pd-Hg-Th-Np-Lu-Rh-Pu_dim2_nx4_ny7_persistence,phhist_Cu-Mn-Ni-Mo-Fe-Pt-Zn-Ca-Er-Au-Cd-Co-Gd-Na-Sm-Eu-Tb-V-Ag-Nd-U-Ba-Ce-K-Ga-Cr-Al-Li-Sc-Ru-In-Mg-Zr-Dy-W-Yb-Y-Ho-Re-Be-Rb-La-Sn-Cs-Pb-Pr-Bi-Tm-Sr-Ti-Hf-Ir-Nb-Pd-Hg-Th-Np-Lu-Rh-Pu_dim2_nx4_ny8_persistence,phhist_Cu-Mn-Ni-Mo-Fe-Pt-Zn-Ca-Er-Au-Cd-Co-Gd-Na-Sm-Eu-Tb-V-Ag-Nd-U-Ba-Ce-K-Ga-Cr-Al-Li-Sc-Ru-In-Mg-Zr-Dy-W-Yb-Y-Ho-Re-Be-Rb-La-Sn-Cs-Pb-Pr-Bi-Tm-Sr-Ti-Hf-Ir-Nb-Pd-Hg-Th-Np-Lu-Rh-Pu_dim2_nx4_ny9_persistence,phhist_Cu-Mn-Ni-Mo-Fe-Pt-Zn-Ca-Er-Au-Cd-Co-Gd-Na-Sm-Eu-Tb-V-Ag-Nd-U-Ba-Ce-K-Ga-Cr-Al-Li-Sc-Ru-In-Mg-Zr-Dy-W-Yb-Y-Ho-Re-Be-Rb-La-Sn-Cs-Pb-Pr-Bi-Tm-Sr-Ti-Hf-Ir-Nb-Pd-Hg-Th-Np-Lu-Rh-Pu_dim2_nx5_ny0_persistence,phhist_Cu-Mn-Ni-Mo-Fe-Pt-Zn-Ca-Er-Au-Cd-Co-Gd-Na-Sm-Eu-Tb-V-Ag-Nd-U-Ba-Ce-K-Ga-Cr-Al-Li-Sc-Ru-In-Mg-Zr-Dy-W-Yb-Y-Ho-Re-Be-Rb-La-Sn-Cs-Pb-Pr-Bi-Tm-Sr-Ti-Hf-Ir-Nb-Pd-Hg-Th-Np-Lu-Rh-Pu_dim2_nx5_ny1_persistence,phhist_Cu-Mn-Ni-Mo-Fe-Pt-Zn-Ca-Er-Au-Cd-Co-Gd-Na-Sm-Eu-Tb-V-Ag-Nd-U-Ba-Ce-K-Ga-Cr-Al-Li-Sc-Ru-In-Mg-Zr-Dy-W-Yb-Y-Ho-Re-Be-Rb-La-Sn-Cs-Pb-Pr-Bi-Tm-Sr-Ti-Hf-Ir-Nb-Pd-Hg-Th-Np-Lu-Rh-Pu_dim2_nx5_ny2_persistence,phhist_Cu-Mn-Ni-Mo-Fe-Pt-Zn-Ca-Er-Au-Cd-Co-Gd-Na-Sm-Eu-Tb-V-Ag-Nd-U-Ba-Ce-K-Ga-Cr-Al-Li-Sc-Ru-In-Mg-Zr-Dy-W-Yb-Y-Ho-Re-Be-Rb-La-Sn-Cs-Pb-Pr-Bi-Tm-Sr-Ti-Hf-Ir-Nb-Pd-Hg-Th-Np-Lu-Rh-Pu_dim2_nx5_ny3_persistence,phhist_Cu-Mn-Ni-Mo-Fe-Pt-Zn-Ca-Er-Au-Cd-Co-Gd-Na-Sm-Eu-Tb-V-Ag-Nd-U-Ba-Ce-K-Ga-Cr-Al-Li-Sc-Ru-In-Mg-Zr-Dy-W-Yb-Y-Ho-Re-Be-Rb-La-Sn-Cs-Pb-Pr-Bi-Tm-Sr-Ti-Hf-Ir-Nb-Pd-Hg-Th-Np-Lu-Rh-Pu_dim2_nx5_ny4_persistence,phhist_Cu-Mn-Ni-Mo-Fe-Pt-Zn-Ca-Er-Au-Cd-Co-Gd-Na-Sm-Eu-Tb-V-Ag-Nd-U-Ba-Ce-K-Ga-Cr-Al-Li-Sc-Ru-In-Mg-Zr-Dy-W-Yb-Y-Ho-Re-Be-Rb-La-Sn-Cs-Pb-Pr-Bi-Tm-Sr-Ti-Hf-Ir-Nb-Pd-Hg-Th-Np-Lu-Rh-Pu_dim2_nx5_ny5_persistence,phhist_Cu-Mn-Ni-Mo-Fe-Pt-Zn-Ca-Er-Au-Cd-Co-Gd-Na-Sm-Eu-Tb-V-Ag-Nd-U-Ba-Ce-K-Ga-Cr-Al-Li-Sc-Ru-In-Mg-Zr-Dy-W-Yb-Y-Ho-Re-Be-Rb-La-Sn-Cs-Pb-Pr-Bi-Tm-Sr-Ti-Hf-Ir-Nb-Pd-Hg-Th-Np-Lu-Rh-Pu_dim2_nx5_ny6_persistence,phhist_Cu-Mn-Ni-Mo-Fe-Pt-Zn-Ca-Er-Au-Cd-Co-Gd-Na-Sm-Eu-Tb-V-Ag-Nd-U-Ba-Ce-K-Ga-Cr-Al-Li-Sc-Ru-In-Mg-Zr-Dy-W-Yb-Y-Ho-Re-Be-Rb-La-Sn-Cs-Pb-Pr-Bi-Tm-Sr-Ti-Hf-Ir-Nb-Pd-Hg-Th-Np-Lu-Rh-Pu_dim2_nx5_ny7_persistence,phhist_Cu-Mn-Ni-Mo-Fe-Pt-Zn-Ca-Er-Au-Cd-Co-Gd-Na-Sm-Eu-Tb-V-Ag-Nd-U-Ba-Ce-K-Ga-Cr-Al-Li-Sc-Ru-In-Mg-Zr-Dy-W-Yb-Y-Ho-Re-Be-Rb-La-Sn-Cs-Pb-Pr-Bi-Tm-Sr-Ti-Hf-Ir-Nb-Pd-Hg-Th-Np-Lu-Rh-Pu_dim2_nx5_ny8_persistence,phhist_Cu-Mn-Ni-Mo-Fe-Pt-Zn-Ca-Er-Au-Cd-Co-Gd-Na-Sm-Eu-Tb-V-Ag-Nd-U-Ba-Ce-K-Ga-Cr-Al-Li-Sc-Ru-In-Mg-Zr-Dy-W-Yb-Y-Ho-Re-Be-Rb-La-Sn-Cs-Pb-Pr-Bi-Tm-Sr-Ti-Hf-Ir-Nb-Pd-Hg-Th-Np-Lu-Rh-Pu_dim2_nx5_ny9_persistence,phhist_Cu-Mn-Ni-Mo-Fe-Pt-Zn-Ca-Er-Au-Cd-Co-Gd-Na-Sm-Eu-Tb-V-Ag-Nd-U-Ba-Ce-K-Ga-Cr-Al-Li-Sc-Ru-In-Mg-Zr-Dy-W-Yb-Y-Ho-Re-Be-Rb-La-Sn-Cs-Pb-Pr-Bi-Tm-Sr-Ti-Hf-Ir-Nb-Pd-Hg-Th-Np-Lu-Rh-Pu_dim2_nx6_ny0_persistence,phhist_Cu-Mn-Ni-Mo-Fe-Pt-Zn-Ca-Er-Au-Cd-Co-Gd-Na-Sm-Eu-Tb-V-Ag-Nd-U-Ba-Ce-K-Ga-Cr-Al-Li-Sc-Ru-In-Mg-Zr-Dy-W-Yb-Y-Ho-Re-Be-Rb-La-Sn-Cs-Pb-Pr-Bi-Tm-Sr-Ti-Hf-Ir-Nb-Pd-Hg-Th-Np-Lu-Rh-Pu_dim2_nx6_ny1_persistence,phhist_Cu-Mn-Ni-Mo-Fe-Pt-Zn-Ca-Er-Au-Cd-Co-Gd-Na-Sm-Eu-Tb-V-Ag-Nd-U-Ba-Ce-K-Ga-Cr-Al-Li-Sc-Ru-In-Mg-Zr-Dy-W-Yb-Y-Ho-Re-Be-Rb-La-Sn-Cs-Pb-Pr-Bi-Tm-Sr-Ti-Hf-Ir-Nb-Pd-Hg-Th-Np-Lu-Rh-Pu_dim2_nx6_ny2_persistence,phhist_Cu-Mn-Ni-Mo-Fe-Pt-Zn-Ca-Er-Au-Cd-Co-Gd-Na-Sm-Eu-Tb-V-Ag-Nd-U-Ba-Ce-K-Ga-Cr-Al-Li-Sc-Ru-In-Mg-Zr-Dy-W-Yb-Y-Ho-Re-Be-Rb-La-Sn-Cs-Pb-Pr-Bi-Tm-Sr-Ti-Hf-Ir-Nb-Pd-Hg-Th-Np-Lu-Rh-Pu_dim2_nx6_ny3_persistence,phhist_Cu-Mn-Ni-Mo-Fe-Pt-Zn-Ca-Er-Au-Cd-Co-Gd-Na-Sm-Eu-Tb-V-Ag-Nd-U-Ba-Ce-K-Ga-Cr-Al-Li-Sc-Ru-In-Mg-Zr-Dy-W-Yb-Y-Ho-Re-Be-Rb-La-Sn-Cs-Pb-Pr-Bi-Tm-Sr-Ti-Hf-Ir-Nb-Pd-Hg-Th-Np-Lu-Rh-Pu_dim2_nx6_ny4_persistence,phhist_Cu-Mn-Ni-Mo-Fe-Pt-Zn-Ca-Er-Au-Cd-Co-Gd-Na-Sm-Eu-Tb-V-Ag-Nd-U-Ba-Ce-K-Ga-Cr-Al-Li-Sc-Ru-In-Mg-Zr-Dy-W-Yb-Y-Ho-Re-Be-Rb-La-Sn-Cs-Pb-Pr-Bi-Tm-Sr-Ti-Hf-Ir-Nb-Pd-Hg-Th-Np-Lu-Rh-Pu_dim2_nx6_ny5_persistence,phhist_Cu-Mn-Ni-Mo-Fe-Pt-Zn-Ca-Er-Au-Cd-Co-Gd-Na-Sm-Eu-Tb-V-Ag-Nd-U-Ba-Ce-K-Ga-Cr-Al-Li-Sc-Ru-In-Mg-Zr-Dy-W-Yb-Y-Ho-Re-Be-Rb-La-Sn-Cs-Pb-Pr-Bi-Tm-Sr-Ti-Hf-Ir-Nb-Pd-Hg-Th-Np-Lu-Rh-Pu_dim2_nx6_ny6_persistence,phhist_Cu-Mn-Ni-Mo-Fe-Pt-Zn-Ca-Er-Au-Cd-Co-Gd-Na-Sm-Eu-Tb-V-Ag-Nd-U-Ba-Ce-K-Ga-Cr-Al-Li-Sc-Ru-In-Mg-Zr-Dy-W-Yb-Y-Ho-Re-Be-Rb-La-Sn-Cs-Pb-Pr-Bi-Tm-Sr-Ti-Hf-Ir-Nb-Pd-Hg-Th-Np-Lu-Rh-Pu_dim2_nx6_ny7_persistence,phhist_Cu-Mn-Ni-Mo-Fe-Pt-Zn-Ca-Er-Au-Cd-Co-Gd-Na-Sm-Eu-Tb-V-Ag-Nd-U-Ba-Ce-K-Ga-Cr-Al-Li-Sc-Ru-In-Mg-Zr-Dy-W-Yb-Y-Ho-Re-Be-Rb-La-Sn-Cs-Pb-Pr-Bi-Tm-Sr-Ti-Hf-Ir-Nb-Pd-Hg-Th-Np-Lu-Rh-Pu_dim2_nx6_ny8_persistence,phhist_Cu-Mn-Ni-Mo-Fe-Pt-Zn-Ca-Er-Au-Cd-Co-Gd-Na-Sm-Eu-Tb-V-Ag-Nd-U-Ba-Ce-K-Ga-Cr-Al-Li-Sc-Ru-In-Mg-Zr-Dy-W-Yb-Y-Ho-Re-Be-Rb-La-Sn-Cs-Pb-Pr-Bi-Tm-Sr-Ti-Hf-Ir-Nb-Pd-Hg-Th-Np-Lu-Rh-Pu_dim2_nx6_ny9_persistence,phhist_Cu-Mn-Ni-Mo-Fe-Pt-Zn-Ca-Er-Au-Cd-Co-Gd-Na-Sm-Eu-Tb-V-Ag-Nd-U-Ba-Ce-K-Ga-Cr-Al-Li-Sc-Ru-In-Mg-Zr-Dy-W-Yb-Y-Ho-Re-Be-Rb-La-Sn-Cs-Pb-Pr-Bi-Tm-Sr-Ti-Hf-Ir-Nb-Pd-Hg-Th-Np-Lu-Rh-Pu_dim2_nx7_ny0_persistence,phhist_Cu-Mn-Ni-Mo-Fe-Pt-Zn-Ca-Er-Au-Cd-Co-Gd-Na-Sm-Eu-Tb-V-Ag-Nd-U-Ba-Ce-K-Ga-Cr-Al-Li-Sc-Ru-In-Mg-Zr-Dy-W-Yb-Y-Ho-Re-Be-Rb-La-Sn-Cs-Pb-Pr-Bi-Tm-Sr-Ti-Hf-Ir-Nb-Pd-Hg-Th-Np-Lu-Rh-Pu_dim2_nx7_ny1_persistence,phhist_Cu-Mn-Ni-Mo-Fe-Pt-Zn-Ca-Er-Au-Cd-Co-Gd-Na-Sm-Eu-Tb-V-Ag-Nd-U-Ba-Ce-K-Ga-Cr-Al-Li-Sc-Ru-In-Mg-Zr-Dy-W-Yb-Y-Ho-Re-Be-Rb-La-Sn-Cs-Pb-Pr-Bi-Tm-Sr-Ti-Hf-Ir-Nb-Pd-Hg-Th-Np-Lu-Rh-Pu_dim2_nx7_ny2_persistence,phhist_Cu-Mn-Ni-Mo-Fe-Pt-Zn-Ca-Er-Au-Cd-Co-Gd-Na-Sm-Eu-Tb-V-Ag-Nd-U-Ba-Ce-K-Ga-Cr-Al-Li-Sc-Ru-In-Mg-Zr-Dy-W-Yb-Y-Ho-Re-Be-Rb-La-Sn-Cs-Pb-Pr-Bi-Tm-Sr-Ti-Hf-Ir-Nb-Pd-Hg-Th-Np-Lu-Rh-Pu_dim2_nx7_ny3_persistence,phhist_Cu-Mn-Ni-Mo-Fe-Pt-Zn-Ca-Er-Au-Cd-Co-Gd-Na-Sm-Eu-Tb-V-Ag-Nd-U-Ba-Ce-K-Ga-Cr-Al-Li-Sc-Ru-In-Mg-Zr-Dy-W-Yb-Y-Ho-Re-Be-Rb-La-Sn-Cs-Pb-Pr-Bi-Tm-Sr-Ti-Hf-Ir-Nb-Pd-Hg-Th-Np-Lu-Rh-Pu_dim2_nx7_ny4_persistence,phhist_Cu-Mn-Ni-Mo-Fe-Pt-Zn-Ca-Er-Au-Cd-Co-Gd-Na-Sm-Eu-Tb-V-Ag-Nd-U-Ba-Ce-K-Ga-Cr-Al-Li-Sc-Ru-In-Mg-Zr-Dy-W-Yb-Y-Ho-Re-Be-Rb-La-Sn-Cs-Pb-Pr-Bi-Tm-Sr-Ti-Hf-Ir-Nb-Pd-Hg-Th-Np-Lu-Rh-Pu_dim2_nx7_ny5_persistence,phhist_Cu-Mn-Ni-Mo-Fe-Pt-Zn-Ca-Er-Au-Cd-Co-Gd-Na-Sm-Eu-Tb-V-Ag-Nd-U-Ba-Ce-K-Ga-Cr-Al-Li-Sc-Ru-In-Mg-Zr-Dy-W-Yb-Y-Ho-Re-Be-Rb-La-Sn-Cs-Pb-Pr-Bi-Tm-Sr-Ti-Hf-Ir-Nb-Pd-Hg-Th-Np-Lu-Rh-Pu_dim2_nx7_ny6_persistence,phhist_Cu-Mn-Ni-Mo-Fe-Pt-Zn-Ca-Er-Au-Cd-Co-Gd-Na-Sm-Eu-Tb-V-Ag-Nd-U-Ba-Ce-K-Ga-Cr-Al-Li-Sc-Ru-In-Mg-Zr-Dy-W-Yb-Y-Ho-Re-Be-Rb-La-Sn-Cs-Pb-Pr-Bi-Tm-Sr-Ti-Hf-Ir-Nb-Pd-Hg-Th-Np-Lu-Rh-Pu_dim2_nx7_ny7_persistence,phhist_Cu-Mn-Ni-Mo-Fe-Pt-Zn-Ca-Er-Au-Cd-Co-Gd-Na-Sm-Eu-Tb-V-Ag-Nd-U-Ba-Ce-K-Ga-Cr-Al-Li-Sc-Ru-In-Mg-Zr-Dy-W-Yb-Y-Ho-Re-Be-Rb-La-Sn-Cs-Pb-Pr-Bi-Tm-Sr-Ti-Hf-Ir-Nb-Pd-Hg-Th-Np-Lu-Rh-Pu_dim2_nx7_ny8_persistence,phhist_Cu-Mn-Ni-Mo-Fe-Pt-Zn-Ca-Er-Au-Cd-Co-Gd-Na-Sm-Eu-Tb-V-Ag-Nd-U-Ba-Ce-K-Ga-Cr-Al-Li-Sc-Ru-In-Mg-Zr-Dy-W-Yb-Y-Ho-Re-Be-Rb-La-Sn-Cs-Pb-Pr-Bi-Tm-Sr-Ti-Hf-Ir-Nb-Pd-Hg-Th-Np-Lu-Rh-Pu_dim2_nx7_ny9_persistence,phhist_Cu-Mn-Ni-Mo-Fe-Pt-Zn-Ca-Er-Au-Cd-Co-Gd-Na-Sm-Eu-Tb-V-Ag-Nd-U-Ba-Ce-K-Ga-Cr-Al-Li-Sc-Ru-In-Mg-Zr-Dy-W-Yb-Y-Ho-Re-Be-Rb-La-Sn-Cs-Pb-Pr-Bi-Tm-Sr-Ti-Hf-Ir-Nb-Pd-Hg-Th-Np-Lu-Rh-Pu_dim2_nx8_ny0_persistence,phhist_Cu-Mn-Ni-Mo-Fe-Pt-Zn-Ca-Er-Au-Cd-Co-Gd-Na-Sm-Eu-Tb-V-Ag-Nd-U-Ba-Ce-K-Ga-Cr-Al-Li-Sc-Ru-In-Mg-Zr-Dy-W-Yb-Y-Ho-Re-Be-Rb-La-Sn-Cs-Pb-Pr-Bi-Tm-Sr-Ti-Hf-Ir-Nb-Pd-Hg-Th-Np-Lu-Rh-Pu_dim2_nx8_ny1_persistence,phhist_Cu-Mn-Ni-Mo-Fe-Pt-Zn-Ca-Er-Au-Cd-Co-Gd-Na-Sm-Eu-Tb-V-Ag-Nd-U-Ba-Ce-K-Ga-Cr-Al-Li-Sc-Ru-In-Mg-Zr-Dy-W-Yb-Y-Ho-Re-Be-Rb-La-Sn-Cs-Pb-Pr-Bi-Tm-Sr-Ti-Hf-Ir-Nb-Pd-Hg-Th-Np-Lu-Rh-Pu_dim2_nx8_ny2_persistence,phhist_Cu-Mn-Ni-Mo-Fe-Pt-Zn-Ca-Er-Au-Cd-Co-Gd-Na-Sm-Eu-Tb-V-Ag-Nd-U-Ba-Ce-K-Ga-Cr-Al-Li-Sc-Ru-In-Mg-Zr-Dy-W-Yb-Y-Ho-Re-Be-Rb-La-Sn-Cs-Pb-Pr-Bi-Tm-Sr-Ti-Hf-Ir-Nb-Pd-Hg-Th-Np-Lu-Rh-Pu_dim2_nx8_ny3_persistence,phhist_Cu-Mn-Ni-Mo-Fe-Pt-Zn-Ca-Er-Au-Cd-Co-Gd-Na-Sm-Eu-Tb-V-Ag-Nd-U-Ba-Ce-K-Ga-Cr-Al-Li-Sc-Ru-In-Mg-Zr-Dy-W-Yb-Y-Ho-Re-Be-Rb-La-Sn-Cs-Pb-Pr-Bi-Tm-Sr-Ti-Hf-Ir-Nb-Pd-Hg-Th-Np-Lu-Rh-Pu_dim2_nx8_ny4_persistence,phhist_Cu-Mn-Ni-Mo-Fe-Pt-Zn-Ca-Er-Au-Cd-Co-Gd-Na-Sm-Eu-Tb-V-Ag-Nd-U-Ba-Ce-K-Ga-Cr-Al-Li-Sc-Ru-In-Mg-Zr-Dy-W-Yb-Y-Ho-Re-Be-Rb-La-Sn-Cs-Pb-Pr-Bi-Tm-Sr-Ti-Hf-Ir-Nb-Pd-Hg-Th-Np-Lu-Rh-Pu_dim2_nx8_ny5_persistence,phhist_Cu-Mn-Ni-Mo-Fe-Pt-Zn-Ca-Er-Au-Cd-Co-Gd-Na-Sm-Eu-Tb-V-Ag-Nd-U-Ba-Ce-K-Ga-Cr-Al-Li-Sc-Ru-In-Mg-Zr-Dy-W-Yb-Y-Ho-Re-Be-Rb-La-Sn-Cs-Pb-Pr-Bi-Tm-Sr-Ti-Hf-Ir-Nb-Pd-Hg-Th-Np-Lu-Rh-Pu_dim2_nx8_ny6_persistence,phhist_Cu-Mn-Ni-Mo-Fe-Pt-Zn-Ca-Er-Au-Cd-Co-Gd-Na-Sm-Eu-Tb-V-Ag-Nd-U-Ba-Ce-K-Ga-Cr-Al-Li-Sc-Ru-In-Mg-Zr-Dy-W-Yb-Y-Ho-Re-Be-Rb-La-Sn-Cs-Pb-Pr-Bi-Tm-Sr-Ti-Hf-Ir-Nb-Pd-Hg-Th-Np-Lu-Rh-Pu_dim2_nx8_ny7_persistence,phhist_Cu-Mn-Ni-Mo-Fe-Pt-Zn-Ca-Er-Au-Cd-Co-Gd-Na-Sm-Eu-Tb-V-Ag-Nd-U-Ba-Ce-K-Ga-Cr-Al-Li-Sc-Ru-In-Mg-Zr-Dy-W-Yb-Y-Ho-Re-Be-Rb-La-Sn-Cs-Pb-Pr-Bi-Tm-Sr-Ti-Hf-Ir-Nb-Pd-Hg-Th-Np-Lu-Rh-Pu_dim2_nx8_ny8_persistence,phhist_Cu-Mn-Ni-Mo-Fe-Pt-Zn-Ca-Er-Au-Cd-Co-Gd-Na-Sm-Eu-Tb-V-Ag-Nd-U-Ba-Ce-K-Ga-Cr-Al-Li-Sc-Ru-In-Mg-Zr-Dy-W-Yb-Y-Ho-Re-Be-Rb-La-Sn-Cs-Pb-Pr-Bi-Tm-Sr-Ti-Hf-Ir-Nb-Pd-Hg-Th-Np-Lu-Rh-Pu_dim2_nx8_ny9_persistence,phhist_Cu-Mn-Ni-Mo-Fe-Pt-Zn-Ca-Er-Au-Cd-Co-Gd-Na-Sm-Eu-Tb-V-Ag-Nd-U-Ba-Ce-K-Ga-Cr-Al-Li-Sc-Ru-In-Mg-Zr-Dy-W-Yb-Y-Ho-Re-Be-Rb-La-Sn-Cs-Pb-Pr-Bi-Tm-Sr-Ti-Hf-Ir-Nb-Pd-Hg-Th-Np-Lu-Rh-Pu_dim2_nx9_ny0_persistence,phhist_Cu-Mn-Ni-Mo-Fe-Pt-Zn-Ca-Er-Au-Cd-Co-Gd-Na-Sm-Eu-Tb-V-Ag-Nd-U-Ba-Ce-K-Ga-Cr-Al-Li-Sc-Ru-In-Mg-Zr-Dy-W-Yb-Y-Ho-Re-Be-Rb-La-Sn-Cs-Pb-Pr-Bi-Tm-Sr-Ti-Hf-Ir-Nb-Pd-Hg-Th-Np-Lu-Rh-Pu_dim2_nx9_ny1_persistence,phhist_Cu-Mn-Ni-Mo-Fe-Pt-Zn-Ca-Er-Au-Cd-Co-Gd-Na-Sm-Eu-Tb-V-Ag-Nd-U-Ba-Ce-K-Ga-Cr-Al-Li-Sc-Ru-In-Mg-Zr-Dy-W-Yb-Y-Ho-Re-Be-Rb-La-Sn-Cs-Pb-Pr-Bi-Tm-Sr-Ti-Hf-Ir-Nb-Pd-Hg-Th-Np-Lu-Rh-Pu_dim2_nx9_ny2_persistence,phhist_Cu-Mn-Ni-Mo-Fe-Pt-Zn-Ca-Er-Au-Cd-Co-Gd-Na-Sm-Eu-Tb-V-Ag-Nd-U-Ba-Ce-K-Ga-Cr-Al-Li-Sc-Ru-In-Mg-Zr-Dy-W-Yb-Y-Ho-Re-Be-Rb-La-Sn-Cs-Pb-Pr-Bi-Tm-Sr-Ti-Hf-Ir-Nb-Pd-Hg-Th-Np-Lu-Rh-Pu_dim2_nx9_ny3_persistence,phhist_Cu-Mn-Ni-Mo-Fe-Pt-Zn-Ca-Er-Au-Cd-Co-Gd-Na-Sm-Eu-Tb-V-Ag-Nd-U-Ba-Ce-K-Ga-Cr-Al-Li-Sc-Ru-In-Mg-Zr-Dy-W-Yb-Y-Ho-Re-Be-Rb-La-Sn-Cs-Pb-Pr-Bi-Tm-Sr-Ti-Hf-Ir-Nb-Pd-Hg-Th-Np-Lu-Rh-Pu_dim2_nx9_ny4_persistence,phhist_Cu-Mn-Ni-Mo-Fe-Pt-Zn-Ca-Er-Au-Cd-Co-Gd-Na-Sm-Eu-Tb-V-Ag-Nd-U-Ba-Ce-K-Ga-Cr-Al-Li-Sc-Ru-In-Mg-Zr-Dy-W-Yb-Y-Ho-Re-Be-Rb-La-Sn-Cs-Pb-Pr-Bi-Tm-Sr-Ti-Hf-Ir-Nb-Pd-Hg-Th-Np-Lu-Rh-Pu_dim2_nx9_ny5_persistence,phhist_Cu-Mn-Ni-Mo-Fe-Pt-Zn-Ca-Er-Au-Cd-Co-Gd-Na-Sm-Eu-Tb-V-Ag-Nd-U-Ba-Ce-K-Ga-Cr-Al-Li-Sc-Ru-In-Mg-Zr-Dy-W-Yb-Y-Ho-Re-Be-Rb-La-Sn-Cs-Pb-Pr-Bi-Tm-Sr-Ti-Hf-Ir-Nb-Pd-Hg-Th-Np-Lu-Rh-Pu_dim2_nx9_ny6_persistence,phhist_Cu-Mn-Ni-Mo-Fe-Pt-Zn-Ca-Er-Au-Cd-Co-Gd-Na-Sm-Eu-Tb-V-Ag-Nd-U-Ba-Ce-K-Ga-Cr-Al-Li-Sc-Ru-In-Mg-Zr-Dy-W-Yb-Y-Ho-Re-Be-Rb-La-Sn-Cs-Pb-Pr-Bi-Tm-Sr-Ti-Hf-Ir-Nb-Pd-Hg-Th-Np-Lu-Rh-Pu_dim2_nx9_ny7_persistence,phhist_Cu-Mn-Ni-Mo-Fe-Pt-Zn-Ca-Er-Au-Cd-Co-Gd-Na-Sm-Eu-Tb-V-Ag-Nd-U-Ba-Ce-K-Ga-Cr-Al-Li-Sc-Ru-In-Mg-Zr-Dy-W-Yb-Y-Ho-Re-Be-Rb-La-Sn-Cs-Pb-Pr-Bi-Tm-Sr-Ti-Hf-Ir-Nb-Pd-Hg-Th-Np-Lu-Rh-Pu_dim2_nx9_ny8_persistence,phhist_Cu-Mn-Ni-Mo-Fe-Pt-Zn-Ca-Er-Au-Cd-Co-Gd-Na-Sm-Eu-Tb-V-Ag-Nd-U-Ba-Ce-K-Ga-Cr-Al-Li-Sc-Ru-In-Mg-Zr-Dy-W-Yb-Y-Ho-Re-Be-Rb-La-Sn-Cs-Pb-Pr-Bi-Tm-Sr-Ti-Hf-Ir-Nb-Pd-Hg-Th-Np-Lu-Rh-Pu_dim2_nx9_ny9_persistence,phhist_all_dim1_nx0_ny0_persistence,phhist_all_dim1_nx0_ny1_persistence,phhist_all_dim1_nx0_ny2_persistence,phhist_all_dim1_nx0_ny3_persistence,phhist_all_dim1_nx0_ny4_persistence,phhist_all_dim1_nx0_ny5_persistence,phhist_all_dim1_nx0_ny6_persistence,phhist_all_dim1_nx0_ny7_persistence,phhist_all_dim1_nx0_ny8_persistence,phhist_all_dim1_nx0_ny9_persistence,phhist_all_dim1_nx1_ny0_persistence,phhist_all_dim1_nx1_ny1_persistence,phhist_all_dim1_nx1_ny2_persistence,phhist_all_dim1_nx1_ny3_persistence,phhist_all_dim1_nx1_ny4_persistence,phhist_all_dim1_nx1_ny5_persistence,phhist_all_dim1_nx1_ny6_persistence,phhist_all_dim1_nx1_ny7_persistence,phhist_all_dim1_nx1_ny8_persistence,phhist_all_dim1_nx1_ny9_persistence,phhist_all_dim1_nx2_ny0_persistence,phhist_all_dim1_nx2_ny1_persistence,phhist_all_dim1_nx2_ny2_persistence,phhist_all_dim1_nx2_ny3_persistence,phhist_all_dim1_nx2_ny4_persistence,phhist_all_dim1_nx2_ny5_persistence,phhist_all_dim1_nx2_ny6_persistence,phhist_all_dim1_nx2_ny7_persistence,phhist_all_dim1_nx2_ny8_persistence,phhist_all_dim1_nx2_ny9_persistence,phhist_all_dim1_nx3_ny0_persistence,phhist_all_dim1_nx3_ny1_persistence,phhist_all_dim1_nx3_ny2_persistence,phhist_all_dim1_nx3_ny3_persistence,phhist_all_dim1_nx3_ny4_persistence,phhist_all_dim1_nx3_ny5_persistence,phhist_all_dim1_nx3_ny6_persistence,phhist_all_dim1_nx3_ny7_persistence,phhist_all_dim1_nx3_ny8_persistence,phhist_all_dim1_nx3_ny9_persistence,phhist_all_dim1_nx4_ny0_persistence,phhist_all_dim1_nx4_ny1_persistence,phhist_all_dim1_nx4_ny2_persistence,phhist_all_dim1_nx4_ny3_persistence,phhist_all_dim1_nx4_ny4_persistence,phhist_all_dim1_nx4_ny5_persistence,phhist_all_dim1_nx4_ny6_persistence,phhist_all_dim1_nx4_ny7_persistence,phhist_all_dim1_nx4_ny8_persistence,phhist_all_dim1_nx4_ny9_persistence,phhist_all_dim1_nx5_ny0_persistence,phhist_all_dim1_nx5_ny1_persistence,phhist_all_dim1_nx5_ny2_persistence,phhist_all_dim1_nx5_ny3_persistence,phhist_all_dim1_nx5_ny4_persistence,phhist_all_dim1_nx5_ny5_persistence,phhist_all_dim1_nx5_ny6_persistence,phhist_all_dim1_nx5_ny7_persistence,phhist_all_dim1_nx5_ny8_persistence,phhist_all_dim1_nx5_ny9_persistence,phhist_all_dim1_nx6_ny0_persistence,phhist_all_dim1_nx6_ny1_persistence,phhist_all_dim1_nx6_ny2_persistence,phhist_all_dim1_nx6_ny3_persistence,phhist_all_dim1_nx6_ny4_persistence,phhist_all_dim1_nx6_ny5_persistence,phhist_all_dim1_nx6_ny6_persistence,phhist_all_dim1_nx6_ny7_persistence,phhist_all_dim1_nx6_ny8_persistence,phhist_all_dim1_nx6_ny9_persistence,phhist_all_dim1_nx7_ny0_persistence,phhist_all_dim1_nx7_ny1_persistence,phhist_all_dim1_nx7_ny2_persistence,phhist_all_dim1_nx7_ny3_persistence,phhist_all_dim1_nx7_ny4_persistence,phhist_all_dim1_nx7_ny5_persistence,phhist_all_dim1_nx7_ny6_persistence,phhist_all_dim1_nx7_ny7_persistence,phhist_all_dim1_nx7_ny8_persistence,phhist_all_dim1_nx7_ny9_persistence,phhist_all_dim1_nx8_ny0_persistence,phhist_all_dim1_nx8_ny1_persistence,phhist_all_dim1_nx8_ny2_persistence,phhist_all_dim1_nx8_ny3_persistence,phhist_all_dim1_nx8_ny4_persistence,phhist_all_dim1_nx8_ny5_persistence,phhist_all_dim1_nx8_ny6_persistence,phhist_all_dim1_nx8_ny7_persistence,phhist_all_dim1_nx8_ny8_persistence,phhist_all_dim1_nx8_ny9_persistence,phhist_all_dim1_nx9_ny0_persistence,phhist_all_dim1_nx9_ny1_persistence,phhist_all_dim1_nx9_ny2_persistence,phhist_all_dim1_nx9_ny3_persistence,phhist_all_dim1_nx9_ny4_persistence,phhist_all_dim1_nx9_ny5_persistence,phhist_all_dim1_nx9_ny6_persistence,phhist_all_dim1_nx9_ny7_persistence,phhist_all_dim1_nx9_ny8_persistence,phhist_all_dim1_nx9_ny9_persistence,phhist_all_dim2_nx0_ny0_persistence,phhist_all_dim2_nx0_ny1_persistence,phhist_all_dim2_nx0_ny2_persistence,phhist_all_dim2_nx0_ny3_persistence,phhist_all_dim2_nx0_ny4_persistence,phhist_all_dim2_nx0_ny5_persistence,phhist_all_dim2_nx0_ny6_persistence,phhist_all_dim2_nx0_ny7_persistence,phhist_all_dim2_nx0_ny8_persistence,phhist_all_dim2_nx0_ny9_persistence,phhist_all_dim2_nx1_ny0_persistence,phhist_all_dim2_nx1_ny1_persistence,phhist_all_dim2_nx1_ny2_persistence,phhist_all_dim2_nx1_ny3_persistence,phhist_all_dim2_nx1_ny4_persistence,phhist_all_dim2_nx1_ny5_persistence,phhist_all_dim2_nx1_ny6_persistence,phhist_all_dim2_nx1_ny7_persistence,phhist_all_dim2_nx1_ny8_persistence,phhist_all_dim2_nx1_ny9_persistence,phhist_all_dim2_nx2_ny0_persistence,phhist_all_dim2_nx2_ny1_persistence,phhist_all_dim2_nx2_ny2_persistence,phhist_all_dim2_nx2_ny3_persistence,phhist_all_dim2_nx2_ny4_persistence,phhist_all_dim2_nx2_ny5_persistence,phhist_all_dim2_nx2_ny6_persistence,phhist_all_dim2_nx2_ny7_persistence,phhist_all_dim2_nx2_ny8_persistence,phhist_all_dim2_nx2_ny9_persistence,phhist_all_dim2_nx3_ny0_persistence,phhist_all_dim2_nx3_ny1_persistence,phhist_all_dim2_nx3_ny2_persistence,phhist_all_dim2_nx3_ny3_persistence,phhist_all_dim2_nx3_ny4_persistence,phhist_all_dim2_nx3_ny5_persistence,phhist_all_dim2_nx3_ny6_persistence,phhist_all_dim2_nx3_ny7_persistence,phhist_all_dim2_nx3_ny8_persistence,phhist_all_dim2_nx3_ny9_persistence,phhist_all_dim2_nx4_ny0_persistence,phhist_all_dim2_nx4_ny1_persistence,phhist_all_dim2_nx4_ny2_persistence,phhist_all_dim2_nx4_ny3_persistence,phhist_all_dim2_nx4_ny4_persistence,phhist_all_dim2_nx4_ny5_persistence,phhist_all_dim2_nx4_ny6_persistence,phhist_all_dim2_nx4_ny7_persistence,phhist_all_dim2_nx4_ny8_persistence,phhist_all_dim2_nx4_ny9_persistence,phhist_all_dim2_nx5_ny0_persistence,phhist_all_dim2_nx5_ny1_persistence,phhist_all_dim2_nx5_ny2_persistence,phhist_all_dim2_nx5_ny3_persistence,phhist_all_dim2_nx5_ny4_persistence,phhist_all_dim2_nx5_ny5_persistence,phhist_all_dim2_nx5_ny6_persistence,phhist_all_dim2_nx5_ny7_persistence,phhist_all_dim2_nx5_ny8_persistence,phhist_all_dim2_nx5_ny9_persistence,phhist_all_dim2_nx6_ny0_persistence,phhist_all_dim2_nx6_ny1_persistence,phhist_all_dim2_nx6_ny2_persistence,phhist_all_dim2_nx6_ny3_persistence,phhist_all_dim2_nx6_ny4_persistence,phhist_all_dim2_nx6_ny5_persistence,phhist_all_dim2_nx6_ny6_persistence,phhist_all_dim2_nx6_ny7_persistence,phhist_all_dim2_nx6_ny8_persistence,phhist_all_dim2_nx6_ny9_persistence,phhist_all_dim2_nx7_ny0_persistence,phhist_all_dim2_nx7_ny1_persistence,phhist_all_dim2_nx7_ny2_persistence,phhist_all_dim2_nx7_ny3_persistence,phhist_all_dim2_nx7_ny4_persistence,phhist_all_dim2_nx7_ny5_persistence,phhist_all_dim2_nx7_ny6_persistence,phhist_all_dim2_nx7_ny7_persistence,phhist_all_dim2_nx7_ny8_persistence,phhist_all_dim2_nx7_ny9_persistence,phhist_all_dim2_nx8_ny0_persistence,phhist_all_dim2_nx8_ny1_persistence,phhist_all_dim2_nx8_ny2_persistence,phhist_all_dim2_nx8_ny3_persistence,phhist_all_dim2_nx8_ny4_persistence,phhist_all_dim2_nx8_ny5_persistence,phhist_all_dim2_nx8_ny6_persistence,phhist_all_dim2_nx8_ny7_persistence,phhist_all_dim2_nx8_ny8_persistence,phhist_all_dim2_nx8_ny9_persistence,phhist_all_dim2_nx9_ny0_persistence,phhist_all_dim2_nx9_ny1_persistence,phhist_all_dim2_nx9_ny2_persistence,phhist_all_dim2_nx9_ny3_persistence,phhist_all_dim2_nx9_ny4_persistence,phhist_all_dim2_nx9_ny5_persistence,phhist_all_dim2_nx9_ny6_persistence,phhist_all_dim2_nx9_ny7_persistence,phhist_all_dim2_nx9_ny8_persistence,phhist_all_dim2_nx9_ny9_persistence,lis,lifs,lifsp,aprdf_X_avg_0,aprdf_X_avg_1,aprdf_X_avg_2,aprdf_X_avg_3,aprdf_X_avg_4,aprdf_X_avg_5,aprdf_X_avg_6,aprdf_X_avg_7,aprdf_X_avg_8,aprdf_X_avg_9,aprdf_X_avg_10,aprdf_X_avg_11,aprdf_X_avg_12,aprdf_X_avg_13,aprdf_X_avg_14,aprdf_X_avg_15,aprdf_X_avg_16,aprdf_X_avg_17,aprdf_X_avg_18,aprdf_X_avg_19,aprdf_X_avg_20,aprdf_X_avg_21,aprdf_X_avg_22,aprdf_X_avg_23,aprdf_X_avg_24,aprdf_X_avg_25,aprdf_X_avg_26,aprdf_X_avg_27,aprdf_X_avg_28,aprdf_X_avg_29,aprdf_X_avg_30,aprdf_X_avg_31,aprdf_X_avg_32,aprdf_X_avg_33,aprdf_X_avg_34,aprdf_X_avg_35,aprdf_X_avg_36,aprdf_X_avg_37,aprdf_X_avg_38,aprdf_X_avg_39,aprdf_X_avg_40,aprdf_X_avg_41,aprdf_X_avg_42,aprdf_X_avg_43,aprdf_X_avg_44,aprdf_X_avg_45,aprdf_X_avg_46,aprdf_X_avg_47,aprdf_X_avg_48,aprdf_X_avg_49,aprdf_X_avg_50,aprdf_X_avg_51,aprdf_X_avg_52,aprdf_X_avg_53,aprdf_X_avg_54,aprdf_X_avg_55,aprdf_X_avg_56,aprdf_X_avg_57,aprdf_X_avg_58,aprdf_X_avg_59,aprdf_X_avg_60,aprdf_X_avg_61,aprdf_X_avg_62,aprdf_X_avg_63,aprdf_X_avg_64,aprdf_X_avg_65,aprdf_X_avg_66,aprdf_X_avg_67,aprdf_X_avg_68,aprdf_X_avg_69,aprdf_X_avg_70,aprdf_X_avg_71,aprdf_X_product_0,aprdf_X_product_1,aprdf_X_product_2,aprdf_X_product_3,aprdf_X_product_4,aprdf_X_product_5,aprdf_X_product_6,aprdf_X_product_7,aprdf_X_product_8,aprdf_X_product_9,aprdf_X_product_10,aprdf_X_product_11,aprdf_X_product_12,aprdf_X_product_13,aprdf_X_product_14,aprdf_X_product_15,aprdf_X_product_16,aprdf_X_product_17,aprdf_X_product_18,aprdf_X_product_19,aprdf_X_product_20,aprdf_X_product_21,aprdf_X_product_22,aprdf_X_product_23,aprdf_X_product_24,aprdf_X_product_25,aprdf_X_product_26,aprdf_X_product_27,aprdf_X_product_28,aprdf_X_product_29,aprdf_X_product_30,aprdf_X_product_31,aprdf_X_product_32,aprdf_X_product_33,aprdf_X_product_34,aprdf_X_product_35,aprdf_X_product_36,aprdf_X_product_37,aprdf_X_product_38,aprdf_X_product_39,aprdf_X_product_40,aprdf_X_product_41,aprdf_X_product_42,aprdf_X_product_43,aprdf_X_product_44,aprdf_X_product_45,aprdf_X_product_46,aprdf_X_product_47,aprdf_X_product_48,aprdf_X_product_49,aprdf_X_product_50,aprdf_X_product_51,aprdf_X_product_52,aprdf_X_product_53,aprdf_X_product_54,aprdf_X_product_55,aprdf_X_product_56,aprdf_X_product_57,aprdf_X_product_58,aprdf_X_product_59,aprdf_X_product_60,aprdf_X_product_61,aprdf_X_product_62,aprdf_X_product_63,aprdf_X_product_64,aprdf_X_product_65,aprdf_X_product_66,aprdf_X_product_67,aprdf_X_product_68,aprdf_X_product_69,aprdf_X_product_70,aprdf_X_product_71,aprdf_X_diff_0,aprdf_X_diff_1,aprdf_X_diff_2,aprdf_X_diff_3,aprdf_X_diff_4,aprdf_X_diff_5,aprdf_X_diff_6,aprdf_X_diff_7,aprdf_X_diff_8,aprdf_X_diff_9,aprdf_X_diff_10,aprdf_X_diff_11,aprdf_X_diff_12,aprdf_X_diff_13,aprdf_X_diff_14,aprdf_X_diff_15,aprdf_X_diff_16,aprdf_X_diff_17,aprdf_X_diff_18,aprdf_X_diff_19,aprdf_X_diff_20,aprdf_X_diff_21,aprdf_X_diff_22,aprdf_X_diff_23,aprdf_X_diff_24,aprdf_X_diff_25,aprdf_X_diff_26,aprdf_X_diff_27,aprdf_X_diff_28,aprdf_X_diff_29,aprdf_X_diff_30,aprdf_X_diff_31,aprdf_X_diff_32,aprdf_X_diff_33,aprdf_X_diff_34,aprdf_X_diff_35,aprdf_X_diff_36,aprdf_X_diff_37,aprdf_X_diff_38,aprdf_X_diff_39,aprdf_X_diff_40,aprdf_X_diff_41,aprdf_X_diff_42,aprdf_X_diff_43,aprdf_X_diff_44,aprdf_X_diff_45,aprdf_X_diff_46,aprdf_X_diff_47,aprdf_X_diff_48,aprdf_X_diff_49,aprdf_X_diff_50,aprdf_X_diff_51,aprdf_X_diff_52,aprdf_X_diff_53,aprdf_X_diff_54,aprdf_X_diff_55,aprdf_X_diff_56,aprdf_X_diff_57,aprdf_X_diff_58,aprdf_X_diff_59,aprdf_X_diff_60,aprdf_X_diff_61,aprdf_X_diff_62,aprdf_X_diff_63,aprdf_X_diff_64,aprdf_X_diff_65,aprdf_X_diff_66,aprdf_X_diff_67,aprdf_X_diff_68,aprdf_X_diff_69,aprdf_X_diff_70,aprdf_X_diff_71,aprdf_electron_affinity_avg_0,aprdf_electron_affinity_avg_1,aprdf_electron_affinity_avg_2,aprdf_electron_affinity_avg_3,aprdf_electron_affinity_avg_4,aprdf_electron_affinity_avg_5,aprdf_electron_affinity_avg_6,aprdf_electron_affinity_avg_7,aprdf_electron_affinity_avg_8,aprdf_electron_affinity_avg_9,aprdf_electron_affinity_avg_10,aprdf_electron_affinity_avg_11,aprdf_electron_affinity_avg_12,aprdf_electron_affinity_avg_13,aprdf_electron_affinity_avg_14,aprdf_electron_affinity_avg_15,aprdf_electron_affinity_avg_16,aprdf_electron_affinity_avg_17,aprdf_electron_affinity_avg_18,aprdf_electron_affinity_avg_19,aprdf_electron_affinity_avg_20,aprdf_electron_affinity_avg_21,aprdf_electron_affinity_avg_22,aprdf_electron_affinity_avg_23,aprdf_electron_affinity_avg_24,aprdf_electron_affinity_avg_25,aprdf_electron_affinity_avg_26,aprdf_electron_affinity_avg_27,aprdf_electron_affinity_avg_28,aprdf_electron_affinity_avg_29,aprdf_electron_affinity_avg_30,aprdf_electron_affinity_avg_31,aprdf_electron_affinity_avg_32,aprdf_electron_affinity_avg_33,aprdf_electron_affinity_avg_34,aprdf_electron_affinity_avg_35,aprdf_electron_affinity_avg_36,aprdf_electron_affinity_avg_37,aprdf_electron_affinity_avg_38,aprdf_electron_affinity_avg_39,aprdf_electron_affinity_avg_40,aprdf_electron_affinity_avg_41,aprdf_electron_affinity_avg_42,aprdf_electron_affinity_avg_43,aprdf_electron_affinity_avg_44,aprdf_electron_affinity_avg_45,aprdf_electron_affinity_avg_46,aprdf_electron_affinity_avg_47,aprdf_electron_affinity_avg_48,aprdf_electron_affinity_avg_49,aprdf_electron_affinity_avg_50,aprdf_electron_affinity_avg_51,aprdf_electron_affinity_avg_52,aprdf_electron_affinity_avg_53,aprdf_electron_affinity_avg_54,aprdf_electron_affinity_avg_55,aprdf_electron_affinity_avg_56,aprdf_electron_affinity_avg_57,aprdf_electron_affinity_avg_58,aprdf_electron_affinity_avg_59,aprdf_electron_affinity_avg_60,aprdf_electron_affinity_avg_61,aprdf_electron_affinity_avg_62,aprdf_electron_affinity_avg_63,aprdf_electron_affinity_avg_64,aprdf_electron_affinity_avg_65,aprdf_electron_affinity_avg_66,aprdf_electron_affinity_avg_67,aprdf_electron_affinity_avg_68,aprdf_electron_affinity_avg_69,aprdf_electron_affinity_avg_70,aprdf_electron_affinity_avg_71,aprdf_electron_affinity_product_0,aprdf_electron_affinity_product_1,aprdf_electron_affinity_product_2,aprdf_electron_affinity_product_3,aprdf_electron_affinity_product_4,aprdf_electron_affinity_product_5,aprdf_electron_affinity_product_6,aprdf_electron_affinity_product_7,aprdf_electron_affinity_product_8,aprdf_electron_affinity_product_9,aprdf_electron_affinity_product_10,aprdf_electron_affinity_product_11,aprdf_electron_affinity_product_12,aprdf_electron_affinity_product_13,aprdf_electron_affinity_product_14,aprdf_electron_affinity_product_15,aprdf_electron_affinity_product_16,aprdf_electron_affinity_product_17,aprdf_electron_affinity_product_18,aprdf_electron_affinity_product_19,aprdf_electron_affinity_product_20,aprdf_electron_affinity_product_21,aprdf_electron_affinity_product_22,aprdf_electron_affinity_product_23,aprdf_electron_affinity_product_24,aprdf_electron_affinity_product_25,aprdf_electron_affinity_product_26,aprdf_electron_affinity_product_27,aprdf_electron_affinity_product_28,aprdf_electron_affinity_product_29,aprdf_electron_affinity_product_30,aprdf_electron_affinity_product_31,aprdf_electron_affinity_product_32,aprdf_electron_affinity_product_33,aprdf_electron_affinity_product_34,aprdf_electron_affinity_product_35,aprdf_electron_affinity_product_36,aprdf_electron_affinity_product_37,aprdf_electron_affinity_product_38,aprdf_electron_affinity_product_39,aprdf_electron_affinity_product_40,aprdf_electron_affinity_product_41,aprdf_electron_affinity_product_42,aprdf_electron_affinity_product_43,aprdf_electron_affinity_product_44,aprdf_electron_affinity_product_45,aprdf_electron_affinity_product_46,aprdf_electron_affinity_product_47,aprdf_electron_affinity_product_48,aprdf_electron_affinity_product_49,aprdf_electron_affinity_product_50,aprdf_electron_affinity_product_51,aprdf_electron_affinity_product_52,aprdf_electron_affinity_product_53,aprdf_electron_affinity_product_54,aprdf_electron_affinity_product_55,aprdf_electron_affinity_product_56,aprdf_electron_affinity_product_57,aprdf_electron_affinity_product_58,aprdf_electron_affinity_product_59,aprdf_electron_affinity_product_60,aprdf_electron_affinity_product_61,aprdf_electron_affinity_product_62,aprdf_electron_affinity_product_63,aprdf_electron_affinity_product_64,aprdf_electron_affinity_product_65,aprdf_electron_affinity_product_66,aprdf_electron_affinity_product_67,aprdf_electron_affinity_product_68,aprdf_electron_affinity_product_69,aprdf_electron_affinity_product_70,aprdf_electron_affinity_product_71,aprdf_electron_affinity_diff_0,aprdf_electron_affinity_diff_1,aprdf_electron_affinity_diff_2,aprdf_electron_affinity_diff_3,aprdf_electron_affinity_diff_4,aprdf_electron_affinity_diff_5,aprdf_electron_affinity_diff_6,aprdf_electron_affinity_diff_7,aprdf_electron_affinity_diff_8,aprdf_electron_affinity_diff_9,aprdf_electron_affinity_diff_10,aprdf_electron_affinity_diff_11,aprdf_electron_affinity_diff_12,aprdf_electron_affinity_diff_13,aprdf_electron_affinity_diff_14,aprdf_electron_affinity_diff_15,aprdf_electron_affinity_diff_16,aprdf_electron_affinity_diff_17,aprdf_electron_affinity_diff_18,aprdf_electron_affinity_diff_19,aprdf_electron_affinity_diff_20,aprdf_electron_affinity_diff_21,aprdf_electron_affinity_diff_22,aprdf_electron_affinity_diff_23,aprdf_electron_affinity_diff_24,aprdf_electron_affinity_diff_25,aprdf_electron_affinity_diff_26,aprdf_electron_affinity_diff_27,aprdf_electron_affinity_diff_28,aprdf_electron_affinity_diff_29,aprdf_electron_affinity_diff_30,aprdf_electron_affinity_diff_31,aprdf_electron_affinity_diff_32,aprdf_electron_affinity_diff_33,aprdf_electron_affinity_diff_34,aprdf_electron_affinity_diff_35,aprdf_electron_affinity_diff_36,aprdf_electron_affinity_diff_37,aprdf_electron_affinity_diff_38,aprdf_electron_affinity_diff_39,aprdf_electron_affinity_diff_40,aprdf_electron_affinity_diff_41,aprdf_electron_affinity_diff_42,aprdf_electron_affinity_diff_43,aprdf_electron_affinity_diff_44,aprdf_electron_affinity_diff_45,aprdf_electron_affinity_diff_46,aprdf_electron_affinity_diff_47,aprdf_electron_affinity_diff_48,aprdf_electron_affinity_diff_49,aprdf_electron_affinity_diff_50,aprdf_electron_affinity_diff_51,aprdf_electron_affinity_diff_52,aprdf_electron_affinity_diff_53,aprdf_electron_affinity_diff_54,aprdf_electron_affinity_diff_55,aprdf_electron_affinity_diff_56,aprdf_electron_affinity_diff_57,aprdf_electron_affinity_diff_58,aprdf_electron_affinity_diff_59,aprdf_electron_affinity_diff_60,aprdf_electron_affinity_diff_61,aprdf_electron_affinity_diff_62,aprdf_electron_affinity_diff_63,aprdf_electron_affinity_diff_64,aprdf_electron_affinity_diff_65,aprdf_electron_affinity_diff_66,aprdf_electron_affinity_diff_67,aprdf_electron_affinity_diff_68,aprdf_electron_affinity_diff_69,aprdf_electron_affinity_diff_70,aprdf_electron_affinity_diff_71,uc_volume_1.525,density_1.525,asa_a2_1.525,asa_m2cm3_1.525,asa_m2g_1.525,nasa_a2_1.525,nasa_m2cm3_1.525,nasa_m2g_1.525,phimage_C-H-N-O_0_0_0,phimage_C-H-N-O_0_0_1,phimage_C-H-N-O_0_0_2,phimage_C-H-N-O_0_0_3,phimage_C-H-N-O_0_0_4,phimage_C-H-N-O_0_0_5,phimage_C-H-N-O_0_0_6,phimage_C-H-N-O_0_0_7,phimage_C-H-N-O_0_0_8,phimage_C-H-N-O_0_0_9,phimage_C-H-N-O_0_0_10,phimage_C-H-N-O_0_0_11,phimage_C-H-N-O_0_0_12,phimage_C-H-N-O_0_0_13,phimage_C-H-N-O_0_0_14,phimage_C-H-N-O_0_0_15,phimage_C-H-N-O_0_0_16,phimage_C-H-N-O_0_0_17,phimage_C-H-N-O_0_0_18,phimage_C-H-N-O_0_0_19,phimage_C-H-N-O_0_1_0,phimage_C-H-N-O_0_1_1,phimage_C-H-N-O_0_1_2,phimage_C-H-N-O_0_1_3,phimage_C-H-N-O_0_1_4,phimage_C-H-N-O_0_1_5,phimage_C-H-N-O_0_1_6,phimage_C-H-N-O_0_1_7,phimage_C-H-N-O_0_1_8,phimage_C-H-N-O_0_1_9,phimage_C-H-N-O_0_1_10,phimage_C-H-N-O_0_1_11,phimage_C-H-N-O_0_1_12,phimage_C-H-N-O_0_1_13,phimage_C-H-N-O_0_1_14,phimage_C-H-N-O_0_1_15,phimage_C-H-N-O_0_1_16,phimage_C-H-N-O_0_1_17,phimage_C-H-N-O_0_1_18,phimage_C-H-N-O_0_1_19,phimage_C-H-N-O_0_2_0,phimage_C-H-N-O_0_2_1,phimage_C-H-N-O_0_2_2,phimage_C-H-N-O_0_2_3,phimage_C-H-N-O_0_2_4,phimage_C-H-N-O_0_2_5,phimage_C-H-N-O_0_2_6,phimage_C-H-N-O_0_2_7,phimage_C-H-N-O_0_2_8,phimage_C-H-N-O_0_2_9,phimage_C-H-N-O_0_2_10,phimage_C-H-N-O_0_2_11,phimage_C-H-N-O_0_2_12,phimage_C-H-N-O_0_2_13,phimage_C-H-N-O_0_2_14,phimage_C-H-N-O_0_2_15,phimage_C-H-N-O_0_2_16,phimage_C-H-N-O_0_2_17,phimage_C-H-N-O_0_2_18,phimage_C-H-N-O_0_2_19,phimage_C-H-N-O_0_3_0,phimage_C-H-N-O_0_3_1,phimage_C-H-N-O_0_3_2,phimage_C-H-N-O_0_3_3,phimage_C-H-N-O_0_3_4,phimage_C-H-N-O_0_3_5,phimage_C-H-N-O_0_3_6,phimage_C-H-N-O_0_3_7,phimage_C-H-N-O_0_3_8,phimage_C-H-N-O_0_3_9,phimage_C-H-N-O_0_3_10,phimage_C-H-N-O_0_3_11,phimage_C-H-N-O_0_3_12,phimage_C-H-N-O_0_3_13,phimage_C-H-N-O_0_3_14,phimage_C-H-N-O_0_3_15,phimage_C-H-N-O_0_3_16,phimage_C-H-N-O_0_3_17,phimage_C-H-N-O_0_3_18,phimage_C-H-N-O_0_3_19,phimage_C-H-N-O_0_4_0,phimage_C-H-N-O_0_4_1,phimage_C-H-N-O_0_4_2,phimage_C-H-N-O_0_4_3,phimage_C-H-N-O_0_4_4,phimage_C-H-N-O_0_4_5,phimage_C-H-N-O_0_4_6,phimage_C-H-N-O_0_4_7,phimage_C-H-N-O_0_4_8,phimage_C-H-N-O_0_4_9,phimage_C-H-N-O_0_4_10,phimage_C-H-N-O_0_4_11,phimage_C-H-N-O_0_4_12,phimage_C-H-N-O_0_4_13,phimage_C-H-N-O_0_4_14,phimage_C-H-N-O_0_4_15,phimage_C-H-N-O_0_4_16,phimage_C-H-N-O_0_4_17,phimage_C-H-N-O_0_4_18,phimage_C-H-N-O_0_4_19,phimage_C-H-N-O_0_5_0,phimage_C-H-N-O_0_5_1,phimage_C-H-N-O_0_5_2,phimage_C-H-N-O_0_5_3,phimage_C-H-N-O_0_5_4,phimage_C-H-N-O_0_5_5,phimage_C-H-N-O_0_5_6,phimage_C-H-N-O_0_5_7,phimage_C-H-N-O_0_5_8,phimage_C-H-N-O_0_5_9,phimage_C-H-N-O_0_5_10,phimage_C-H-N-O_0_5_11,phimage_C-H-N-O_0_5_12,phimage_C-H-N-O_0_5_13,phimage_C-H-N-O_0_5_14,phimage_C-H-N-O_0_5_15,phimage_C-H-N-O_0_5_16,phimage_C-H-N-O_0_5_17,phimage_C-H-N-O_0_5_18,phimage_C-H-N-O_0_5_19,phimage_C-H-N-O_0_6_0,phimage_C-H-N-O_0_6_1,phimage_C-H-N-O_0_6_2,phimage_C-H-N-O_0_6_3,phimage_C-H-N-O_0_6_4,phimage_C-H-N-O_0_6_5,phimage_C-H-N-O_0_6_6,phimage_C-H-N-O_0_6_7,phimage_C-H-N-O_0_6_8,phimage_C-H-N-O_0_6_9,phimage_C-H-N-O_0_6_10,phimage_C-H-N-O_0_6_11,phimage_C-H-N-O_0_6_12,phimage_C-H-N-O_0_6_13,phimage_C-H-N-O_0_6_14,phimage_C-H-N-O_0_6_15,phimage_C-H-N-O_0_6_16,phimage_C-H-N-O_0_6_17,phimage_C-H-N-O_0_6_18,phimage_C-H-N-O_0_6_19,phimage_C-H-N-O_0_7_0,phimage_C-H-N-O_0_7_1,phimage_C-H-N-O_0_7_2,phimage_C-H-N-O_0_7_3,phimage_C-H-N-O_0_7_4,phimage_C-H-N-O_0_7_5,phimage_C-H-N-O_0_7_6,phimage_C-H-N-O_0_7_7,phimage_C-H-N-O_0_7_8,phimage_C-H-N-O_0_7_9,phimage_C-H-N-O_0_7_10,phimage_C-H-N-O_0_7_11,phimage_C-H-N-O_0_7_12,phimage_C-H-N-O_0_7_13,phimage_C-H-N-O_0_7_14,phimage_C-H-N-O_0_7_15,phimage_C-H-N-O_0_7_16,phimage_C-H-N-O_0_7_17,phimage_C-H-N-O_0_7_18,phimage_C-H-N-O_0_7_19,phimage_C-H-N-O_0_8_0,phimage_C-H-N-O_0_8_1,phimage_C-H-N-O_0_8_2,phimage_C-H-N-O_0_8_3,phimage_C-H-N-O_0_8_4,phimage_C-H-N-O_0_8_5,phimage_C-H-N-O_0_8_6,phimage_C-H-N-O_0_8_7,phimage_C-H-N-O_0_8_8,phimage_C-H-N-O_0_8_9,phimage_C-H-N-O_0_8_10,phimage_C-H-N-O_0_8_11,phimage_C-H-N-O_0_8_12,phimage_C-H-N-O_0_8_13,phimage_C-H-N-O_0_8_14,phimage_C-H-N-O_0_8_15,phimage_C-H-N-O_0_8_16,phimage_C-H-N-O_0_8_17,phimage_C-H-N-O_0_8_18,phimage_C-H-N-O_0_8_19,phimage_C-H-N-O_0_9_0,phimage_C-H-N-O_0_9_1,phimage_C-H-N-O_0_9_2,phimage_C-H-N-O_0_9_3,phimage_C-H-N-O_0_9_4,phimage_C-H-N-O_0_9_5,phimage_C-H-N-O_0_9_6,phimage_C-H-N-O_0_9_7,phimage_C-H-N-O_0_9_8,phimage_C-H-N-O_0_9_9,phimage_C-H-N-O_0_9_10,phimage_C-H-N-O_0_9_11,phimage_C-H-N-O_0_9_12,phimage_C-H-N-O_0_9_13,phimage_C-H-N-O_0_9_14,phimage_C-H-N-O_0_9_15,phimage_C-H-N-O_0_9_16,phimage_C-H-N-O_0_9_17,phimage_C-H-N-O_0_9_18,phimage_C-H-N-O_0_9_19,phimage_C-H-N-O_0_10_0,phimage_C-H-N-O_0_10_1,phimage_C-H-N-O_0_10_2,phimage_C-H-N-O_0_10_3,phimage_C-H-N-O_0_10_4,phimage_C-H-N-O_0_10_5,phimage_C-H-N-O_0_10_6,phimage_C-H-N-O_0_10_7,phimage_C-H-N-O_0_10_8,phimage_C-H-N-O_0_10_9,phimage_C-H-N-O_0_10_10,phimage_C-H-N-O_0_10_11,phimage_C-H-N-O_0_10_12,phimage_C-H-N-O_0_10_13,phimage_C-H-N-O_0_10_14,phimage_C-H-N-O_0_10_15,phimage_C-H-N-O_0_10_16,phimage_C-H-N-O_0_10_17,phimage_C-H-N-O_0_10_18,phimage_C-H-N-O_0_10_19,phimage_C-H-N-O_0_11_0,phimage_C-H-N-O_0_11_1,phimage_C-H-N-O_0_11_2,phimage_C-H-N-O_0_11_3,phimage_C-H-N-O_0_11_4,phimage_C-H-N-O_0_11_5,phimage_C-H-N-O_0_11_6,phimage_C-H-N-O_0_11_7,phimage_C-H-N-O_0_11_8,phimage_C-H-N-O_0_11_9,phimage_C-H-N-O_0_11_10,phimage_C-H-N-O_0_11_11,phimage_C-H-N-O_0_11_12,phimage_C-H-N-O_0_11_13,phimage_C-H-N-O_0_11_14,phimage_C-H-N-O_0_11_15,phimage_C-H-N-O_0_11_16,phimage_C-H-N-O_0_11_17,phimage_C-H-N-O_0_11_18,phimage_C-H-N-O_0_11_19,phimage_C-H-N-O_0_12_0,phimage_C-H-N-O_0_12_1,phimage_C-H-N-O_0_12_2,phimage_C-H-N-O_0_12_3,phimage_C-H-N-O_0_12_4,phimage_C-H-N-O_0_12_5,phimage_C-H-N-O_0_12_6,phimage_C-H-N-O_0_12_7,phimage_C-H-N-O_0_12_8,phimage_C-H-N-O_0_12_9,phimage_C-H-N-O_0_12_10,phimage_C-H-N-O_0_12_11,phimage_C-H-N-O_0_12_12,phimage_C-H-N-O_0_12_13,phimage_C-H-N-O_0_12_14,phimage_C-H-N-O_0_12_15,phimage_C-H-N-O_0_12_16,phimage_C-H-N-O_0_12_17,phimage_C-H-N-O_0_12_18,phimage_C-H-N-O_0_12_19,phimage_C-H-N-O_0_13_0,phimage_C-H-N-O_0_13_1,phimage_C-H-N-O_0_13_2,phimage_C-H-N-O_0_13_3,phimage_C-H-N-O_0_13_4,phimage_C-H-N-O_0_13_5,phimage_C-H-N-O_0_13_6,phimage_C-H-N-O_0_13_7,phimage_C-H-N-O_0_13_8,phimage_C-H-N-O_0_13_9,phimage_C-H-N-O_0_13_10,phimage_C-H-N-O_0_13_11,phimage_C-H-N-O_0_13_12,phimage_C-H-N-O_0_13_13,phimage_C-H-N-O_0_13_14,phimage_C-H-N-O_0_13_15,phimage_C-H-N-O_0_13_16,phimage_C-H-N-O_0_13_17,phimage_C-H-N-O_0_13_18,phimage_C-H-N-O_0_13_19,phimage_C-H-N-O_0_14_0,phimage_C-H-N-O_0_14_1,phimage_C-H-N-O_0_14_2,phimage_C-H-N-O_0_14_3,phimage_C-H-N-O_0_14_4,phimage_C-H-N-O_0_14_5,phimage_C-H-N-O_0_14_6,phimage_C-H-N-O_0_14_7,phimage_C-H-N-O_0_14_8,phimage_C-H-N-O_0_14_9,phimage_C-H-N-O_0_14_10,phimage_C-H-N-O_0_14_11,phimage_C-H-N-O_0_14_12,phimage_C-H-N-O_0_14_13,phimage_C-H-N-O_0_14_14,phimage_C-H-N-O_0_14_15,phimage_C-H-N-O_0_14_16,phimage_C-H-N-O_0_14_17,phimage_C-H-N-O_0_14_18,phimage_C-H-N-O_0_14_19,phimage_C-H-N-O_0_15_0,phimage_C-H-N-O_0_15_1,phimage_C-H-N-O_0_15_2,phimage_C-H-N-O_0_15_3,phimage_C-H-N-O_0_15_4,phimage_C-H-N-O_0_15_5,phimage_C-H-N-O_0_15_6,phimage_C-H-N-O_0_15_7,phimage_C-H-N-O_0_15_8,phimage_C-H-N-O_0_15_9,phimage_C-H-N-O_0_15_10,phimage_C-H-N-O_0_15_11,phimage_C-H-N-O_0_15_12,phimage_C-H-N-O_0_15_13,phimage_C-H-N-O_0_15_14,phimage_C-H-N-O_0_15_15,phimage_C-H-N-O_0_15_16,phimage_C-H-N-O_0_15_17,phimage_C-H-N-O_0_15_18,phimage_C-H-N-O_0_15_19,phimage_C-H-N-O_0_16_0,phimage_C-H-N-O_0_16_1,phimage_C-H-N-O_0_16_2,phimage_C-H-N-O_0_16_3,phimage_C-H-N-O_0_16_4,phimage_C-H-N-O_0_16_5,phimage_C-H-N-O_0_16_6,phimage_C-H-N-O_0_16_7,phimage_C-H-N-O_0_16_8,phimage_C-H-N-O_0_16_9,phimage_C-H-N-O_0_16_10,phimage_C-H-N-O_0_16_11,phimage_C-H-N-O_0_16_12,phimage_C-H-N-O_0_16_13,phimage_C-H-N-O_0_16_14,phimage_C-H-N-O_0_16_15,phimage_C-H-N-O_0_16_16,phimage_C-H-N-O_0_16_17,phimage_C-H-N-O_0_16_18,phimage_C-H-N-O_0_16_19,phimage_C-H-N-O_0_17_0,phimage_C-H-N-O_0_17_1,phimage_C-H-N-O_0_17_2,phimage_C-H-N-O_0_17_3,phimage_C-H-N-O_0_17_4,phimage_C-H-N-O_0_17_5,phimage_C-H-N-O_0_17_6,phimage_C-H-N-O_0_17_7,phimage_C-H-N-O_0_17_8,phimage_C-H-N-O_0_17_9,phimage_C-H-N-O_0_17_10,phimage_C-H-N-O_0_17_11,phimage_C-H-N-O_0_17_12,phimage_C-H-N-O_0_17_13,phimage_C-H-N-O_0_17_14,phimage_C-H-N-O_0_17_15,phimage_C-H-N-O_0_17_16,phimage_C-H-N-O_0_17_17,phimage_C-H-N-O_0_17_18,phimage_C-H-N-O_0_17_19,phimage_C-H-N-O_0_18_0,phimage_C-H-N-O_0_18_1,phimage_C-H-N-O_0_18_2,phimage_C-H-N-O_0_18_3,phimage_C-H-N-O_0_18_4,phimage_C-H-N-O_0_18_5,phimage_C-H-N-O_0_18_6,phimage_C-H-N-O_0_18_7,phimage_C-H-N-O_0_18_8,phimage_C-H-N-O_0_18_9,phimage_C-H-N-O_0_18_10,phimage_C-H-N-O_0_18_11,phimage_C-H-N-O_0_18_12,phimage_C-H-N-O_0_18_13,phimage_C-H-N-O_0_18_14,phimage_C-H-N-O_0_18_15,phimage_C-H-N-O_0_18_16,phimage_C-H-N-O_0_18_17,phimage_C-H-N-O_0_18_18,phimage_C-H-N-O_0_18_19,phimage_C-H-N-O_0_19_0,phimage_C-H-N-O_0_19_1,phimage_C-H-N-O_0_19_2,phimage_C-H-N-O_0_19_3,phimage_C-H-N-O_0_19_4,phimage_C-H-N-O_0_19_5,phimage_C-H-N-O_0_19_6,phimage_C-H-N-O_0_19_7,phimage_C-H-N-O_0_19_8,phimage_C-H-N-O_0_19_9,phimage_C-H-N-O_0_19_10,phimage_C-H-N-O_0_19_11,phimage_C-H-N-O_0_19_12,phimage_C-H-N-O_0_19_13,phimage_C-H-N-O_0_19_14,phimage_C-H-N-O_0_19_15,phimage_C-H-N-O_0_19_16,phimage_C-H-N-O_0_19_17,phimage_C-H-N-O_0_19_18,phimage_C-H-N-O_0_19_19,phimage_C-H-N-O_1_0_0,phimage_C-H-N-O_1_0_1,phimage_C-H-N-O_1_0_2,phimage_C-H-N-O_1_0_3,phimage_C-H-N-O_1_0_4,phimage_C-H-N-O_1_0_5,phimage_C-H-N-O_1_0_6,phimage_C-H-N-O_1_0_7,phimage_C-H-N-O_1_0_8,phimage_C-H-N-O_1_0_9,phimage_C-H-N-O_1_0_10,phimage_C-H-N-O_1_0_11,phimage_C-H-N-O_1_0_12,phimage_C-H-N-O_1_0_13,phimage_C-H-N-O_1_0_14,phimage_C-H-N-O_1_0_15,phimage_C-H-N-O_1_0_16,phimage_C-H-N-O_1_0_17,phimage_C-H-N-O_1_0_18,phimage_C-H-N-O_1_0_19,phimage_C-H-N-O_1_1_0,phimage_C-H-N-O_1_1_1,phimage_C-H-N-O_1_1_2,phimage_C-H-N-O_1_1_3,phimage_C-H-N-O_1_1_4,phimage_C-H-N-O_1_1_5,phimage_C-H-N-O_1_1_6,phimage_C-H-N-O_1_1_7,phimage_C-H-N-O_1_1_8,phimage_C-H-N-O_1_1_9,phimage_C-H-N-O_1_1_10,phimage_C-H-N-O_1_1_11,phimage_C-H-N-O_1_1_12,phimage_C-H-N-O_1_1_13,phimage_C-H-N-O_1_1_14,phimage_C-H-N-O_1_1_15,phimage_C-H-N-O_1_1_16,phimage_C-H-N-O_1_1_17,phimage_C-H-N-O_1_1_18,phimage_C-H-N-O_1_1_19,phimage_C-H-N-O_1_2_0,phimage_C-H-N-O_1_2_1,phimage_C-H-N-O_1_2_2,phimage_C-H-N-O_1_2_3,phimage_C-H-N-O_1_2_4,phimage_C-H-N-O_1_2_5,phimage_C-H-N-O_1_2_6,phimage_C-H-N-O_1_2_7,phimage_C-H-N-O_1_2_8,phimage_C-H-N-O_1_2_9,phimage_C-H-N-O_1_2_10,phimage_C-H-N-O_1_2_11,phimage_C-H-N-O_1_2_12,phimage_C-H-N-O_1_2_13,phimage_C-H-N-O_1_2_14,phimage_C-H-N-O_1_2_15,phimage_C-H-N-O_1_2_16,phimage_C-H-N-O_1_2_17,phimage_C-H-N-O_1_2_18,phimage_C-H-N-O_1_2_19,phimage_C-H-N-O_1_3_0,phimage_C-H-N-O_1_3_1,phimage_C-H-N-O_1_3_2,phimage_C-H-N-O_1_3_3,phimage_C-H-N-O_1_3_4,phimage_C-H-N-O_1_3_5,phimage_C-H-N-O_1_3_6,phimage_C-H-N-O_1_3_7,phimage_C-H-N-O_1_3_8,phimage_C-H-N-O_1_3_9,phimage_C-H-N-O_1_3_10,phimage_C-H-N-O_1_3_11,phimage_C-H-N-O_1_3_12,phimage_C-H-N-O_1_3_13,phimage_C-H-N-O_1_3_14,phimage_C-H-N-O_1_3_15,phimage_C-H-N-O_1_3_16,phimage_C-H-N-O_1_3_17,phimage_C-H-N-O_1_3_18,phimage_C-H-N-O_1_3_19,phimage_C-H-N-O_1_4_0,phimage_C-H-N-O_1_4_1,phimage_C-H-N-O_1_4_2,phimage_C-H-N-O_1_4_3,phimage_C-H-N-O_1_4_4,phimage_C-H-N-O_1_4_5,phimage_C-H-N-O_1_4_6,phimage_C-H-N-O_1_4_7,phimage_C-H-N-O_1_4_8,phimage_C-H-N-O_1_4_9,phimage_C-H-N-O_1_4_10,phimage_C-H-N-O_1_4_11,phimage_C-H-N-O_1_4_12,phimage_C-H-N-O_1_4_13,phimage_C-H-N-O_1_4_14,phimage_C-H-N-O_1_4_15,phimage_C-H-N-O_1_4_16,phimage_C-H-N-O_1_4_17,phimage_C-H-N-O_1_4_18,phimage_C-H-N-O_1_4_19,phimage_C-H-N-O_1_5_0,phimage_C-H-N-O_1_5_1,phimage_C-H-N-O_1_5_2,phimage_C-H-N-O_1_5_3,phimage_C-H-N-O_1_5_4,phimage_C-H-N-O_1_5_5,phimage_C-H-N-O_1_5_6,phimage_C-H-N-O_1_5_7,phimage_C-H-N-O_1_5_8,phimage_C-H-N-O_1_5_9,phimage_C-H-N-O_1_5_10,phimage_C-H-N-O_1_5_11,phimage_C-H-N-O_1_5_12,phimage_C-H-N-O_1_5_13,phimage_C-H-N-O_1_5_14,phimage_C-H-N-O_1_5_15,phimage_C-H-N-O_1_5_16,phimage_C-H-N-O_1_5_17,phimage_C-H-N-O_1_5_18,phimage_C-H-N-O_1_5_19,phimage_C-H-N-O_1_6_0,phimage_C-H-N-O_1_6_1,phimage_C-H-N-O_1_6_2,phimage_C-H-N-O_1_6_3,phimage_C-H-N-O_1_6_4,phimage_C-H-N-O_1_6_5,phimage_C-H-N-O_1_6_6,phimage_C-H-N-O_1_6_7,phimage_C-H-N-O_1_6_8,phimage_C-H-N-O_1_6_9,phimage_C-H-N-O_1_6_10,phimage_C-H-N-O_1_6_11,phimage_C-H-N-O_1_6_12,phimage_C-H-N-O_1_6_13,phimage_C-H-N-O_1_6_14,phimage_C-H-N-O_1_6_15,phimage_C-H-N-O_1_6_16,phimage_C-H-N-O_1_6_17,phimage_C-H-N-O_1_6_18,phimage_C-H-N-O_1_6_19,phimage_C-H-N-O_1_7_0,phimage_C-H-N-O_1_7_1,phimage_C-H-N-O_1_7_2,phimage_C-H-N-O_1_7_3,phimage_C-H-N-O_1_7_4,phimage_C-H-N-O_1_7_5,phimage_C-H-N-O_1_7_6,phimage_C-H-N-O_1_7_7,phimage_C-H-N-O_1_7_8,phimage_C-H-N-O_1_7_9,phimage_C-H-N-O_1_7_10,phimage_C-H-N-O_1_7_11,phimage_C-H-N-O_1_7_12,phimage_C-H-N-O_1_7_13,phimage_C-H-N-O_1_7_14,phimage_C-H-N-O_1_7_15,phimage_C-H-N-O_1_7_16,phimage_C-H-N-O_1_7_17,phimage_C-H-N-O_1_7_18,phimage_C-H-N-O_1_7_19,phimage_C-H-N-O_1_8_0,phimage_C-H-N-O_1_8_1,phimage_C-H-N-O_1_8_2,phimage_C-H-N-O_1_8_3,phimage_C-H-N-O_1_8_4,phimage_C-H-N-O_1_8_5,phimage_C-H-N-O_1_8_6,phimage_C-H-N-O_1_8_7,phimage_C-H-N-O_1_8_8,phimage_C-H-N-O_1_8_9,phimage_C-H-N-O_1_8_10,phimage_C-H-N-O_1_8_11,phimage_C-H-N-O_1_8_12,phimage_C-H-N-O_1_8_13,phimage_C-H-N-O_1_8_14,phimage_C-H-N-O_1_8_15,phimage_C-H-N-O_1_8_16,phimage_C-H-N-O_1_8_17,phimage_C-H-N-O_1_8_18,phimage_C-H-N-O_1_8_19,phimage_C-H-N-O_1_9_0,phimage_C-H-N-O_1_9_1,phimage_C-H-N-O_1_9_2,phimage_C-H-N-O_1_9_3,phimage_C-H-N-O_1_9_4,phimage_C-H-N-O_1_9_5,phimage_C-H-N-O_1_9_6,phimage_C-H-N-O_1_9_7,phimage_C-H-N-O_1_9_8,phimage_C-H-N-O_1_9_9,phimage_C-H-N-O_1_9_10,phimage_C-H-N-O_1_9_11,phimage_C-H-N-O_1_9_12,phimage_C-H-N-O_1_9_13,phimage_C-H-N-O_1_9_14,phimage_C-H-N-O_1_9_15,phimage_C-H-N-O_1_9_16,phimage_C-H-N-O_1_9_17,phimage_C-H-N-O_1_9_18,phimage_C-H-N-O_1_9_19,phimage_C-H-N-O_1_10_0,phimage_C-H-N-O_1_10_1,phimage_C-H-N-O_1_10_2,phimage_C-H-N-O_1_10_3,phimage_C-H-N-O_1_10_4,phimage_C-H-N-O_1_10_5,phimage_C-H-N-O_1_10_6,phimage_C-H-N-O_1_10_7,phimage_C-H-N-O_1_10_8,phimage_C-H-N-O_1_10_9,phimage_C-H-N-O_1_10_10,phimage_C-H-N-O_1_10_11,phimage_C-H-N-O_1_10_12,phimage_C-H-N-O_1_10_13,phimage_C-H-N-O_1_10_14,phimage_C-H-N-O_1_10_15,phimage_C-H-N-O_1_10_16,phimage_C-H-N-O_1_10_17,phimage_C-H-N-O_1_10_18,phimage_C-H-N-O_1_10_19,phimage_C-H-N-O_1_11_0,phimage_C-H-N-O_1_11_1,phimage_C-H-N-O_1_11_2,phimage_C-H-N-O_1_11_3,phimage_C-H-N-O_1_11_4,phimage_C-H-N-O_1_11_5,phimage_C-H-N-O_1_11_6,phimage_C-H-N-O_1_11_7,phimage_C-H-N-O_1_11_8,phimage_C-H-N-O_1_11_9,phimage_C-H-N-O_1_11_10,phimage_C-H-N-O_1_11_11,phimage_C-H-N-O_1_11_12,phimage_C-H-N-O_1_11_13,phimage_C-H-N-O_1_11_14,phimage_C-H-N-O_1_11_15,phimage_C-H-N-O_1_11_16,phimage_C-H-N-O_1_11_17,phimage_C-H-N-O_1_11_18,phimage_C-H-N-O_1_11_19,phimage_C-H-N-O_1_12_0,phimage_C-H-N-O_1_12_1,phimage_C-H-N-O_1_12_2,phimage_C-H-N-O_1_12_3,phimage_C-H-N-O_1_12_4,phimage_C-H-N-O_1_12_5,phimage_C-H-N-O_1_12_6,phimage_C-H-N-O_1_12_7,phimage_C-H-N-O_1_12_8,phimage_C-H-N-O_1_12_9,phimage_C-H-N-O_1_12_10,phimage_C-H-N-O_1_12_11,phimage_C-H-N-O_1_12_12,phimage_C-H-N-O_1_12_13,phimage_C-H-N-O_1_12_14,phimage_C-H-N-O_1_12_15,phimage_C-H-N-O_1_12_16,phimage_C-H-N-O_1_12_17,phimage_C-H-N-O_1_12_18,phimage_C-H-N-O_1_12_19,phimage_C-H-N-O_1_13_0,phimage_C-H-N-O_1_13_1,phimage_C-H-N-O_1_13_2,phimage_C-H-N-O_1_13_3,phimage_C-H-N-O_1_13_4,phimage_C-H-N-O_1_13_5,phimage_C-H-N-O_1_13_6,phimage_C-H-N-O_1_13_7,phimage_C-H-N-O_1_13_8,phimage_C-H-N-O_1_13_9,phimage_C-H-N-O_1_13_10,phimage_C-H-N-O_1_13_11,phimage_C-H-N-O_1_13_12,phimage_C-H-N-O_1_13_13,phimage_C-H-N-O_1_13_14,phimage_C-H-N-O_1_13_15,phimage_C-H-N-O_1_13_16,phimage_C-H-N-O_1_13_17,phimage_C-H-N-O_1_13_18,phimage_C-H-N-O_1_13_19,phimage_C-H-N-O_1_14_0,phimage_C-H-N-O_1_14_1,phimage_C-H-N-O_1_14_2,phimage_C-H-N-O_1_14_3,phimage_C-H-N-O_1_14_4,phimage_C-H-N-O_1_14_5,phimage_C-H-N-O_1_14_6,phimage_C-H-N-O_1_14_7,phimage_C-H-N-O_1_14_8,phimage_C-H-N-O_1_14_9,phimage_C-H-N-O_1_14_10,phimage_C-H-N-O_1_14_11,phimage_C-H-N-O_1_14_12,phimage_C-H-N-O_1_14_13,phimage_C-H-N-O_1_14_14,phimage_C-H-N-O_1_14_15,phimage_C-H-N-O_1_14_16,phimage_C-H-N-O_1_14_17,phimage_C-H-N-O_1_14_18,phimage_C-H-N-O_1_14_19,phimage_C-H-N-O_1_15_0,phimage_C-H-N-O_1_15_1,phimage_C-H-N-O_1_15_2,phimage_C-H-N-O_1_15_3,phimage_C-H-N-O_1_15_4,phimage_C-H-N-O_1_15_5,phimage_C-H-N-O_1_15_6,phimage_C-H-N-O_1_15_7,phimage_C-H-N-O_1_15_8,phimage_C-H-N-O_1_15_9,phimage_C-H-N-O_1_15_10,phimage_C-H-N-O_1_15_11,phimage_C-H-N-O_1_15_12,phimage_C-H-N-O_1_15_13,phimage_C-H-N-O_1_15_14,phimage_C-H-N-O_1_15_15,phimage_C-H-N-O_1_15_16,phimage_C-H-N-O_1_15_17,phimage_C-H-N-O_1_15_18,phimage_C-H-N-O_1_15_19,phimage_C-H-N-O_1_16_0,phimage_C-H-N-O_1_16_1,phimage_C-H-N-O_1_16_2,phimage_C-H-N-O_1_16_3,phimage_C-H-N-O_1_16_4,phimage_C-H-N-O_1_16_5,phimage_C-H-N-O_1_16_6,phimage_C-H-N-O_1_16_7,phimage_C-H-N-O_1_16_8,phimage_C-H-N-O_1_16_9,phimage_C-H-N-O_1_16_10,phimage_C-H-N-O_1_16_11,phimage_C-H-N-O_1_16_12,phimage_C-H-N-O_1_16_13,phimage_C-H-N-O_1_16_14,phimage_C-H-N-O_1_16_15,phimage_C-H-N-O_1_16_16,phimage_C-H-N-O_1_16_17,phimage_C-H-N-O_1_16_18,phimage_C-H-N-O_1_16_19,phimage_C-H-N-O_1_17_0,phimage_C-H-N-O_1_17_1,phimage_C-H-N-O_1_17_2,phimage_C-H-N-O_1_17_3,phimage_C-H-N-O_1_17_4,phimage_C-H-N-O_1_17_5,phimage_C-H-N-O_1_17_6,phimage_C-H-N-O_1_17_7,phimage_C-H-N-O_1_17_8,phimage_C-H-N-O_1_17_9,phimage_C-H-N-O_1_17_10,phimage_C-H-N-O_1_17_11,phimage_C-H-N-O_1_17_12,phimage_C-H-N-O_1_17_13,phimage_C-H-N-O_1_17_14,phimage_C-H-N-O_1_17_15,phimage_C-H-N-O_1_17_16,phimage_C-H-N-O_1_17_17,phimage_C-H-N-O_1_17_18,phimage_C-H-N-O_1_17_19,phimage_C-H-N-O_1_18_0,phimage_C-H-N-O_1_18_1,phimage_C-H-N-O_1_18_2,phimage_C-H-N-O_1_18_3,phimage_C-H-N-O_1_18_4,phimage_C-H-N-O_1_18_5,phimage_C-H-N-O_1_18_6,phimage_C-H-N-O_1_18_7,phimage_C-H-N-O_1_18_8,phimage_C-H-N-O_1_18_9,phimage_C-H-N-O_1_18_10,phimage_C-H-N-O_1_18_11,phimage_C-H-N-O_1_18_12,phimage_C-H-N-O_1_18_13,phimage_C-H-N-O_1_18_14,phimage_C-H-N-O_1_18_15,phimage_C-H-N-O_1_18_16,phimage_C-H-N-O_1_18_17,phimage_C-H-N-O_1_18_18,phimage_C-H-N-O_1_18_19,phimage_C-H-N-O_1_19_0,phimage_C-H-N-O_1_19_1,phimage_C-H-N-O_1_19_2,phimage_C-H-N-O_1_19_3,phimage_C-H-N-O_1_19_4,phimage_C-H-N-O_1_19_5,phimage_C-H-N-O_1_19_6,phimage_C-H-N-O_1_19_7,phimage_C-H-N-O_1_19_8,phimage_C-H-N-O_1_19_9,phimage_C-H-N-O_1_19_10,phimage_C-H-N-O_1_19_11,phimage_C-H-N-O_1_19_12,phimage_C-H-N-O_1_19_13,phimage_C-H-N-O_1_19_14,phimage_C-H-N-O_1_19_15,phimage_C-H-N-O_1_19_16,phimage_C-H-N-O_1_19_17,phimage_C-H-N-O_1_19_18,phimage_C-H-N-O_1_19_19,phimage_C-H-N-O_2_0_0,phimage_C-H-N-O_2_0_1,phimage_C-H-N-O_2_0_2,phimage_C-H-N-O_2_0_3,phimage_C-H-N-O_2_0_4,phimage_C-H-N-O_2_0_5,phimage_C-H-N-O_2_0_6,phimage_C-H-N-O_2_0_7,phimage_C-H-N-O_2_0_8,phimage_C-H-N-O_2_0_9,phimage_C-H-N-O_2_0_10,phimage_C-H-N-O_2_0_11,phimage_C-H-N-O_2_0_12,phimage_C-H-N-O_2_0_13,phimage_C-H-N-O_2_0_14,phimage_C-H-N-O_2_0_15,phimage_C-H-N-O_2_0_16,phimage_C-H-N-O_2_0_17,phimage_C-H-N-O_2_0_18,phimage_C-H-N-O_2_0_19,phimage_C-H-N-O_2_1_0,phimage_C-H-N-O_2_1_1,phimage_C-H-N-O_2_1_2,phimage_C-H-N-O_2_1_3,phimage_C-H-N-O_2_1_4,phimage_C-H-N-O_2_1_5,phimage_C-H-N-O_2_1_6,phimage_C-H-N-O_2_1_7,phimage_C-H-N-O_2_1_8,phimage_C-H-N-O_2_1_9,phimage_C-H-N-O_2_1_10,phimage_C-H-N-O_2_1_11,phimage_C-H-N-O_2_1_12,phimage_C-H-N-O_2_1_13,phimage_C-H-N-O_2_1_14,phimage_C-H-N-O_2_1_15,phimage_C-H-N-O_2_1_16,phimage_C-H-N-O_2_1_17,phimage_C-H-N-O_2_1_18,phimage_C-H-N-O_2_1_19,phimage_C-H-N-O_2_2_0,phimage_C-H-N-O_2_2_1,phimage_C-H-N-O_2_2_2,phimage_C-H-N-O_2_2_3,phimage_C-H-N-O_2_2_4,phimage_C-H-N-O_2_2_5,phimage_C-H-N-O_2_2_6,phimage_C-H-N-O_2_2_7,phimage_C-H-N-O_2_2_8,phimage_C-H-N-O_2_2_9,phimage_C-H-N-O_2_2_10,phimage_C-H-N-O_2_2_11,phimage_C-H-N-O_2_2_12,phimage_C-H-N-O_2_2_13,phimage_C-H-N-O_2_2_14,phimage_C-H-N-O_2_2_15,phimage_C-H-N-O_2_2_16,phimage_C-H-N-O_2_2_17,phimage_C-H-N-O_2_2_18,phimage_C-H-N-O_2_2_19,phimage_C-H-N-O_2_3_0,phimage_C-H-N-O_2_3_1,phimage_C-H-N-O_2_3_2,phimage_C-H-N-O_2_3_3,phimage_C-H-N-O_2_3_4,phimage_C-H-N-O_2_3_5,phimage_C-H-N-O_2_3_6,phimage_C-H-N-O_2_3_7,phimage_C-H-N-O_2_3_8,phimage_C-H-N-O_2_3_9,phimage_C-H-N-O_2_3_10,phimage_C-H-N-O_2_3_11,phimage_C-H-N-O_2_3_12,phimage_C-H-N-O_2_3_13,phimage_C-H-N-O_2_3_14,phimage_C-H-N-O_2_3_15,phimage_C-H-N-O_2_3_16,phimage_C-H-N-O_2_3_17,phimage_C-H-N-O_2_3_18,phimage_C-H-N-O_2_3_19,phimage_C-H-N-O_2_4_0,phimage_C-H-N-O_2_4_1,phimage_C-H-N-O_2_4_2,phimage_C-H-N-O_2_4_3,phimage_C-H-N-O_2_4_4,phimage_C-H-N-O_2_4_5,phimage_C-H-N-O_2_4_6,phimage_C-H-N-O_2_4_7,phimage_C-H-N-O_2_4_8,phimage_C-H-N-O_2_4_9,phimage_C-H-N-O_2_4_10,phimage_C-H-N-O_2_4_11,phimage_C-H-N-O_2_4_12,phimage_C-H-N-O_2_4_13,phimage_C-H-N-O_2_4_14,phimage_C-H-N-O_2_4_15,phimage_C-H-N-O_2_4_16,phimage_C-H-N-O_2_4_17,phimage_C-H-N-O_2_4_18,phimage_C-H-N-O_2_4_19,phimage_C-H-N-O_2_5_0,phimage_C-H-N-O_2_5_1,phimage_C-H-N-O_2_5_2,phimage_C-H-N-O_2_5_3,phimage_C-H-N-O_2_5_4,phimage_C-H-N-O_2_5_5,phimage_C-H-N-O_2_5_6,phimage_C-H-N-O_2_5_7,phimage_C-H-N-O_2_5_8,phimage_C-H-N-O_2_5_9,phimage_C-H-N-O_2_5_10,phimage_C-H-N-O_2_5_11,phimage_C-H-N-O_2_5_12,phimage_C-H-N-O_2_5_13,phimage_C-H-N-O_2_5_14,phimage_C-H-N-O_2_5_15,phimage_C-H-N-O_2_5_16,phimage_C-H-N-O_2_5_17,phimage_C-H-N-O_2_5_18,phimage_C-H-N-O_2_5_19,phimage_C-H-N-O_2_6_0,phimage_C-H-N-O_2_6_1,phimage_C-H-N-O_2_6_2,phimage_C-H-N-O_2_6_3,phimage_C-H-N-O_2_6_4,phimage_C-H-N-O_2_6_5,phimage_C-H-N-O_2_6_6,phimage_C-H-N-O_2_6_7,phimage_C-H-N-O_2_6_8,phimage_C-H-N-O_2_6_9,phimage_C-H-N-O_2_6_10,phimage_C-H-N-O_2_6_11,phimage_C-H-N-O_2_6_12,phimage_C-H-N-O_2_6_13,phimage_C-H-N-O_2_6_14,phimage_C-H-N-O_2_6_15,phimage_C-H-N-O_2_6_16,phimage_C-H-N-O_2_6_17,phimage_C-H-N-O_2_6_18,phimage_C-H-N-O_2_6_19,phimage_C-H-N-O_2_7_0,phimage_C-H-N-O_2_7_1,phimage_C-H-N-O_2_7_2,phimage_C-H-N-O_2_7_3,phimage_C-H-N-O_2_7_4,phimage_C-H-N-O_2_7_5,phimage_C-H-N-O_2_7_6,phimage_C-H-N-O_2_7_7,phimage_C-H-N-O_2_7_8,phimage_C-H-N-O_2_7_9,phimage_C-H-N-O_2_7_10,phimage_C-H-N-O_2_7_11,phimage_C-H-N-O_2_7_12,phimage_C-H-N-O_2_7_13,phimage_C-H-N-O_2_7_14,phimage_C-H-N-O_2_7_15,phimage_C-H-N-O_2_7_16,phimage_C-H-N-O_2_7_17,phimage_C-H-N-O_2_7_18,phimage_C-H-N-O_2_7_19,phimage_C-H-N-O_2_8_0,phimage_C-H-N-O_2_8_1,phimage_C-H-N-O_2_8_2,phimage_C-H-N-O_2_8_3,phimage_C-H-N-O_2_8_4,phimage_C-H-N-O_2_8_5,phimage_C-H-N-O_2_8_6,phimage_C-H-N-O_2_8_7,phimage_C-H-N-O_2_8_8,phimage_C-H-N-O_2_8_9,phimage_C-H-N-O_2_8_10,phimage_C-H-N-O_2_8_11,phimage_C-H-N-O_2_8_12,phimage_C-H-N-O_2_8_13,phimage_C-H-N-O_2_8_14,phimage_C-H-N-O_2_8_15,phimage_C-H-N-O_2_8_16,phimage_C-H-N-O_2_8_17,phimage_C-H-N-O_2_8_18,phimage_C-H-N-O_2_8_19,phimage_C-H-N-O_2_9_0,phimage_C-H-N-O_2_9_1,phimage_C-H-N-O_2_9_2,phimage_C-H-N-O_2_9_3,phimage_C-H-N-O_2_9_4,phimage_C-H-N-O_2_9_5,phimage_C-H-N-O_2_9_6,phimage_C-H-N-O_2_9_7,phimage_C-H-N-O_2_9_8,phimage_C-H-N-O_2_9_9,phimage_C-H-N-O_2_9_10,phimage_C-H-N-O_2_9_11,phimage_C-H-N-O_2_9_12,phimage_C-H-N-O_2_9_13,phimage_C-H-N-O_2_9_14,phimage_C-H-N-O_2_9_15,phimage_C-H-N-O_2_9_16,phimage_C-H-N-O_2_9_17,phimage_C-H-N-O_2_9_18,phimage_C-H-N-O_2_9_19,phimage_C-H-N-O_2_10_0,phimage_C-H-N-O_2_10_1,phimage_C-H-N-O_2_10_2,phimage_C-H-N-O_2_10_3,phimage_C-H-N-O_2_10_4,phimage_C-H-N-O_2_10_5,phimage_C-H-N-O_2_10_6,phimage_C-H-N-O_2_10_7,phimage_C-H-N-O_2_10_8,phimage_C-H-N-O_2_10_9,phimage_C-H-N-O_2_10_10,phimage_C-H-N-O_2_10_11,phimage_C-H-N-O_2_10_12,phimage_C-H-N-O_2_10_13,phimage_C-H-N-O_2_10_14,phimage_C-H-N-O_2_10_15,phimage_C-H-N-O_2_10_16,phimage_C-H-N-O_2_10_17,phimage_C-H-N-O_2_10_18,phimage_C-H-N-O_2_10_19,phimage_C-H-N-O_2_11_0,phimage_C-H-N-O_2_11_1,phimage_C-H-N-O_2_11_2,phimage_C-H-N-O_2_11_3,phimage_C-H-N-O_2_11_4,phimage_C-H-N-O_2_11_5,phimage_C-H-N-O_2_11_6,phimage_C-H-N-O_2_11_7,phimage_C-H-N-O_2_11_8,phimage_C-H-N-O_2_11_9,phimage_C-H-N-O_2_11_10,phimage_C-H-N-O_2_11_11,phimage_C-H-N-O_2_11_12,phimage_C-H-N-O_2_11_13,phimage_C-H-N-O_2_11_14,phimage_C-H-N-O_2_11_15,phimage_C-H-N-O_2_11_16,phimage_C-H-N-O_2_11_17,phimage_C-H-N-O_2_11_18,phimage_C-H-N-O_2_11_19,phimage_C-H-N-O_2_12_0,phimage_C-H-N-O_2_12_1,phimage_C-H-N-O_2_12_2,phimage_C-H-N-O_2_12_3,phimage_C-H-N-O_2_12_4,phimage_C-H-N-O_2_12_5,phimage_C-H-N-O_2_12_6,phimage_C-H-N-O_2_12_7,phimage_C-H-N-O_2_12_8,phimage_C-H-N-O_2_12_9,phimage_C-H-N-O_2_12_10,phimage_C-H-N-O_2_12_11,phimage_C-H-N-O_2_12_12,phimage_C-H-N-O_2_12_13,phimage_C-H-N-O_2_12_14,phimage_C-H-N-O_2_12_15,phimage_C-H-N-O_2_12_16,phimage_C-H-N-O_2_12_17,phimage_C-H-N-O_2_12_18,phimage_C-H-N-O_2_12_19,phimage_C-H-N-O_2_13_0,phimage_C-H-N-O_2_13_1,phimage_C-H-N-O_2_13_2,phimage_C-H-N-O_2_13_3,phimage_C-H-N-O_2_13_4,phimage_C-H-N-O_2_13_5,phimage_C-H-N-O_2_13_6,phimage_C-H-N-O_2_13_7,phimage_C-H-N-O_2_13_8,phimage_C-H-N-O_2_13_9,phimage_C-H-N-O_2_13_10,phimage_C-H-N-O_2_13_11,phimage_C-H-N-O_2_13_12,phimage_C-H-N-O_2_13_13,phimage_C-H-N-O_2_13_14,phimage_C-H-N-O_2_13_15,phimage_C-H-N-O_2_13_16,phimage_C-H-N-O_2_13_17,phimage_C-H-N-O_2_13_18,phimage_C-H-N-O_2_13_19,phimage_C-H-N-O_2_14_0,phimage_C-H-N-O_2_14_1,phimage_C-H-N-O_2_14_2,phimage_C-H-N-O_2_14_3,phimage_C-H-N-O_2_14_4,phimage_C-H-N-O_2_14_5,phimage_C-H-N-O_2_14_6,phimage_C-H-N-O_2_14_7,phimage_C-H-N-O_2_14_8,phimage_C-H-N-O_2_14_9,phimage_C-H-N-O_2_14_10,phimage_C-H-N-O_2_14_11,phimage_C-H-N-O_2_14_12,phimage_C-H-N-O_2_14_13,phimage_C-H-N-O_2_14_14,phimage_C-H-N-O_2_14_15,phimage_C-H-N-O_2_14_16,phimage_C-H-N-O_2_14_17,phimage_C-H-N-O_2_14_18,phimage_C-H-N-O_2_14_19,phimage_C-H-N-O_2_15_0,phimage_C-H-N-O_2_15_1,phimage_C-H-N-O_2_15_2,phimage_C-H-N-O_2_15_3,phimage_C-H-N-O_2_15_4,phimage_C-H-N-O_2_15_5,phimage_C-H-N-O_2_15_6,phimage_C-H-N-O_2_15_7,phimage_C-H-N-O_2_15_8,phimage_C-H-N-O_2_15_9,phimage_C-H-N-O_2_15_10,phimage_C-H-N-O_2_15_11,phimage_C-H-N-O_2_15_12,phimage_C-H-N-O_2_15_13,phimage_C-H-N-O_2_15_14,phimage_C-H-N-O_2_15_15,phimage_C-H-N-O_2_15_16,phimage_C-H-N-O_2_15_17,phimage_C-H-N-O_2_15_18,phimage_C-H-N-O_2_15_19,phimage_C-H-N-O_2_16_0,phimage_C-H-N-O_2_16_1,phimage_C-H-N-O_2_16_2,phimage_C-H-N-O_2_16_3,phimage_C-H-N-O_2_16_4,phimage_C-H-N-O_2_16_5,phimage_C-H-N-O_2_16_6,phimage_C-H-N-O_2_16_7,phimage_C-H-N-O_2_16_8,phimage_C-H-N-O_2_16_9,phimage_C-H-N-O_2_16_10,phimage_C-H-N-O_2_16_11,phimage_C-H-N-O_2_16_12,phimage_C-H-N-O_2_16_13,phimage_C-H-N-O_2_16_14,phimage_C-H-N-O_2_16_15,phimage_C-H-N-O_2_16_16,phimage_C-H-N-O_2_16_17,phimage_C-H-N-O_2_16_18,phimage_C-H-N-O_2_16_19,phimage_C-H-N-O_2_17_0,phimage_C-H-N-O_2_17_1,phimage_C-H-N-O_2_17_2,phimage_C-H-N-O_2_17_3,phimage_C-H-N-O_2_17_4,phimage_C-H-N-O_2_17_5,phimage_C-H-N-O_2_17_6,phimage_C-H-N-O_2_17_7,phimage_C-H-N-O_2_17_8,phimage_C-H-N-O_2_17_9,phimage_C-H-N-O_2_17_10,phimage_C-H-N-O_2_17_11,phimage_C-H-N-O_2_17_12,phimage_C-H-N-O_2_17_13,phimage_C-H-N-O_2_17_14,phimage_C-H-N-O_2_17_15,phimage_C-H-N-O_2_17_16,phimage_C-H-N-O_2_17_17,phimage_C-H-N-O_2_17_18,phimage_C-H-N-O_2_17_19,phimage_C-H-N-O_2_18_0,phimage_C-H-N-O_2_18_1,phimage_C-H-N-O_2_18_2,phimage_C-H-N-O_2_18_3,phimage_C-H-N-O_2_18_4,phimage_C-H-N-O_2_18_5,phimage_C-H-N-O_2_18_6,phimage_C-H-N-O_2_18_7,phimage_C-H-N-O_2_18_8,phimage_C-H-N-O_2_18_9,phimage_C-H-N-O_2_18_10,phimage_C-H-N-O_2_18_11,phimage_C-H-N-O_2_18_12,phimage_C-H-N-O_2_18_13,phimage_C-H-N-O_2_18_14,phimage_C-H-N-O_2_18_15,phimage_C-H-N-O_2_18_16,phimage_C-H-N-O_2_18_17,phimage_C-H-N-O_2_18_18,phimage_C-H-N-O_2_18_19,phimage_C-H-N-O_2_19_0,phimage_C-H-N-O_2_19_1,phimage_C-H-N-O_2_19_2,phimage_C-H-N-O_2_19_3,phimage_C-H-N-O_2_19_4,phimage_C-H-N-O_2_19_5,phimage_C-H-N-O_2_19_6,phimage_C-H-N-O_2_19_7,phimage_C-H-N-O_2_19_8,phimage_C-H-N-O_2_19_9,phimage_C-H-N-O_2_19_10,phimage_C-H-N-O_2_19_11,phimage_C-H-N-O_2_19_12,phimage_C-H-N-O_2_19_13,phimage_C-H-N-O_2_19_14,phimage_C-H-N-O_2_19_15,phimage_C-H-N-O_2_19_16,phimage_C-H-N-O_2_19_17,phimage_C-H-N-O_2_19_18,phimage_C-H-N-O_2_19_19,phimage_F-Cl-Br-I_0_0_0,phimage_F-Cl-Br-I_0_0_1,phimage_F-Cl-Br-I_0_0_2,phimage_F-Cl-Br-I_0_0_3,phimage_F-Cl-Br-I_0_0_4,phimage_F-Cl-Br-I_0_0_5,phimage_F-Cl-Br-I_0_0_6,phimage_F-Cl-Br-I_0_0_7,phimage_F-Cl-Br-I_0_0_8,phimage_F-Cl-Br-I_0_0_9,phimage_F-Cl-Br-I_0_0_10,phimage_F-Cl-Br-I_0_0_11,phimage_F-Cl-Br-I_0_0_12,phimage_F-Cl-Br-I_0_0_13,phimage_F-Cl-Br-I_0_0_14,phimage_F-Cl-Br-I_0_0_15,phimage_F-Cl-Br-I_0_0_16,phimage_F-Cl-Br-I_0_0_17,phimage_F-Cl-Br-I_0_0_18,phimage_F-Cl-Br-I_0_0_19,phimage_F-Cl-Br-I_0_1_0,phimage_F-Cl-Br-I_0_1_1,phimage_F-Cl-Br-I_0_1_2,phimage_F-Cl-Br-I_0_1_3,phimage_F-Cl-Br-I_0_1_4,phimage_F-Cl-Br-I_0_1_5,phimage_F-Cl-Br-I_0_1_6,phimage_F-Cl-Br-I_0_1_7,phimage_F-Cl-Br-I_0_1_8,phimage_F-Cl-Br-I_0_1_9,phimage_F-Cl-Br-I_0_1_10,phimage_F-Cl-Br-I_0_1_11,phimage_F-Cl-Br-I_0_1_12,phimage_F-Cl-Br-I_0_1_13,phimage_F-Cl-Br-I_0_1_14,phimage_F-Cl-Br-I_0_1_15,phimage_F-Cl-Br-I_0_1_16,phimage_F-Cl-Br-I_0_1_17,phimage_F-Cl-Br-I_0_1_18,phimage_F-Cl-Br-I_0_1_19,phimage_F-Cl-Br-I_0_2_0,phimage_F-Cl-Br-I_0_2_1,phimage_F-Cl-Br-I_0_2_2,phimage_F-Cl-Br-I_0_2_3,phimage_F-Cl-Br-I_0_2_4,phimage_F-Cl-Br-I_0_2_5,phimage_F-Cl-Br-I_0_2_6,phimage_F-Cl-Br-I_0_2_7,phimage_F-Cl-Br-I_0_2_8,phimage_F-Cl-Br-I_0_2_9,phimage_F-Cl-Br-I_0_2_10,phimage_F-Cl-Br-I_0_2_11,phimage_F-Cl-Br-I_0_2_12,phimage_F-Cl-Br-I_0_2_13,phimage_F-Cl-Br-I_0_2_14,phimage_F-Cl-Br-I_0_2_15,phimage_F-Cl-Br-I_0_2_16,phimage_F-Cl-Br-I_0_2_17,phimage_F-Cl-Br-I_0_2_18,phimage_F-Cl-Br-I_0_2_19,phimage_F-Cl-Br-I_0_3_0,phimage_F-Cl-Br-I_0_3_1,phimage_F-Cl-Br-I_0_3_2,phimage_F-Cl-Br-I_0_3_3,phimage_F-Cl-Br-I_0_3_4,phimage_F-Cl-Br-I_0_3_5,phimage_F-Cl-Br-I_0_3_6,phimage_F-Cl-Br-I_0_3_7,phimage_F-Cl-Br-I_0_3_8,phimage_F-Cl-Br-I_0_3_9,phimage_F-Cl-Br-I_0_3_10,phimage_F-Cl-Br-I_0_3_11,phimage_F-Cl-Br-I_0_3_12,phimage_F-Cl-Br-I_0_3_13,phimage_F-Cl-Br-I_0_3_14,phimage_F-Cl-Br-I_0_3_15,phimage_F-Cl-Br-I_0_3_16,phimage_F-Cl-Br-I_0_3_17,phimage_F-Cl-Br-I_0_3_18,phimage_F-Cl-Br-I_0_3_19,phimage_F-Cl-Br-I_0_4_0,phimage_F-Cl-Br-I_0_4_1,phimage_F-Cl-Br-I_0_4_2,phimage_F-Cl-Br-I_0_4_3,phimage_F-Cl-Br-I_0_4_4,phimage_F-Cl-Br-I_0_4_5,phimage_F-Cl-Br-I_0_4_6,phimage_F-Cl-Br-I_0_4_7,phimage_F-Cl-Br-I_0_4_8,phimage_F-Cl-Br-I_0_4_9,phimage_F-Cl-Br-I_0_4_10,phimage_F-Cl-Br-I_0_4_11,phimage_F-Cl-Br-I_0_4_12,phimage_F-Cl-Br-I_0_4_13,phimage_F-Cl-Br-I_0_4_14,phimage_F-Cl-Br-I_0_4_15,phimage_F-Cl-Br-I_0_4_16,phimage_F-Cl-Br-I_0_4_17,phimage_F-Cl-Br-I_0_4_18,phimage_F-Cl-Br-I_0_4_19,phimage_F-Cl-Br-I_0_5_0,phimage_F-Cl-Br-I_0_5_1,phimage_F-Cl-Br-I_0_5_2,phimage_F-Cl-Br-I_0_5_3,phimage_F-Cl-Br-I_0_5_4,phimage_F-Cl-Br-I_0_5_5,phimage_F-Cl-Br-I_0_5_6,phimage_F-Cl-Br-I_0_5_7,phimage_F-Cl-Br-I_0_5_8,phimage_F-Cl-Br-I_0_5_9,phimage_F-Cl-Br-I_0_5_10,phimage_F-Cl-Br-I_0_5_11,phimage_F-Cl-Br-I_0_5_12,phimage_F-Cl-Br-I_0_5_13,phimage_F-Cl-Br-I_0_5_14,phimage_F-Cl-Br-I_0_5_15,phimage_F-Cl-Br-I_0_5_16,phimage_F-Cl-Br-I_0_5_17,phimage_F-Cl-Br-I_0_5_18,phimage_F-Cl-Br-I_0_5_19,phimage_F-Cl-Br-I_0_6_0,phimage_F-Cl-Br-I_0_6_1,phimage_F-Cl-Br-I_0_6_2,phimage_F-Cl-Br-I_0_6_3,phimage_F-Cl-Br-I_0_6_4,phimage_F-Cl-Br-I_0_6_5,phimage_F-Cl-Br-I_0_6_6,phimage_F-Cl-Br-I_0_6_7,phimage_F-Cl-Br-I_0_6_8,phimage_F-Cl-Br-I_0_6_9,phimage_F-Cl-Br-I_0_6_10,phimage_F-Cl-Br-I_0_6_11,phimage_F-Cl-Br-I_0_6_12,phimage_F-Cl-Br-I_0_6_13,phimage_F-Cl-Br-I_0_6_14,phimage_F-Cl-Br-I_0_6_15,phimage_F-Cl-Br-I_0_6_16,phimage_F-Cl-Br-I_0_6_17,phimage_F-Cl-Br-I_0_6_18,phimage_F-Cl-Br-I_0_6_19,phimage_F-Cl-Br-I_0_7_0,phimage_F-Cl-Br-I_0_7_1,phimage_F-Cl-Br-I_0_7_2,phimage_F-Cl-Br-I_0_7_3,phimage_F-Cl-Br-I_0_7_4,phimage_F-Cl-Br-I_0_7_5,phimage_F-Cl-Br-I_0_7_6,phimage_F-Cl-Br-I_0_7_7,phimage_F-Cl-Br-I_0_7_8,phimage_F-Cl-Br-I_0_7_9,phimage_F-Cl-Br-I_0_7_10,phimage_F-Cl-Br-I_0_7_11,phimage_F-Cl-Br-I_0_7_12,phimage_F-Cl-Br-I_0_7_13,phimage_F-Cl-Br-I_0_7_14,phimage_F-Cl-Br-I_0_7_15,phimage_F-Cl-Br-I_0_7_16,phimage_F-Cl-Br-I_0_7_17,phimage_F-Cl-Br-I_0_7_18,phimage_F-Cl-Br-I_0_7_19,phimage_F-Cl-Br-I_0_8_0,phimage_F-Cl-Br-I_0_8_1,phimage_F-Cl-Br-I_0_8_2,phimage_F-Cl-Br-I_0_8_3,phimage_F-Cl-Br-I_0_8_4,phimage_F-Cl-Br-I_0_8_5,phimage_F-Cl-Br-I_0_8_6,phimage_F-Cl-Br-I_0_8_7,phimage_F-Cl-Br-I_0_8_8,phimage_F-Cl-Br-I_0_8_9,phimage_F-Cl-Br-I_0_8_10,phimage_F-Cl-Br-I_0_8_11,phimage_F-Cl-Br-I_0_8_12,phimage_F-Cl-Br-I_0_8_13,phimage_F-Cl-Br-I_0_8_14,phimage_F-Cl-Br-I_0_8_15,phimage_F-Cl-Br-I_0_8_16,phimage_F-Cl-Br-I_0_8_17,phimage_F-Cl-Br-I_0_8_18,phimage_F-Cl-Br-I_0_8_19,phimage_F-Cl-Br-I_0_9_0,phimage_F-Cl-Br-I_0_9_1,phimage_F-Cl-Br-I_0_9_2,phimage_F-Cl-Br-I_0_9_3,phimage_F-Cl-Br-I_0_9_4,phimage_F-Cl-Br-I_0_9_5,phimage_F-Cl-Br-I_0_9_6,phimage_F-Cl-Br-I_0_9_7,phimage_F-Cl-Br-I_0_9_8,phimage_F-Cl-Br-I_0_9_9,phimage_F-Cl-Br-I_0_9_10,phimage_F-Cl-Br-I_0_9_11,phimage_F-Cl-Br-I_0_9_12,phimage_F-Cl-Br-I_0_9_13,phimage_F-Cl-Br-I_0_9_14,phimage_F-Cl-Br-I_0_9_15,phimage_F-Cl-Br-I_0_9_16,phimage_F-Cl-Br-I_0_9_17,phimage_F-Cl-Br-I_0_9_18,phimage_F-Cl-Br-I_0_9_19,phimage_F-Cl-Br-I_0_10_0,phimage_F-Cl-Br-I_0_10_1,phimage_F-Cl-Br-I_0_10_2,phimage_F-Cl-Br-I_0_10_3,phimage_F-Cl-Br-I_0_10_4,phimage_F-Cl-Br-I_0_10_5,phimage_F-Cl-Br-I_0_10_6,phimage_F-Cl-Br-I_0_10_7,phimage_F-Cl-Br-I_0_10_8,phimage_F-Cl-Br-I_0_10_9,phimage_F-Cl-Br-I_0_10_10,phimage_F-Cl-Br-I_0_10_11,phimage_F-Cl-Br-I_0_10_12,phimage_F-Cl-Br-I_0_10_13,phimage_F-Cl-Br-I_0_10_14,phimage_F-Cl-Br-I_0_10_15,phimage_F-Cl-Br-I_0_10_16,phimage_F-Cl-Br-I_0_10_17,phimage_F-Cl-Br-I_0_10_18,phimage_F-Cl-Br-I_0_10_19,phimage_F-Cl-Br-I_0_11_0,phimage_F-Cl-Br-I_0_11_1,phimage_F-Cl-Br-I_0_11_2,phimage_F-Cl-Br-I_0_11_3,phimage_F-Cl-Br-I_0_11_4,phimage_F-Cl-Br-I_0_11_5,phimage_F-Cl-Br-I_0_11_6,phimage_F-Cl-Br-I_0_11_7,phimage_F-Cl-Br-I_0_11_8,phimage_F-Cl-Br-I_0_11_9,phimage_F-Cl-Br-I_0_11_10,phimage_F-Cl-Br-I_0_11_11,phimage_F-Cl-Br-I_0_11_12,phimage_F-Cl-Br-I_0_11_13,phimage_F-Cl-Br-I_0_11_14,phimage_F-Cl-Br-I_0_11_15,phimage_F-Cl-Br-I_0_11_16,phimage_F-Cl-Br-I_0_11_17,phimage_F-Cl-Br-I_0_11_18,phimage_F-Cl-Br-I_0_11_19,phimage_F-Cl-Br-I_0_12_0,phimage_F-Cl-Br-I_0_12_1,phimage_F-Cl-Br-I_0_12_2,phimage_F-Cl-Br-I_0_12_3,phimage_F-Cl-Br-I_0_12_4,phimage_F-Cl-Br-I_0_12_5,phimage_F-Cl-Br-I_0_12_6,phimage_F-Cl-Br-I_0_12_7,phimage_F-Cl-Br-I_0_12_8,phimage_F-Cl-Br-I_0_12_9,phimage_F-Cl-Br-I_0_12_10,phimage_F-Cl-Br-I_0_12_11,phimage_F-Cl-Br-I_0_12_12,phimage_F-Cl-Br-I_0_12_13,phimage_F-Cl-Br-I_0_12_14,phimage_F-Cl-Br-I_0_12_15,phimage_F-Cl-Br-I_0_12_16,phimage_F-Cl-Br-I_0_12_17,phimage_F-Cl-Br-I_0_12_18,phimage_F-Cl-Br-I_0_12_19,phimage_F-Cl-Br-I_0_13_0,phimage_F-Cl-Br-I_0_13_1,phimage_F-Cl-Br-I_0_13_2,phimage_F-Cl-Br-I_0_13_3,phimage_F-Cl-Br-I_0_13_4,phimage_F-Cl-Br-I_0_13_5,phimage_F-Cl-Br-I_0_13_6,phimage_F-Cl-Br-I_0_13_7,phimage_F-Cl-Br-I_0_13_8,phimage_F-Cl-Br-I_0_13_9,phimage_F-Cl-Br-I_0_13_10,phimage_F-Cl-Br-I_0_13_11,phimage_F-Cl-Br-I_0_13_12,phimage_F-Cl-Br-I_0_13_13,phimage_F-Cl-Br-I_0_13_14,phimage_F-Cl-Br-I_0_13_15,phimage_F-Cl-Br-I_0_13_16,phimage_F-Cl-Br-I_0_13_17,phimage_F-Cl-Br-I_0_13_18,phimage_F-Cl-Br-I_0_13_19,phimage_F-Cl-Br-I_0_14_0,phimage_F-Cl-Br-I_0_14_1,phimage_F-Cl-Br-I_0_14_2,phimage_F-Cl-Br-I_0_14_3,phimage_F-Cl-Br-I_0_14_4,phimage_F-Cl-Br-I_0_14_5,phimage_F-Cl-Br-I_0_14_6,phimage_F-Cl-Br-I_0_14_7,phimage_F-Cl-Br-I_0_14_8,phimage_F-Cl-Br-I_0_14_9,phimage_F-Cl-Br-I_0_14_10,phimage_F-Cl-Br-I_0_14_11,phimage_F-Cl-Br-I_0_14_12,phimage_F-Cl-Br-I_0_14_13,phimage_F-Cl-Br-I_0_14_14,phimage_F-Cl-Br-I_0_14_15,phimage_F-Cl-Br-I_0_14_16,phimage_F-Cl-Br-I_0_14_17,phimage_F-Cl-Br-I_0_14_18,phimage_F-Cl-Br-I_0_14_19,phimage_F-Cl-Br-I_0_15_0,phimage_F-Cl-Br-I_0_15_1,phimage_F-Cl-Br-I_0_15_2,phimage_F-Cl-Br-I_0_15_3,phimage_F-Cl-Br-I_0_15_4,phimage_F-Cl-Br-I_0_15_5,phimage_F-Cl-Br-I_0_15_6,phimage_F-Cl-Br-I_0_15_7,phimage_F-Cl-Br-I_0_15_8,phimage_F-Cl-Br-I_0_15_9,phimage_F-Cl-Br-I_0_15_10,phimage_F-Cl-Br-I_0_15_11,phimage_F-Cl-Br-I_0_15_12,phimage_F-Cl-Br-I_0_15_13,phimage_F-Cl-Br-I_0_15_14,phimage_F-Cl-Br-I_0_15_15,phimage_F-Cl-Br-I_0_15_16,phimage_F-Cl-Br-I_0_15_17,phimage_F-Cl-Br-I_0_15_18,phimage_F-Cl-Br-I_0_15_19,phimage_F-Cl-Br-I_0_16_0,phimage_F-Cl-Br-I_0_16_1,phimage_F-Cl-Br-I_0_16_2,phimage_F-Cl-Br-I_0_16_3,phimage_F-Cl-Br-I_0_16_4,phimage_F-Cl-Br-I_0_16_5,phimage_F-Cl-Br-I_0_16_6,phimage_F-Cl-Br-I_0_16_7,phimage_F-Cl-Br-I_0_16_8,phimage_F-Cl-Br-I_0_16_9,phimage_F-Cl-Br-I_0_16_10,phimage_F-Cl-Br-I_0_16_11,phimage_F-Cl-Br-I_0_16_12,phimage_F-Cl-Br-I_0_16_13,phimage_F-Cl-Br-I_0_16_14,phimage_F-Cl-Br-I_0_16_15,phimage_F-Cl-Br-I_0_16_16,phimage_F-Cl-Br-I_0_16_17,phimage_F-Cl-Br-I_0_16_18,phimage_F-Cl-Br-I_0_16_19,phimage_F-Cl-Br-I_0_17_0,phimage_F-Cl-Br-I_0_17_1,phimage_F-Cl-Br-I_0_17_2,phimage_F-Cl-Br-I_0_17_3,phimage_F-Cl-Br-I_0_17_4,phimage_F-Cl-Br-I_0_17_5,phimage_F-Cl-Br-I_0_17_6,phimage_F-Cl-Br-I_0_17_7,phimage_F-Cl-Br-I_0_17_8,phimage_F-Cl-Br-I_0_17_9,phimage_F-Cl-Br-I_0_17_10,phimage_F-Cl-Br-I_0_17_11,phimage_F-Cl-Br-I_0_17_12,phimage_F-Cl-Br-I_0_17_13,phimage_F-Cl-Br-I_0_17_14,phimage_F-Cl-Br-I_0_17_15,phimage_F-Cl-Br-I_0_17_16,phimage_F-Cl-Br-I_0_17_17,phimage_F-Cl-Br-I_0_17_18,phimage_F-Cl-Br-I_0_17_19,phimage_F-Cl-Br-I_0_18_0,phimage_F-Cl-Br-I_0_18_1,phimage_F-Cl-Br-I_0_18_2,phimage_F-Cl-Br-I_0_18_3,phimage_F-Cl-Br-I_0_18_4,phimage_F-Cl-Br-I_0_18_5,phimage_F-Cl-Br-I_0_18_6,phimage_F-Cl-Br-I_0_18_7,phimage_F-Cl-Br-I_0_18_8,phimage_F-Cl-Br-I_0_18_9,phimage_F-Cl-Br-I_0_18_10,phimage_F-Cl-Br-I_0_18_11,phimage_F-Cl-Br-I_0_18_12,phimage_F-Cl-Br-I_0_18_13,phimage_F-Cl-Br-I_0_18_14,phimage_F-Cl-Br-I_0_18_15,phimage_F-Cl-Br-I_0_18_16,phimage_F-Cl-Br-I_0_18_17,phimage_F-Cl-Br-I_0_18_18,phimage_F-Cl-Br-I_0_18_19,phimage_F-Cl-Br-I_0_19_0,phimage_F-Cl-Br-I_0_19_1,phimage_F-Cl-Br-I_0_19_2,phimage_F-Cl-Br-I_0_19_3,phimage_F-Cl-Br-I_0_19_4,phimage_F-Cl-Br-I_0_19_5,phimage_F-Cl-Br-I_0_19_6,phimage_F-Cl-Br-I_0_19_7,phimage_F-Cl-Br-I_0_19_8,phimage_F-Cl-Br-I_0_19_9,phimage_F-Cl-Br-I_0_19_10,phimage_F-Cl-Br-I_0_19_11,phimage_F-Cl-Br-I_0_19_12,phimage_F-Cl-Br-I_0_19_13,phimage_F-Cl-Br-I_0_19_14,phimage_F-Cl-Br-I_0_19_15,phimage_F-Cl-Br-I_0_19_16,phimage_F-Cl-Br-I_0_19_17,phimage_F-Cl-Br-I_0_19_18,phimage_F-Cl-Br-I_0_19_19,phimage_F-Cl-Br-I_1_0_0,phimage_F-Cl-Br-I_1_0_1,phimage_F-Cl-Br-I_1_0_2,phimage_F-Cl-Br-I_1_0_3,phimage_F-Cl-Br-I_1_0_4,phimage_F-Cl-Br-I_1_0_5,phimage_F-Cl-Br-I_1_0_6,phimage_F-Cl-Br-I_1_0_7,phimage_F-Cl-Br-I_1_0_8,phimage_F-Cl-Br-I_1_0_9,phimage_F-Cl-Br-I_1_0_10,phimage_F-Cl-Br-I_1_0_11,phimage_F-Cl-Br-I_1_0_12,phimage_F-Cl-Br-I_1_0_13,phimage_F-Cl-Br-I_1_0_14,phimage_F-Cl-Br-I_1_0_15,phimage_F-Cl-Br-I_1_0_16,phimage_F-Cl-Br-I_1_0_17,phimage_F-Cl-Br-I_1_0_18,phimage_F-Cl-Br-I_1_0_19,phimage_F-Cl-Br-I_1_1_0,phimage_F-Cl-Br-I_1_1_1,phimage_F-Cl-Br-I_1_1_2,phimage_F-Cl-Br-I_1_1_3,phimage_F-Cl-Br-I_1_1_4,phimage_F-Cl-Br-I_1_1_5,phimage_F-Cl-Br-I_1_1_6,phimage_F-Cl-Br-I_1_1_7,phimage_F-Cl-Br-I_1_1_8,phimage_F-Cl-Br-I_1_1_9,phimage_F-Cl-Br-I_1_1_10,phimage_F-Cl-Br-I_1_1_11,phimage_F-Cl-Br-I_1_1_12,phimage_F-Cl-Br-I_1_1_13,phimage_F-Cl-Br-I_1_1_14,phimage_F-Cl-Br-I_1_1_15,phimage_F-Cl-Br-I_1_1_16,phimage_F-Cl-Br-I_1_1_17,phimage_F-Cl-Br-I_1_1_18,phimage_F-Cl-Br-I_1_1_19,phimage_F-Cl-Br-I_1_2_0,phimage_F-Cl-Br-I_1_2_1,phimage_F-Cl-Br-I_1_2_2,phimage_F-Cl-Br-I_1_2_3,phimage_F-Cl-Br-I_1_2_4,phimage_F-Cl-Br-I_1_2_5,phimage_F-Cl-Br-I_1_2_6,phimage_F-Cl-Br-I_1_2_7,phimage_F-Cl-Br-I_1_2_8,phimage_F-Cl-Br-I_1_2_9,phimage_F-Cl-Br-I_1_2_10,phimage_F-Cl-Br-I_1_2_11,phimage_F-Cl-Br-I_1_2_12,phimage_F-Cl-Br-I_1_2_13,phimage_F-Cl-Br-I_1_2_14,phimage_F-Cl-Br-I_1_2_15,phimage_F-Cl-Br-I_1_2_16,phimage_F-Cl-Br-I_1_2_17,phimage_F-Cl-Br-I_1_2_18,phimage_F-Cl-Br-I_1_2_19,phimage_F-Cl-Br-I_1_3_0,phimage_F-Cl-Br-I_1_3_1,phimage_F-Cl-Br-I_1_3_2,phimage_F-Cl-Br-I_1_3_3,phimage_F-Cl-Br-I_1_3_4,phimage_F-Cl-Br-I_1_3_5,phimage_F-Cl-Br-I_1_3_6,phimage_F-Cl-Br-I_1_3_7,phimage_F-Cl-Br-I_1_3_8,phimage_F-Cl-Br-I_1_3_9,phimage_F-Cl-Br-I_1_3_10,phimage_F-Cl-Br-I_1_3_11,phimage_F-Cl-Br-I_1_3_12,phimage_F-Cl-Br-I_1_3_13,phimage_F-Cl-Br-I_1_3_14,phimage_F-Cl-Br-I_1_3_15,phimage_F-Cl-Br-I_1_3_16,phimage_F-Cl-Br-I_1_3_17,phimage_F-Cl-Br-I_1_3_18,phimage_F-Cl-Br-I_1_3_19,phimage_F-Cl-Br-I_1_4_0,phimage_F-Cl-Br-I_1_4_1,phimage_F-Cl-Br-I_1_4_2,phimage_F-Cl-Br-I_1_4_3,phimage_F-Cl-Br-I_1_4_4,phimage_F-Cl-Br-I_1_4_5,phimage_F-Cl-Br-I_1_4_6,phimage_F-Cl-Br-I_1_4_7,phimage_F-Cl-Br-I_1_4_8,phimage_F-Cl-Br-I_1_4_9,phimage_F-Cl-Br-I_1_4_10,phimage_F-Cl-Br-I_1_4_11,phimage_F-Cl-Br-I_1_4_12,phimage_F-Cl-Br-I_1_4_13,phimage_F-Cl-Br-I_1_4_14,phimage_F-Cl-Br-I_1_4_15,phimage_F-Cl-Br-I_1_4_16,phimage_F-Cl-Br-I_1_4_17,phimage_F-Cl-Br-I_1_4_18,phimage_F-Cl-Br-I_1_4_19,phimage_F-Cl-Br-I_1_5_0,phimage_F-Cl-Br-I_1_5_1,phimage_F-Cl-Br-I_1_5_2,phimage_F-Cl-Br-I_1_5_3,phimage_F-Cl-Br-I_1_5_4,phimage_F-Cl-Br-I_1_5_5,phimage_F-Cl-Br-I_1_5_6,phimage_F-Cl-Br-I_1_5_7,phimage_F-Cl-Br-I_1_5_8,phimage_F-Cl-Br-I_1_5_9,phimage_F-Cl-Br-I_1_5_10,phimage_F-Cl-Br-I_1_5_11,phimage_F-Cl-Br-I_1_5_12,phimage_F-Cl-Br-I_1_5_13,phimage_F-Cl-Br-I_1_5_14,phimage_F-Cl-Br-I_1_5_15,phimage_F-Cl-Br-I_1_5_16,phimage_F-Cl-Br-I_1_5_17,phimage_F-Cl-Br-I_1_5_18,phimage_F-Cl-Br-I_1_5_19,phimage_F-Cl-Br-I_1_6_0,phimage_F-Cl-Br-I_1_6_1,phimage_F-Cl-Br-I_1_6_2,phimage_F-Cl-Br-I_1_6_3,phimage_F-Cl-Br-I_1_6_4,phimage_F-Cl-Br-I_1_6_5,phimage_F-Cl-Br-I_1_6_6,phimage_F-Cl-Br-I_1_6_7,phimage_F-Cl-Br-I_1_6_8,phimage_F-Cl-Br-I_1_6_9,phimage_F-Cl-Br-I_1_6_10,phimage_F-Cl-Br-I_1_6_11,phimage_F-Cl-Br-I_1_6_12,phimage_F-Cl-Br-I_1_6_13,phimage_F-Cl-Br-I_1_6_14,phimage_F-Cl-Br-I_1_6_15,phimage_F-Cl-Br-I_1_6_16,phimage_F-Cl-Br-I_1_6_17,phimage_F-Cl-Br-I_1_6_18,phimage_F-Cl-Br-I_1_6_19,phimage_F-Cl-Br-I_1_7_0,phimage_F-Cl-Br-I_1_7_1,phimage_F-Cl-Br-I_1_7_2,phimage_F-Cl-Br-I_1_7_3,phimage_F-Cl-Br-I_1_7_4,phimage_F-Cl-Br-I_1_7_5,phimage_F-Cl-Br-I_1_7_6,phimage_F-Cl-Br-I_1_7_7,phimage_F-Cl-Br-I_1_7_8,phimage_F-Cl-Br-I_1_7_9,phimage_F-Cl-Br-I_1_7_10,phimage_F-Cl-Br-I_1_7_11,phimage_F-Cl-Br-I_1_7_12,phimage_F-Cl-Br-I_1_7_13,phimage_F-Cl-Br-I_1_7_14,phimage_F-Cl-Br-I_1_7_15,phimage_F-Cl-Br-I_1_7_16,phimage_F-Cl-Br-I_1_7_17,phimage_F-Cl-Br-I_1_7_18,phimage_F-Cl-Br-I_1_7_19,phimage_F-Cl-Br-I_1_8_0,phimage_F-Cl-Br-I_1_8_1,phimage_F-Cl-Br-I_1_8_2,phimage_F-Cl-Br-I_1_8_3,phimage_F-Cl-Br-I_1_8_4,phimage_F-Cl-Br-I_1_8_5,phimage_F-Cl-Br-I_1_8_6,phimage_F-Cl-Br-I_1_8_7,phimage_F-Cl-Br-I_1_8_8,phimage_F-Cl-Br-I_1_8_9,phimage_F-Cl-Br-I_1_8_10,phimage_F-Cl-Br-I_1_8_11,phimage_F-Cl-Br-I_1_8_12,phimage_F-Cl-Br-I_1_8_13,phimage_F-Cl-Br-I_1_8_14,phimage_F-Cl-Br-I_1_8_15,phimage_F-Cl-Br-I_1_8_16,phimage_F-Cl-Br-I_1_8_17,phimage_F-Cl-Br-I_1_8_18,phimage_F-Cl-Br-I_1_8_19,phimage_F-Cl-Br-I_1_9_0,phimage_F-Cl-Br-I_1_9_1,phimage_F-Cl-Br-I_1_9_2,phimage_F-Cl-Br-I_1_9_3,phimage_F-Cl-Br-I_1_9_4,phimage_F-Cl-Br-I_1_9_5,phimage_F-Cl-Br-I_1_9_6,phimage_F-Cl-Br-I_1_9_7,phimage_F-Cl-Br-I_1_9_8,phimage_F-Cl-Br-I_1_9_9,phimage_F-Cl-Br-I_1_9_10,phimage_F-Cl-Br-I_1_9_11,phimage_F-Cl-Br-I_1_9_12,phimage_F-Cl-Br-I_1_9_13,phimage_F-Cl-Br-I_1_9_14,phimage_F-Cl-Br-I_1_9_15,phimage_F-Cl-Br-I_1_9_16,phimage_F-Cl-Br-I_1_9_17,phimage_F-Cl-Br-I_1_9_18,phimage_F-Cl-Br-I_1_9_19,phimage_F-Cl-Br-I_1_10_0,phimage_F-Cl-Br-I_1_10_1,phimage_F-Cl-Br-I_1_10_2,phimage_F-Cl-Br-I_1_10_3,phimage_F-Cl-Br-I_1_10_4,phimage_F-Cl-Br-I_1_10_5,phimage_F-Cl-Br-I_1_10_6,phimage_F-Cl-Br-I_1_10_7,phimage_F-Cl-Br-I_1_10_8,phimage_F-Cl-Br-I_1_10_9,phimage_F-Cl-Br-I_1_10_10,phimage_F-Cl-Br-I_1_10_11,phimage_F-Cl-Br-I_1_10_12,phimage_F-Cl-Br-I_1_10_13,phimage_F-Cl-Br-I_1_10_14,phimage_F-Cl-Br-I_1_10_15,phimage_F-Cl-Br-I_1_10_16,phimage_F-Cl-Br-I_1_10_17,phimage_F-Cl-Br-I_1_10_18,phimage_F-Cl-Br-I_1_10_19,phimage_F-Cl-Br-I_1_11_0,phimage_F-Cl-Br-I_1_11_1,phimage_F-Cl-Br-I_1_11_2,phimage_F-Cl-Br-I_1_11_3,phimage_F-Cl-Br-I_1_11_4,phimage_F-Cl-Br-I_1_11_5,phimage_F-Cl-Br-I_1_11_6,phimage_F-Cl-Br-I_1_11_7,phimage_F-Cl-Br-I_1_11_8,phimage_F-Cl-Br-I_1_11_9,phimage_F-Cl-Br-I_1_11_10,phimage_F-Cl-Br-I_1_11_11,phimage_F-Cl-Br-I_1_11_12,phimage_F-Cl-Br-I_1_11_13,phimage_F-Cl-Br-I_1_11_14,phimage_F-Cl-Br-I_1_11_15,phimage_F-Cl-Br-I_1_11_16,phimage_F-Cl-Br-I_1_11_17,phimage_F-Cl-Br-I_1_11_18,phimage_F-Cl-Br-I_1_11_19,phimage_F-Cl-Br-I_1_12_0,phimage_F-Cl-Br-I_1_12_1,phimage_F-Cl-Br-I_1_12_2,phimage_F-Cl-Br-I_1_12_3,phimage_F-Cl-Br-I_1_12_4,phimage_F-Cl-Br-I_1_12_5,phimage_F-Cl-Br-I_1_12_6,phimage_F-Cl-Br-I_1_12_7,phimage_F-Cl-Br-I_1_12_8,phimage_F-Cl-Br-I_1_12_9,phimage_F-Cl-Br-I_1_12_10,phimage_F-Cl-Br-I_1_12_11,phimage_F-Cl-Br-I_1_12_12,phimage_F-Cl-Br-I_1_12_13,phimage_F-Cl-Br-I_1_12_14,phimage_F-Cl-Br-I_1_12_15,phimage_F-Cl-Br-I_1_12_16,phimage_F-Cl-Br-I_1_12_17,phimage_F-Cl-Br-I_1_12_18,phimage_F-Cl-Br-I_1_12_19,phimage_F-Cl-Br-I_1_13_0,phimage_F-Cl-Br-I_1_13_1,phimage_F-Cl-Br-I_1_13_2,phimage_F-Cl-Br-I_1_13_3,phimage_F-Cl-Br-I_1_13_4,phimage_F-Cl-Br-I_1_13_5,phimage_F-Cl-Br-I_1_13_6,phimage_F-Cl-Br-I_1_13_7,phimage_F-Cl-Br-I_1_13_8,phimage_F-Cl-Br-I_1_13_9,phimage_F-Cl-Br-I_1_13_10,phimage_F-Cl-Br-I_1_13_11,phimage_F-Cl-Br-I_1_13_12,phimage_F-Cl-Br-I_1_13_13,phimage_F-Cl-Br-I_1_13_14,phimage_F-Cl-Br-I_1_13_15,phimage_F-Cl-Br-I_1_13_16,phimage_F-Cl-Br-I_1_13_17,phimage_F-Cl-Br-I_1_13_18,phimage_F-Cl-Br-I_1_13_19,phimage_F-Cl-Br-I_1_14_0,phimage_F-Cl-Br-I_1_14_1,phimage_F-Cl-Br-I_1_14_2,phimage_F-Cl-Br-I_1_14_3,phimage_F-Cl-Br-I_1_14_4,phimage_F-Cl-Br-I_1_14_5,phimage_F-Cl-Br-I_1_14_6,phimage_F-Cl-Br-I_1_14_7,phimage_F-Cl-Br-I_1_14_8,phimage_F-Cl-Br-I_1_14_9,phimage_F-Cl-Br-I_1_14_10,phimage_F-Cl-Br-I_1_14_11,phimage_F-Cl-Br-I_1_14_12,phimage_F-Cl-Br-I_1_14_13,phimage_F-Cl-Br-I_1_14_14,phimage_F-Cl-Br-I_1_14_15,phimage_F-Cl-Br-I_1_14_16,phimage_F-Cl-Br-I_1_14_17,phimage_F-Cl-Br-I_1_14_18,phimage_F-Cl-Br-I_1_14_19,phimage_F-Cl-Br-I_1_15_0,phimage_F-Cl-Br-I_1_15_1,phimage_F-Cl-Br-I_1_15_2,phimage_F-Cl-Br-I_1_15_3,phimage_F-Cl-Br-I_1_15_4,phimage_F-Cl-Br-I_1_15_5,phimage_F-Cl-Br-I_1_15_6,phimage_F-Cl-Br-I_1_15_7,phimage_F-Cl-Br-I_1_15_8,phimage_F-Cl-Br-I_1_15_9,phimage_F-Cl-Br-I_1_15_10,phimage_F-Cl-Br-I_1_15_11,phimage_F-Cl-Br-I_1_15_12,phimage_F-Cl-Br-I_1_15_13,phimage_F-Cl-Br-I_1_15_14,phimage_F-Cl-Br-I_1_15_15,phimage_F-Cl-Br-I_1_15_16,phimage_F-Cl-Br-I_1_15_17,phimage_F-Cl-Br-I_1_15_18,phimage_F-Cl-Br-I_1_15_19,phimage_F-Cl-Br-I_1_16_0,phimage_F-Cl-Br-I_1_16_1,phimage_F-Cl-Br-I_1_16_2,phimage_F-Cl-Br-I_1_16_3,phimage_F-Cl-Br-I_1_16_4,phimage_F-Cl-Br-I_1_16_5,phimage_F-Cl-Br-I_1_16_6,phimage_F-Cl-Br-I_1_16_7,phimage_F-Cl-Br-I_1_16_8,phimage_F-Cl-Br-I_1_16_9,phimage_F-Cl-Br-I_1_16_10,phimage_F-Cl-Br-I_1_16_11,phimage_F-Cl-Br-I_1_16_12,phimage_F-Cl-Br-I_1_16_13,phimage_F-Cl-Br-I_1_16_14,phimage_F-Cl-Br-I_1_16_15,phimage_F-Cl-Br-I_1_16_16,phimage_F-Cl-Br-I_1_16_17,phimage_F-Cl-Br-I_1_16_18,phimage_F-Cl-Br-I_1_16_19,phimage_F-Cl-Br-I_1_17_0,phimage_F-Cl-Br-I_1_17_1,phimage_F-Cl-Br-I_1_17_2,phimage_F-Cl-Br-I_1_17_3,phimage_F-Cl-Br-I_1_17_4,phimage_F-Cl-Br-I_1_17_5,phimage_F-Cl-Br-I_1_17_6,phimage_F-Cl-Br-I_1_17_7,phimage_F-Cl-Br-I_1_17_8,phimage_F-Cl-Br-I_1_17_9,phimage_F-Cl-Br-I_1_17_10,phimage_F-Cl-Br-I_1_17_11,phimage_F-Cl-Br-I_1_17_12,phimage_F-Cl-Br-I_1_17_13,phimage_F-Cl-Br-I_1_17_14,phimage_F-Cl-Br-I_1_17_15,phimage_F-Cl-Br-I_1_17_16,phimage_F-Cl-Br-I_1_17_17,phimage_F-Cl-Br-I_1_17_18,phimage_F-Cl-Br-I_1_17_19,phimage_F-Cl-Br-I_1_18_0,phimage_F-Cl-Br-I_1_18_1,phimage_F-Cl-Br-I_1_18_2,phimage_F-Cl-Br-I_1_18_3,phimage_F-Cl-Br-I_1_18_4,phimage_F-Cl-Br-I_1_18_5,phimage_F-Cl-Br-I_1_18_6,phimage_F-Cl-Br-I_1_18_7,phimage_F-Cl-Br-I_1_18_8,phimage_F-Cl-Br-I_1_18_9,phimage_F-Cl-Br-I_1_18_10,phimage_F-Cl-Br-I_1_18_11,phimage_F-Cl-Br-I_1_18_12,phimage_F-Cl-Br-I_1_18_13,phimage_F-Cl-Br-I_1_18_14,phimage_F-Cl-Br-I_1_18_15,phimage_F-Cl-Br-I_1_18_16,phimage_F-Cl-Br-I_1_18_17,phimage_F-Cl-Br-I_1_18_18,phimage_F-Cl-Br-I_1_18_19,phimage_F-Cl-Br-I_1_19_0,phimage_F-Cl-Br-I_1_19_1,phimage_F-Cl-Br-I_1_19_2,phimage_F-Cl-Br-I_1_19_3,phimage_F-Cl-Br-I_1_19_4,phimage_F-Cl-Br-I_1_19_5,phimage_F-Cl-Br-I_1_19_6,phimage_F-Cl-Br-I_1_19_7,phimage_F-Cl-Br-I_1_19_8,phimage_F-Cl-Br-I_1_19_9,phimage_F-Cl-Br-I_1_19_10,phimage_F-Cl-Br-I_1_19_11,phimage_F-Cl-Br-I_1_19_12,phimage_F-Cl-Br-I_1_19_13,phimage_F-Cl-Br-I_1_19_14,phimage_F-Cl-Br-I_1_19_15,phimage_F-Cl-Br-I_1_19_16,phimage_F-Cl-Br-I_1_19_17,phimage_F-Cl-Br-I_1_19_18,phimage_F-Cl-Br-I_1_19_19,phimage_F-Cl-Br-I_2_0_0,phimage_F-Cl-Br-I_2_0_1,phimage_F-Cl-Br-I_2_0_2,phimage_F-Cl-Br-I_2_0_3,phimage_F-Cl-Br-I_2_0_4,phimage_F-Cl-Br-I_2_0_5,phimage_F-Cl-Br-I_2_0_6,phimage_F-Cl-Br-I_2_0_7,phimage_F-Cl-Br-I_2_0_8,phimage_F-Cl-Br-I_2_0_9,phimage_F-Cl-Br-I_2_0_10,phimage_F-Cl-Br-I_2_0_11,phimage_F-Cl-Br-I_2_0_12,phimage_F-Cl-Br-I_2_0_13,phimage_F-Cl-Br-I_2_0_14,phimage_F-Cl-Br-I_2_0_15,phimage_F-Cl-Br-I_2_0_16,phimage_F-Cl-Br-I_2_0_17,phimage_F-Cl-Br-I_2_0_18,phimage_F-Cl-Br-I_2_0_19,phimage_F-Cl-Br-I_2_1_0,phimage_F-Cl-Br-I_2_1_1,phimage_F-Cl-Br-I_2_1_2,phimage_F-Cl-Br-I_2_1_3,phimage_F-Cl-Br-I_2_1_4,phimage_F-Cl-Br-I_2_1_5,phimage_F-Cl-Br-I_2_1_6,phimage_F-Cl-Br-I_2_1_7,phimage_F-Cl-Br-I_2_1_8,phimage_F-Cl-Br-I_2_1_9,phimage_F-Cl-Br-I_2_1_10,phimage_F-Cl-Br-I_2_1_11,phimage_F-Cl-Br-I_2_1_12,phimage_F-Cl-Br-I_2_1_13,phimage_F-Cl-Br-I_2_1_14,phimage_F-Cl-Br-I_2_1_15,phimage_F-Cl-Br-I_2_1_16,phimage_F-Cl-Br-I_2_1_17,phimage_F-Cl-Br-I_2_1_18,phimage_F-Cl-Br-I_2_1_19,phimage_F-Cl-Br-I_2_2_0,phimage_F-Cl-Br-I_2_2_1,phimage_F-Cl-Br-I_2_2_2,phimage_F-Cl-Br-I_2_2_3,phimage_F-Cl-Br-I_2_2_4,phimage_F-Cl-Br-I_2_2_5,phimage_F-Cl-Br-I_2_2_6,phimage_F-Cl-Br-I_2_2_7,phimage_F-Cl-Br-I_2_2_8,phimage_F-Cl-Br-I_2_2_9,phimage_F-Cl-Br-I_2_2_10,phimage_F-Cl-Br-I_2_2_11,phimage_F-Cl-Br-I_2_2_12,phimage_F-Cl-Br-I_2_2_13,phimage_F-Cl-Br-I_2_2_14,phimage_F-Cl-Br-I_2_2_15,phimage_F-Cl-Br-I_2_2_16,phimage_F-Cl-Br-I_2_2_17,phimage_F-Cl-Br-I_2_2_18,phimage_F-Cl-Br-I_2_2_19,phimage_F-Cl-Br-I_2_3_0,phimage_F-Cl-Br-I_2_3_1,phimage_F-Cl-Br-I_2_3_2,phimage_F-Cl-Br-I_2_3_3,phimage_F-Cl-Br-I_2_3_4,phimage_F-Cl-Br-I_2_3_5,phimage_F-Cl-Br-I_2_3_6,phimage_F-Cl-Br-I_2_3_7,phimage_F-Cl-Br-I_2_3_8,phimage_F-Cl-Br-I_2_3_9,phimage_F-Cl-Br-I_2_3_10,phimage_F-Cl-Br-I_2_3_11,phimage_F-Cl-Br-I_2_3_12,phimage_F-Cl-Br-I_2_3_13,phimage_F-Cl-Br-I_2_3_14,phimage_F-Cl-Br-I_2_3_15,phimage_F-Cl-Br-I_2_3_16,phimage_F-Cl-Br-I_2_3_17,phimage_F-Cl-Br-I_2_3_18,phimage_F-Cl-Br-I_2_3_19,phimage_F-Cl-Br-I_2_4_0,phimage_F-Cl-Br-I_2_4_1,phimage_F-Cl-Br-I_2_4_2,phimage_F-Cl-Br-I_2_4_3,phimage_F-Cl-Br-I_2_4_4,phimage_F-Cl-Br-I_2_4_5,phimage_F-Cl-Br-I_2_4_6,phimage_F-Cl-Br-I_2_4_7,phimage_F-Cl-Br-I_2_4_8,phimage_F-Cl-Br-I_2_4_9,phimage_F-Cl-Br-I_2_4_10,phimage_F-Cl-Br-I_2_4_11,phimage_F-Cl-Br-I_2_4_12,phimage_F-Cl-Br-I_2_4_13,phimage_F-Cl-Br-I_2_4_14,phimage_F-Cl-Br-I_2_4_15,phimage_F-Cl-Br-I_2_4_16,phimage_F-Cl-Br-I_2_4_17,phimage_F-Cl-Br-I_2_4_18,phimage_F-Cl-Br-I_2_4_19,phimage_F-Cl-Br-I_2_5_0,phimage_F-Cl-Br-I_2_5_1,phimage_F-Cl-Br-I_2_5_2,phimage_F-Cl-Br-I_2_5_3,phimage_F-Cl-Br-I_2_5_4,phimage_F-Cl-Br-I_2_5_5,phimage_F-Cl-Br-I_2_5_6,phimage_F-Cl-Br-I_2_5_7,phimage_F-Cl-Br-I_2_5_8,phimage_F-Cl-Br-I_2_5_9,phimage_F-Cl-Br-I_2_5_10,phimage_F-Cl-Br-I_2_5_11,phimage_F-Cl-Br-I_2_5_12,phimage_F-Cl-Br-I_2_5_13,phimage_F-Cl-Br-I_2_5_14,phimage_F-Cl-Br-I_2_5_15,phimage_F-Cl-Br-I_2_5_16,phimage_F-Cl-Br-I_2_5_17,phimage_F-Cl-Br-I_2_5_18,phimage_F-Cl-Br-I_2_5_19,phimage_F-Cl-Br-I_2_6_0,phimage_F-Cl-Br-I_2_6_1,phimage_F-Cl-Br-I_2_6_2,phimage_F-Cl-Br-I_2_6_3,phimage_F-Cl-Br-I_2_6_4,phimage_F-Cl-Br-I_2_6_5,phimage_F-Cl-Br-I_2_6_6,phimage_F-Cl-Br-I_2_6_7,phimage_F-Cl-Br-I_2_6_8,phimage_F-Cl-Br-I_2_6_9,phimage_F-Cl-Br-I_2_6_10,phimage_F-Cl-Br-I_2_6_11,phimage_F-Cl-Br-I_2_6_12,phimage_F-Cl-Br-I_2_6_13,phimage_F-Cl-Br-I_2_6_14,phimage_F-Cl-Br-I_2_6_15,phimage_F-Cl-Br-I_2_6_16,phimage_F-Cl-Br-I_2_6_17,phimage_F-Cl-Br-I_2_6_18,phimage_F-Cl-Br-I_2_6_19,phimage_F-Cl-Br-I_2_7_0,phimage_F-Cl-Br-I_2_7_1,phimage_F-Cl-Br-I_2_7_2,phimage_F-Cl-Br-I_2_7_3,phimage_F-Cl-Br-I_2_7_4,phimage_F-Cl-Br-I_2_7_5,phimage_F-Cl-Br-I_2_7_6,phimage_F-Cl-Br-I_2_7_7,phimage_F-Cl-Br-I_2_7_8,phimage_F-Cl-Br-I_2_7_9,phimage_F-Cl-Br-I_2_7_10,phimage_F-Cl-Br-I_2_7_11,phimage_F-Cl-Br-I_2_7_12,phimage_F-Cl-Br-I_2_7_13,phimage_F-Cl-Br-I_2_7_14,phimage_F-Cl-Br-I_2_7_15,phimage_F-Cl-Br-I_2_7_16,phimage_F-Cl-Br-I_2_7_17,phimage_F-Cl-Br-I_2_7_18,phimage_F-Cl-Br-I_2_7_19,phimage_F-Cl-Br-I_2_8_0,phimage_F-Cl-Br-I_2_8_1,phimage_F-Cl-Br-I_2_8_2,phimage_F-Cl-Br-I_2_8_3,phimage_F-Cl-Br-I_2_8_4,phimage_F-Cl-Br-I_2_8_5,phimage_F-Cl-Br-I_2_8_6,phimage_F-Cl-Br-I_2_8_7,phimage_F-Cl-Br-I_2_8_8,phimage_F-Cl-Br-I_2_8_9,phimage_F-Cl-Br-I_2_8_10,phimage_F-Cl-Br-I_2_8_11,phimage_F-Cl-Br-I_2_8_12,phimage_F-Cl-Br-I_2_8_13,phimage_F-Cl-Br-I_2_8_14,phimage_F-Cl-Br-I_2_8_15,phimage_F-Cl-Br-I_2_8_16,phimage_F-Cl-Br-I_2_8_17,phimage_F-Cl-Br-I_2_8_18,phimage_F-Cl-Br-I_2_8_19,phimage_F-Cl-Br-I_2_9_0,phimage_F-Cl-Br-I_2_9_1,phimage_F-Cl-Br-I_2_9_2,phimage_F-Cl-Br-I_2_9_3,phimage_F-Cl-Br-I_2_9_4,phimage_F-Cl-Br-I_2_9_5,phimage_F-Cl-Br-I_2_9_6,phimage_F-Cl-Br-I_2_9_7,phimage_F-Cl-Br-I_2_9_8,phimage_F-Cl-Br-I_2_9_9,phimage_F-Cl-Br-I_2_9_10,phimage_F-Cl-Br-I_2_9_11,phimage_F-Cl-Br-I_2_9_12,phimage_F-Cl-Br-I_2_9_13,phimage_F-Cl-Br-I_2_9_14,phimage_F-Cl-Br-I_2_9_15,phimage_F-Cl-Br-I_2_9_16,phimage_F-Cl-Br-I_2_9_17,phimage_F-Cl-Br-I_2_9_18,phimage_F-Cl-Br-I_2_9_19,phimage_F-Cl-Br-I_2_10_0,phimage_F-Cl-Br-I_2_10_1,phimage_F-Cl-Br-I_2_10_2,phimage_F-Cl-Br-I_2_10_3,phimage_F-Cl-Br-I_2_10_4,phimage_F-Cl-Br-I_2_10_5,phimage_F-Cl-Br-I_2_10_6,phimage_F-Cl-Br-I_2_10_7,phimage_F-Cl-Br-I_2_10_8,phimage_F-Cl-Br-I_2_10_9,phimage_F-Cl-Br-I_2_10_10,phimage_F-Cl-Br-I_2_10_11,phimage_F-Cl-Br-I_2_10_12,phimage_F-Cl-Br-I_2_10_13,phimage_F-Cl-Br-I_2_10_14,phimage_F-Cl-Br-I_2_10_15,phimage_F-Cl-Br-I_2_10_16,phimage_F-Cl-Br-I_2_10_17,phimage_F-Cl-Br-I_2_10_18,phimage_F-Cl-Br-I_2_10_19,phimage_F-Cl-Br-I_2_11_0,phimage_F-Cl-Br-I_2_11_1,phimage_F-Cl-Br-I_2_11_2,phimage_F-Cl-Br-I_2_11_3,phimage_F-Cl-Br-I_2_11_4,phimage_F-Cl-Br-I_2_11_5,phimage_F-Cl-Br-I_2_11_6,phimage_F-Cl-Br-I_2_11_7,phimage_F-Cl-Br-I_2_11_8,phimage_F-Cl-Br-I_2_11_9,phimage_F-Cl-Br-I_2_11_10,phimage_F-Cl-Br-I_2_11_11,phimage_F-Cl-Br-I_2_11_12,phimage_F-Cl-Br-I_2_11_13,phimage_F-Cl-Br-I_2_11_14,phimage_F-Cl-Br-I_2_11_15,phimage_F-Cl-Br-I_2_11_16,phimage_F-Cl-Br-I_2_11_17,phimage_F-Cl-Br-I_2_11_18,phimage_F-Cl-Br-I_2_11_19,phimage_F-Cl-Br-I_2_12_0,phimage_F-Cl-Br-I_2_12_1,phimage_F-Cl-Br-I_2_12_2,phimage_F-Cl-Br-I_2_12_3,phimage_F-Cl-Br-I_2_12_4,phimage_F-Cl-Br-I_2_12_5,phimage_F-Cl-Br-I_2_12_6,phimage_F-Cl-Br-I_2_12_7,phimage_F-Cl-Br-I_2_12_8,phimage_F-Cl-Br-I_2_12_9,phimage_F-Cl-Br-I_2_12_10,phimage_F-Cl-Br-I_2_12_11,phimage_F-Cl-Br-I_2_12_12,phimage_F-Cl-Br-I_2_12_13,phimage_F-Cl-Br-I_2_12_14,phimage_F-Cl-Br-I_2_12_15,phimage_F-Cl-Br-I_2_12_16,phimage_F-Cl-Br-I_2_12_17,phimage_F-Cl-Br-I_2_12_18,phimage_F-Cl-Br-I_2_12_19,phimage_F-Cl-Br-I_2_13_0,phimage_F-Cl-Br-I_2_13_1,phimage_F-Cl-Br-I_2_13_2,phimage_F-Cl-Br-I_2_13_3,phimage_F-Cl-Br-I_2_13_4,phimage_F-Cl-Br-I_2_13_5,phimage_F-Cl-Br-I_2_13_6,phimage_F-Cl-Br-I_2_13_7,phimage_F-Cl-Br-I_2_13_8,phimage_F-Cl-Br-I_2_13_9,phimage_F-Cl-Br-I_2_13_10,phimage_F-Cl-Br-I_2_13_11,phimage_F-Cl-Br-I_2_13_12,phimage_F-Cl-Br-I_2_13_13,phimage_F-Cl-Br-I_2_13_14,phimage_F-Cl-Br-I_2_13_15,phimage_F-Cl-Br-I_2_13_16,phimage_F-Cl-Br-I_2_13_17,phimage_F-Cl-Br-I_2_13_18,phimage_F-Cl-Br-I_2_13_19,phimage_F-Cl-Br-I_2_14_0,phimage_F-Cl-Br-I_2_14_1,phimage_F-Cl-Br-I_2_14_2,phimage_F-Cl-Br-I_2_14_3,phimage_F-Cl-Br-I_2_14_4,phimage_F-Cl-Br-I_2_14_5,phimage_F-Cl-Br-I_2_14_6,phimage_F-Cl-Br-I_2_14_7,phimage_F-Cl-Br-I_2_14_8,phimage_F-Cl-Br-I_2_14_9,phimage_F-Cl-Br-I_2_14_10,phimage_F-Cl-Br-I_2_14_11,phimage_F-Cl-Br-I_2_14_12,phimage_F-Cl-Br-I_2_14_13,phimage_F-Cl-Br-I_2_14_14,phimage_F-Cl-Br-I_2_14_15,phimage_F-Cl-Br-I_2_14_16,phimage_F-Cl-Br-I_2_14_17,phimage_F-Cl-Br-I_2_14_18,phimage_F-Cl-Br-I_2_14_19,phimage_F-Cl-Br-I_2_15_0,phimage_F-Cl-Br-I_2_15_1,phimage_F-Cl-Br-I_2_15_2,phimage_F-Cl-Br-I_2_15_3,phimage_F-Cl-Br-I_2_15_4,phimage_F-Cl-Br-I_2_15_5,phimage_F-Cl-Br-I_2_15_6,phimage_F-Cl-Br-I_2_15_7,phimage_F-Cl-Br-I_2_15_8,phimage_F-Cl-Br-I_2_15_9,phimage_F-Cl-Br-I_2_15_10,phimage_F-Cl-Br-I_2_15_11,phimage_F-Cl-Br-I_2_15_12,phimage_F-Cl-Br-I_2_15_13,phimage_F-Cl-Br-I_2_15_14,phimage_F-Cl-Br-I_2_15_15,phimage_F-Cl-Br-I_2_15_16,phimage_F-Cl-Br-I_2_15_17,phimage_F-Cl-Br-I_2_15_18,phimage_F-Cl-Br-I_2_15_19,phimage_F-Cl-Br-I_2_16_0,phimage_F-Cl-Br-I_2_16_1,phimage_F-Cl-Br-I_2_16_2,phimage_F-Cl-Br-I_2_16_3,phimage_F-Cl-Br-I_2_16_4,phimage_F-Cl-Br-I_2_16_5,phimage_F-Cl-Br-I_2_16_6,phimage_F-Cl-Br-I_2_16_7,phimage_F-Cl-Br-I_2_16_8,phimage_F-Cl-Br-I_2_16_9,phimage_F-Cl-Br-I_2_16_10,phimage_F-Cl-Br-I_2_16_11,phimage_F-Cl-Br-I_2_16_12,phimage_F-Cl-Br-I_2_16_13,phimage_F-Cl-Br-I_2_16_14,phimage_F-Cl-Br-I_2_16_15,phimage_F-Cl-Br-I_2_16_16,phimage_F-Cl-Br-I_2_16_17,phimage_F-Cl-Br-I_2_16_18,phimage_F-Cl-Br-I_2_16_19,phimage_F-Cl-Br-I_2_17_0,phimage_F-Cl-Br-I_2_17_1,phimage_F-Cl-Br-I_2_17_2,phimage_F-Cl-Br-I_2_17_3,phimage_F-Cl-Br-I_2_17_4,phimage_F-Cl-Br-I_2_17_5,phimage_F-Cl-Br-I_2_17_6,phimage_F-Cl-Br-I_2_17_7,phimage_F-Cl-Br-I_2_17_8,phimage_F-Cl-Br-I_2_17_9,phimage_F-Cl-Br-I_2_17_10,phimage_F-Cl-Br-I_2_17_11,phimage_F-Cl-Br-I_2_17_12,phimage_F-Cl-Br-I_2_17_13,phimage_F-Cl-Br-I_2_17_14,phimage_F-Cl-Br-I_2_17_15,phimage_F-Cl-Br-I_2_17_16,phimage_F-Cl-Br-I_2_17_17,phimage_F-Cl-Br-I_2_17_18,phimage_F-Cl-Br-I_2_17_19,phimage_F-Cl-Br-I_2_18_0,phimage_F-Cl-Br-I_2_18_1,phimage_F-Cl-Br-I_2_18_2,phimage_F-Cl-Br-I_2_18_3,phimage_F-Cl-Br-I_2_18_4,phimage_F-Cl-Br-I_2_18_5,phimage_F-Cl-Br-I_2_18_6,phimage_F-Cl-Br-I_2_18_7,phimage_F-Cl-Br-I_2_18_8,phimage_F-Cl-Br-I_2_18_9,phimage_F-Cl-Br-I_2_18_10,phimage_F-Cl-Br-I_2_18_11,phimage_F-Cl-Br-I_2_18_12,phimage_F-Cl-Br-I_2_18_13,phimage_F-Cl-Br-I_2_18_14,phimage_F-Cl-Br-I_2_18_15,phimage_F-Cl-Br-I_2_18_16,phimage_F-Cl-Br-I_2_18_17,phimage_F-Cl-Br-I_2_18_18,phimage_F-Cl-Br-I_2_18_19,phimage_F-Cl-Br-I_2_19_0,phimage_F-Cl-Br-I_2_19_1,phimage_F-Cl-Br-I_2_19_2,phimage_F-Cl-Br-I_2_19_3,phimage_F-Cl-Br-I_2_19_4,phimage_F-Cl-Br-I_2_19_5,phimage_F-Cl-Br-I_2_19_6,phimage_F-Cl-Br-I_2_19_7,phimage_F-Cl-Br-I_2_19_8,phimage_F-Cl-Br-I_2_19_9,phimage_F-Cl-Br-I_2_19_10,phimage_F-Cl-Br-I_2_19_11,phimage_F-Cl-Br-I_2_19_12,phimage_F-Cl-Br-I_2_19_13,phimage_F-Cl-Br-I_2_19_14,phimage_F-Cl-Br-I_2_19_15,phimage_F-Cl-Br-I_2_19_16,phimage_F-Cl-Br-I_2_19_17,phimage_F-Cl-Br-I_2_19_18,phimage_F-Cl-Br-I_2_19_19,phimage_Cu-Mn-Ni-Mo-Fe-Pt-Zn-Ca-Er-Au-Cd-Co-Gd-Na-Sm-Eu-Tb-V-Ag-Nd-U-Ba-Ce-K-Ga-Cr-Al-Li-Sc-Ru-In-Mg-Zr-Dy-W-Yb-Y-Ho-Re-Be-Rb-La-Sn-Cs-Pb-Pr-Bi-Tm-Sr-Ti-Hf-Ir-Nb-Pd-Hg-Th-Np-Lu-Rh-Pu_0_0_0,phimage_Cu-Mn-Ni-Mo-Fe-Pt-Zn-Ca-Er-Au-Cd-Co-Gd-Na-Sm-Eu-Tb-V-Ag-Nd-U-Ba-Ce-K-Ga-Cr-Al-Li-Sc-Ru-In-Mg-Zr-Dy-W-Yb-Y-Ho-Re-Be-Rb-La-Sn-Cs-Pb-Pr-Bi-Tm-Sr-Ti-Hf-Ir-Nb-Pd-Hg-Th-Np-Lu-Rh-Pu_0_0_1,phimage_Cu-Mn-Ni-Mo-Fe-Pt-Zn-Ca-Er-Au-Cd-Co-Gd-Na-Sm-Eu-Tb-V-Ag-Nd-U-Ba-Ce-K-Ga-Cr-Al-Li-Sc-Ru-In-Mg-Zr-Dy-W-Yb-Y-Ho-Re-Be-Rb-La-Sn-Cs-Pb-Pr-Bi-Tm-Sr-Ti-Hf-Ir-Nb-Pd-Hg-Th-Np-Lu-Rh-Pu_0_0_2,phimage_Cu-Mn-Ni-Mo-Fe-Pt-Zn-Ca-Er-Au-Cd-Co-Gd-Na-Sm-Eu-Tb-V-Ag-Nd-U-Ba-Ce-K-Ga-Cr-Al-Li-Sc-Ru-In-Mg-Zr-Dy-W-Yb-Y-Ho-Re-Be-Rb-La-Sn-Cs-Pb-Pr-Bi-Tm-Sr-Ti-Hf-Ir-Nb-Pd-Hg-Th-Np-Lu-Rh-Pu_0_0_3,phimage_Cu-Mn-Ni-Mo-Fe-Pt-Zn-Ca-Er-Au-Cd-Co-Gd-Na-Sm-Eu-Tb-V-Ag-Nd-U-Ba-Ce-K-Ga-Cr-Al-Li-Sc-Ru-In-Mg-Zr-Dy-W-Yb-Y-Ho-Re-Be-Rb-La-Sn-Cs-Pb-Pr-Bi-Tm-Sr-Ti-Hf-Ir-Nb-Pd-Hg-Th-Np-Lu-Rh-Pu_0_0_4,phimage_Cu-Mn-Ni-Mo-Fe-Pt-Zn-Ca-Er-Au-Cd-Co-Gd-Na-Sm-Eu-Tb-V-Ag-Nd-U-Ba-Ce-K-Ga-Cr-Al-Li-Sc-Ru-In-Mg-Zr-Dy-W-Yb-Y-Ho-Re-Be-Rb-La-Sn-Cs-Pb-Pr-Bi-Tm-Sr-Ti-Hf-Ir-Nb-Pd-Hg-Th-Np-Lu-Rh-Pu_0_0_5,phimage_Cu-Mn-Ni-Mo-Fe-Pt-Zn-Ca-Er-Au-Cd-Co-Gd-Na-Sm-Eu-Tb-V-Ag-Nd-U-Ba-Ce-K-Ga-Cr-Al-Li-Sc-Ru-In-Mg-Zr-Dy-W-Yb-Y-Ho-Re-Be-Rb-La-Sn-Cs-Pb-Pr-Bi-Tm-Sr-Ti-Hf-Ir-Nb-Pd-Hg-Th-Np-Lu-Rh-Pu_0_0_6,phimage_Cu-Mn-Ni-Mo-Fe-Pt-Zn-Ca-Er-Au-Cd-Co-Gd-Na-Sm-Eu-Tb-V-Ag-Nd-U-Ba-Ce-K-Ga-Cr-Al-Li-Sc-Ru-In-Mg-Zr-Dy-W-Yb-Y-Ho-Re-Be-Rb-La-Sn-Cs-Pb-Pr-Bi-Tm-Sr-Ti-Hf-Ir-Nb-Pd-Hg-Th-Np-Lu-Rh-Pu_0_0_7,phimage_Cu-Mn-Ni-Mo-Fe-Pt-Zn-Ca-Er-Au-Cd-Co-Gd-Na-Sm-Eu-Tb-V-Ag-Nd-U-Ba-Ce-K-Ga-Cr-Al-Li-Sc-Ru-In-Mg-Zr-Dy-W-Yb-Y-Ho-Re-Be-Rb-La-Sn-Cs-Pb-Pr-Bi-Tm-Sr-Ti-Hf-Ir-Nb-Pd-Hg-Th-Np-Lu-Rh-Pu_0_0_8,phimage_Cu-Mn-Ni-Mo-Fe-Pt-Zn-Ca-Er-Au-Cd-Co-Gd-Na-Sm-Eu-Tb-V-Ag-Nd-U-Ba-Ce-K-Ga-Cr-Al-Li-Sc-Ru-In-Mg-Zr-Dy-W-Yb-Y-Ho-Re-Be-Rb-La-Sn-Cs-Pb-Pr-Bi-Tm-Sr-Ti-Hf-Ir-Nb-Pd-Hg-Th-Np-Lu-Rh-Pu_0_0_9,phimage_Cu-Mn-Ni-Mo-Fe-Pt-Zn-Ca-Er-Au-Cd-Co-Gd-Na-Sm-Eu-Tb-V-Ag-Nd-U-Ba-Ce-K-Ga-Cr-Al-Li-Sc-Ru-In-Mg-Zr-Dy-W-Yb-Y-Ho-Re-Be-Rb-La-Sn-Cs-Pb-Pr-Bi-Tm-Sr-Ti-Hf-Ir-Nb-Pd-Hg-Th-Np-Lu-Rh-Pu_0_0_10,phimage_Cu-Mn-Ni-Mo-Fe-Pt-Zn-Ca-Er-Au-Cd-Co-Gd-Na-Sm-Eu-Tb-V-Ag-Nd-U-Ba-Ce-K-Ga-Cr-Al-Li-Sc-Ru-In-Mg-Zr-Dy-W-Yb-Y-Ho-Re-Be-Rb-La-Sn-Cs-Pb-Pr-Bi-Tm-Sr-Ti-Hf-Ir-Nb-Pd-Hg-Th-Np-Lu-Rh-Pu_0_0_11,phimage_Cu-Mn-Ni-Mo-Fe-Pt-Zn-Ca-Er-Au-Cd-Co-Gd-Na-Sm-Eu-Tb-V-Ag-Nd-U-Ba-Ce-K-Ga-Cr-Al-Li-Sc-Ru-In-Mg-Zr-Dy-W-Yb-Y-Ho-Re-Be-Rb-La-Sn-Cs-Pb-Pr-Bi-Tm-Sr-Ti-Hf-Ir-Nb-Pd-Hg-Th-Np-Lu-Rh-Pu_0_0_12,phimage_Cu-Mn-Ni-Mo-Fe-Pt-Zn-Ca-Er-Au-Cd-Co-Gd-Na-Sm-Eu-Tb-V-Ag-Nd-U-Ba-Ce-K-Ga-Cr-Al-Li-Sc-Ru-In-Mg-Zr-Dy-W-Yb-Y-Ho-Re-Be-Rb-La-Sn-Cs-Pb-Pr-Bi-Tm-Sr-Ti-Hf-Ir-Nb-Pd-Hg-Th-Np-Lu-Rh-Pu_0_0_13,phimage_Cu-Mn-Ni-Mo-Fe-Pt-Zn-Ca-Er-Au-Cd-Co-Gd-Na-Sm-Eu-Tb-V-Ag-Nd-U-Ba-Ce-K-Ga-Cr-Al-Li-Sc-Ru-In-Mg-Zr-Dy-W-Yb-Y-Ho-Re-Be-Rb-La-Sn-Cs-Pb-Pr-Bi-Tm-Sr-Ti-Hf-Ir-Nb-Pd-Hg-Th-Np-Lu-Rh-Pu_0_0_14,phimage_Cu-Mn-Ni-Mo-Fe-Pt-Zn-Ca-Er-Au-Cd-Co-Gd-Na-Sm-Eu-Tb-V-Ag-Nd-U-Ba-Ce-K-Ga-Cr-Al-Li-Sc-Ru-In-Mg-Zr-Dy-W-Yb-Y-Ho-Re-Be-Rb-La-Sn-Cs-Pb-Pr-Bi-Tm-Sr-Ti-Hf-Ir-Nb-Pd-Hg-Th-Np-Lu-Rh-Pu_0_0_15,phimage_Cu-Mn-Ni-Mo-Fe-Pt-Zn-Ca-Er-Au-Cd-Co-Gd-Na-Sm-Eu-Tb-V-Ag-Nd-U-Ba-Ce-K-Ga-Cr-Al-Li-Sc-Ru-In-Mg-Zr-Dy-W-Yb-Y-Ho-Re-Be-Rb-La-Sn-Cs-Pb-Pr-Bi-Tm-Sr-Ti-Hf-Ir-Nb-Pd-Hg-Th-Np-Lu-Rh-Pu_0_0_16,phimage_Cu-Mn-Ni-Mo-Fe-Pt-Zn-Ca-Er-Au-Cd-Co-Gd-Na-Sm-Eu-Tb-V-Ag-Nd-U-Ba-Ce-K-Ga-Cr-Al-Li-Sc-Ru-In-Mg-Zr-Dy-W-Yb-Y-Ho-Re-Be-Rb-La-Sn-Cs-Pb-Pr-Bi-Tm-Sr-Ti-Hf-Ir-Nb-Pd-Hg-Th-Np-Lu-Rh-Pu_0_0_17,phimage_Cu-Mn-Ni-Mo-Fe-Pt-Zn-Ca-Er-Au-Cd-Co-Gd-Na-Sm-Eu-Tb-V-Ag-Nd-U-Ba-Ce-K-Ga-Cr-Al-Li-Sc-Ru-In-Mg-Zr-Dy-W-Yb-Y-Ho-Re-Be-Rb-La-Sn-Cs-Pb-Pr-Bi-Tm-Sr-Ti-Hf-Ir-Nb-Pd-Hg-Th-Np-Lu-Rh-Pu_0_0_18,phimage_Cu-Mn-Ni-Mo-Fe-Pt-Zn-Ca-Er-Au-Cd-Co-Gd-Na-Sm-Eu-Tb-V-Ag-Nd-U-Ba-Ce-K-Ga-Cr-Al-Li-Sc-Ru-In-Mg-Zr-Dy-W-Yb-Y-Ho-Re-Be-Rb-La-Sn-Cs-Pb-Pr-Bi-Tm-Sr-Ti-Hf-Ir-Nb-Pd-Hg-Th-Np-Lu-Rh-Pu_0_0_19,phimage_Cu-Mn-Ni-Mo-Fe-Pt-Zn-Ca-Er-Au-Cd-Co-Gd-Na-Sm-Eu-Tb-V-Ag-Nd-U-Ba-Ce-K-Ga-Cr-Al-Li-Sc-Ru-In-Mg-Zr-Dy-W-Yb-Y-Ho-Re-Be-Rb-La-Sn-Cs-Pb-Pr-Bi-Tm-Sr-Ti-Hf-Ir-Nb-Pd-Hg-Th-Np-Lu-Rh-Pu_0_1_0,phimage_Cu-Mn-Ni-Mo-Fe-Pt-Zn-Ca-Er-Au-Cd-Co-Gd-Na-Sm-Eu-Tb-V-Ag-Nd-U-Ba-Ce-K-Ga-Cr-Al-Li-Sc-Ru-In-Mg-Zr-Dy-W-Yb-Y-Ho-Re-Be-Rb-La-Sn-Cs-Pb-Pr-Bi-Tm-Sr-Ti-Hf-Ir-Nb-Pd-Hg-Th-Np-Lu-Rh-Pu_0_1_1,phimage_Cu-Mn-Ni-Mo-Fe-Pt-Zn-Ca-Er-Au-Cd-Co-Gd-Na-Sm-Eu-Tb-V-Ag-Nd-U-Ba-Ce-K-Ga-Cr-Al-Li-Sc-Ru-In-Mg-Zr-Dy-W-Yb-Y-Ho-Re-Be-Rb-La-Sn-Cs-Pb-Pr-Bi-Tm-Sr-Ti-Hf-Ir-Nb-Pd-Hg-Th-Np-Lu-Rh-Pu_0_1_2,phimage_Cu-Mn-Ni-Mo-Fe-Pt-Zn-Ca-Er-Au-Cd-Co-Gd-Na-Sm-Eu-Tb-V-Ag-Nd-U-Ba-Ce-K-Ga-Cr-Al-Li-Sc-Ru-In-Mg-Zr-Dy-W-Yb-Y-Ho-Re-Be-Rb-La-Sn-Cs-Pb-Pr-Bi-Tm-Sr-Ti-Hf-Ir-Nb-Pd-Hg-Th-Np-Lu-Rh-Pu_0_1_3,phimage_Cu-Mn-Ni-Mo-Fe-Pt-Zn-Ca-Er-Au-Cd-Co-Gd-Na-Sm-Eu-Tb-V-Ag-Nd-U-Ba-Ce-K-Ga-Cr-Al-Li-Sc-Ru-In-Mg-Zr-Dy-W-Yb-Y-Ho-Re-Be-Rb-La-Sn-Cs-Pb-Pr-Bi-Tm-Sr-Ti-Hf-Ir-Nb-Pd-Hg-Th-Np-Lu-Rh-Pu_0_1_4,phimage_Cu-Mn-Ni-Mo-Fe-Pt-Zn-Ca-Er-Au-Cd-Co-Gd-Na-Sm-Eu-Tb-V-Ag-Nd-U-Ba-Ce-K-Ga-Cr-Al-Li-Sc-Ru-In-Mg-Zr-Dy-W-Yb-Y-Ho-Re-Be-Rb-La-Sn-Cs-Pb-Pr-Bi-Tm-Sr-Ti-Hf-Ir-Nb-Pd-Hg-Th-Np-Lu-Rh-Pu_0_1_5,phimage_Cu-Mn-Ni-Mo-Fe-Pt-Zn-Ca-Er-Au-Cd-Co-Gd-Na-Sm-Eu-Tb-V-Ag-Nd-U-Ba-Ce-K-Ga-Cr-Al-Li-Sc-Ru-In-Mg-Zr-Dy-W-Yb-Y-Ho-Re-Be-Rb-La-Sn-Cs-Pb-Pr-Bi-Tm-Sr-Ti-Hf-Ir-Nb-Pd-Hg-Th-Np-Lu-Rh-Pu_0_1_6,phimage_Cu-Mn-Ni-Mo-Fe-Pt-Zn-Ca-Er-Au-Cd-Co-Gd-Na-Sm-Eu-Tb-V-Ag-Nd-U-Ba-Ce-K-Ga-Cr-Al-Li-Sc-Ru-In-Mg-Zr-Dy-W-Yb-Y-Ho-Re-Be-Rb-La-Sn-Cs-Pb-Pr-Bi-Tm-Sr-Ti-Hf-Ir-Nb-Pd-Hg-Th-Np-Lu-Rh-Pu_0_1_7,phimage_Cu-Mn-Ni-Mo-Fe-Pt-Zn-Ca-Er-Au-Cd-Co-Gd-Na-Sm-Eu-Tb-V-Ag-Nd-U-Ba-Ce-K-Ga-Cr-Al-Li-Sc-Ru-In-Mg-Zr-Dy-W-Yb-Y-Ho-Re-Be-Rb-La-Sn-Cs-Pb-Pr-Bi-Tm-Sr-Ti-Hf-Ir-Nb-Pd-Hg-Th-Np-Lu-Rh-Pu_0_1_8,phimage_Cu-Mn-Ni-Mo-Fe-Pt-Zn-Ca-Er-Au-Cd-Co-Gd-Na-Sm-Eu-Tb-V-Ag-Nd-U-Ba-Ce-K-Ga-Cr-Al-Li-Sc-Ru-In-Mg-Zr-Dy-W-Yb-Y-Ho-Re-Be-Rb-La-Sn-Cs-Pb-Pr-Bi-Tm-Sr-Ti-Hf-Ir-Nb-Pd-Hg-Th-Np-Lu-Rh-Pu_0_1_9,phimage_Cu-Mn-Ni-Mo-Fe-Pt-Zn-Ca-Er-Au-Cd-Co-Gd-Na-Sm-Eu-Tb-V-Ag-Nd-U-Ba-Ce-K-Ga-Cr-Al-Li-Sc-Ru-In-Mg-Zr-Dy-W-Yb-Y-Ho-Re-Be-Rb-La-Sn-Cs-Pb-Pr-Bi-Tm-Sr-Ti-Hf-Ir-Nb-Pd-Hg-Th-Np-Lu-Rh-Pu_0_1_10,phimage_Cu-Mn-Ni-Mo-Fe-Pt-Zn-Ca-Er-Au-Cd-Co-Gd-Na-Sm-Eu-Tb-V-Ag-Nd-U-Ba-Ce-K-Ga-Cr-Al-Li-Sc-Ru-In-Mg-Zr-Dy-W-Yb-Y-Ho-Re-Be-Rb-La-Sn-Cs-Pb-Pr-Bi-Tm-Sr-Ti-Hf-Ir-Nb-Pd-Hg-Th-Np-Lu-Rh-Pu_0_1_11,phimage_Cu-Mn-Ni-Mo-Fe-Pt-Zn-Ca-Er-Au-Cd-Co-Gd-Na-Sm-Eu-Tb-V-Ag-Nd-U-Ba-Ce-K-Ga-Cr-Al-Li-Sc-Ru-In-Mg-Zr-Dy-W-Yb-Y-Ho-Re-Be-Rb-La-Sn-Cs-Pb-Pr-Bi-Tm-Sr-Ti-Hf-Ir-Nb-Pd-Hg-Th-Np-Lu-Rh-Pu_0_1_12,phimage_Cu-Mn-Ni-Mo-Fe-Pt-Zn-Ca-Er-Au-Cd-Co-Gd-Na-Sm-Eu-Tb-V-Ag-Nd-U-Ba-Ce-K-Ga-Cr-Al-Li-Sc-Ru-In-Mg-Zr-Dy-W-Yb-Y-Ho-Re-Be-Rb-La-Sn-Cs-Pb-Pr-Bi-Tm-Sr-Ti-Hf-Ir-Nb-Pd-Hg-Th-Np-Lu-Rh-Pu_0_1_13,phimage_Cu-Mn-Ni-Mo-Fe-Pt-Zn-Ca-Er-Au-Cd-Co-Gd-Na-Sm-Eu-Tb-V-Ag-Nd-U-Ba-Ce-K-Ga-Cr-Al-Li-Sc-Ru-In-Mg-Zr-Dy-W-Yb-Y-Ho-Re-Be-Rb-La-Sn-Cs-Pb-Pr-Bi-Tm-Sr-Ti-Hf-Ir-Nb-Pd-Hg-Th-Np-Lu-Rh-Pu_0_1_14,phimage_Cu-Mn-Ni-Mo-Fe-Pt-Zn-Ca-Er-Au-Cd-Co-Gd-Na-Sm-Eu-Tb-V-Ag-Nd-U-Ba-Ce-K-Ga-Cr-Al-Li-Sc-Ru-In-Mg-Zr-Dy-W-Yb-Y-Ho-Re-Be-Rb-La-Sn-Cs-Pb-Pr-Bi-Tm-Sr-Ti-Hf-Ir-Nb-Pd-Hg-Th-Np-Lu-Rh-Pu_0_1_15,phimage_Cu-Mn-Ni-Mo-Fe-Pt-Zn-Ca-Er-Au-Cd-Co-Gd-Na-Sm-Eu-Tb-V-Ag-Nd-U-Ba-Ce-K-Ga-Cr-Al-Li-Sc-Ru-In-Mg-Zr-Dy-W-Yb-Y-Ho-Re-Be-Rb-La-Sn-Cs-Pb-Pr-Bi-Tm-Sr-Ti-Hf-Ir-Nb-Pd-Hg-Th-Np-Lu-Rh-Pu_0_1_16,phimage_Cu-Mn-Ni-Mo-Fe-Pt-Zn-Ca-Er-Au-Cd-Co-Gd-Na-Sm-Eu-Tb-V-Ag-Nd-U-Ba-Ce-K-Ga-Cr-Al-Li-Sc-Ru-In-Mg-Zr-Dy-W-Yb-Y-Ho-Re-Be-Rb-La-Sn-Cs-Pb-Pr-Bi-Tm-Sr-Ti-Hf-Ir-Nb-Pd-Hg-Th-Np-Lu-Rh-Pu_0_1_17,phimage_Cu-Mn-Ni-Mo-Fe-Pt-Zn-Ca-Er-Au-Cd-Co-Gd-Na-Sm-Eu-Tb-V-Ag-Nd-U-Ba-Ce-K-Ga-Cr-Al-Li-Sc-Ru-In-Mg-Zr-Dy-W-Yb-Y-Ho-Re-Be-Rb-La-Sn-Cs-Pb-Pr-Bi-Tm-Sr-Ti-Hf-Ir-Nb-Pd-Hg-Th-Np-Lu-Rh-Pu_0_1_18,phimage_Cu-Mn-Ni-Mo-Fe-Pt-Zn-Ca-Er-Au-Cd-Co-Gd-Na-Sm-Eu-Tb-V-Ag-Nd-U-Ba-Ce-K-Ga-Cr-Al-Li-Sc-Ru-In-Mg-Zr-Dy-W-Yb-Y-Ho-Re-Be-Rb-La-Sn-Cs-Pb-Pr-Bi-Tm-Sr-Ti-Hf-Ir-Nb-Pd-Hg-Th-Np-Lu-Rh-Pu_0_1_19,phimage_Cu-Mn-Ni-Mo-Fe-Pt-Zn-Ca-Er-Au-Cd-Co-Gd-Na-Sm-Eu-Tb-V-Ag-Nd-U-Ba-Ce-K-Ga-Cr-Al-Li-Sc-Ru-In-Mg-Zr-Dy-W-Yb-Y-Ho-Re-Be-Rb-La-Sn-Cs-Pb-Pr-Bi-Tm-Sr-Ti-Hf-Ir-Nb-Pd-Hg-Th-Np-Lu-Rh-Pu_0_2_0,phimage_Cu-Mn-Ni-Mo-Fe-Pt-Zn-Ca-Er-Au-Cd-Co-Gd-Na-Sm-Eu-Tb-V-Ag-Nd-U-Ba-Ce-K-Ga-Cr-Al-Li-Sc-Ru-In-Mg-Zr-Dy-W-Yb-Y-Ho-Re-Be-Rb-La-Sn-Cs-Pb-Pr-Bi-Tm-Sr-Ti-Hf-Ir-Nb-Pd-Hg-Th-Np-Lu-Rh-Pu_0_2_1,phimage_Cu-Mn-Ni-Mo-Fe-Pt-Zn-Ca-Er-Au-Cd-Co-Gd-Na-Sm-Eu-Tb-V-Ag-Nd-U-Ba-Ce-K-Ga-Cr-Al-Li-Sc-Ru-In-Mg-Zr-Dy-W-Yb-Y-Ho-Re-Be-Rb-La-Sn-Cs-Pb-Pr-Bi-Tm-Sr-Ti-Hf-Ir-Nb-Pd-Hg-Th-Np-Lu-Rh-Pu_0_2_2,phimage_Cu-Mn-Ni-Mo-Fe-Pt-Zn-Ca-Er-Au-Cd-Co-Gd-Na-Sm-Eu-Tb-V-Ag-Nd-U-Ba-Ce-K-Ga-Cr-Al-Li-Sc-Ru-In-Mg-Zr-Dy-W-Yb-Y-Ho-Re-Be-Rb-La-Sn-Cs-Pb-Pr-Bi-Tm-Sr-Ti-Hf-Ir-Nb-Pd-Hg-Th-Np-Lu-Rh-Pu_0_2_3,phimage_Cu-Mn-Ni-Mo-Fe-Pt-Zn-Ca-Er-Au-Cd-Co-Gd-Na-Sm-Eu-Tb-V-Ag-Nd-U-Ba-Ce-K-Ga-Cr-Al-Li-Sc-Ru-In-Mg-Zr-Dy-W-Yb-Y-Ho-Re-Be-Rb-La-Sn-Cs-Pb-Pr-Bi-Tm-Sr-Ti-Hf-Ir-Nb-Pd-Hg-Th-Np-Lu-Rh-Pu_0_2_4,phimage_Cu-Mn-Ni-Mo-Fe-Pt-Zn-Ca-Er-Au-Cd-Co-Gd-Na-Sm-Eu-Tb-V-Ag-Nd-U-Ba-Ce-K-Ga-Cr-Al-Li-Sc-Ru-In-Mg-Zr-Dy-W-Yb-Y-Ho-Re-Be-Rb-La-Sn-Cs-Pb-Pr-Bi-Tm-Sr-Ti-Hf-Ir-Nb-Pd-Hg-Th-Np-Lu-Rh-Pu_0_2_5,phimage_Cu-Mn-Ni-Mo-Fe-Pt-Zn-Ca-Er-Au-Cd-Co-Gd-Na-Sm-Eu-Tb-V-Ag-Nd-U-Ba-Ce-K-Ga-Cr-Al-Li-Sc-Ru-In-Mg-Zr-Dy-W-Yb-Y-Ho-Re-Be-Rb-La-Sn-Cs-Pb-Pr-Bi-Tm-Sr-Ti-Hf-Ir-Nb-Pd-Hg-Th-Np-Lu-Rh-Pu_0_2_6,phimage_Cu-Mn-Ni-Mo-Fe-Pt-Zn-Ca-Er-Au-Cd-Co-Gd-Na-Sm-Eu-Tb-V-Ag-Nd-U-Ba-Ce-K-Ga-Cr-Al-Li-Sc-Ru-In-Mg-Zr-Dy-W-Yb-Y-Ho-Re-Be-Rb-La-Sn-Cs-Pb-Pr-Bi-Tm-Sr-Ti-Hf-Ir-Nb-Pd-Hg-Th-Np-Lu-Rh-Pu_0_2_7,phimage_Cu-Mn-Ni-Mo-Fe-Pt-Zn-Ca-Er-Au-Cd-Co-Gd-Na-Sm-Eu-Tb-V-Ag-Nd-U-Ba-Ce-K-Ga-Cr-Al-Li-Sc-Ru-In-Mg-Zr-Dy-W-Yb-Y-Ho-Re-Be-Rb-La-Sn-Cs-Pb-Pr-Bi-Tm-Sr-Ti-Hf-Ir-Nb-Pd-Hg-Th-Np-Lu-Rh-Pu_0_2_8,phimage_Cu-Mn-Ni-Mo-Fe-Pt-Zn-Ca-Er-Au-Cd-Co-Gd-Na-Sm-Eu-Tb-V-Ag-Nd-U-Ba-Ce-K-Ga-Cr-Al-Li-Sc-Ru-In-Mg-Zr-Dy-W-Yb-Y-Ho-Re-Be-Rb-La-Sn-Cs-Pb-Pr-Bi-Tm-Sr-Ti-Hf-Ir-Nb-Pd-Hg-Th-Np-Lu-Rh-Pu_0_2_9,phimage_Cu-Mn-Ni-Mo-Fe-Pt-Zn-Ca-Er-Au-Cd-Co-Gd-Na-Sm-Eu-Tb-V-Ag-Nd-U-Ba-Ce-K-Ga-Cr-Al-Li-Sc-Ru-In-Mg-Zr-Dy-W-Yb-Y-Ho-Re-Be-Rb-La-Sn-Cs-Pb-Pr-Bi-Tm-Sr-Ti-Hf-Ir-Nb-Pd-Hg-Th-Np-Lu-Rh-Pu_0_2_10,phimage_Cu-Mn-Ni-Mo-Fe-Pt-Zn-Ca-Er-Au-Cd-Co-Gd-Na-Sm-Eu-Tb-V-Ag-Nd-U-Ba-Ce-K-Ga-Cr-Al-Li-Sc-Ru-In-Mg-Zr-Dy-W-Yb-Y-Ho-Re-Be-Rb-La-Sn-Cs-Pb-Pr-Bi-Tm-Sr-Ti-Hf-Ir-Nb-Pd-Hg-Th-Np-Lu-Rh-Pu_0_2_11,phimage_Cu-Mn-Ni-Mo-Fe-Pt-Zn-Ca-Er-Au-Cd-Co-Gd-Na-Sm-Eu-Tb-V-Ag-Nd-U-Ba-Ce-K-Ga-Cr-Al-Li-Sc-Ru-In-Mg-Zr-Dy-W-Yb-Y-Ho-Re-Be-Rb-La-Sn-Cs-Pb-Pr-Bi-Tm-Sr-Ti-Hf-Ir-Nb-Pd-Hg-Th-Np-Lu-Rh-Pu_0_2_12,phimage_Cu-Mn-Ni-Mo-Fe-Pt-Zn-Ca-Er-Au-Cd-Co-Gd-Na-Sm-Eu-Tb-V-Ag-Nd-U-Ba-Ce-K-Ga-Cr-Al-Li-Sc-Ru-In-Mg-Zr-Dy-W-Yb-Y-Ho-Re-Be-Rb-La-Sn-Cs-Pb-Pr-Bi-Tm-Sr-Ti-Hf-Ir-Nb-Pd-Hg-Th-Np-Lu-Rh-Pu_0_2_13,phimage_Cu-Mn-Ni-Mo-Fe-Pt-Zn-Ca-Er-Au-Cd-Co-Gd-Na-Sm-Eu-Tb-V-Ag-Nd-U-Ba-Ce-K-Ga-Cr-Al-Li-Sc-Ru-In-Mg-Zr-Dy-W-Yb-Y-Ho-Re-Be-Rb-La-Sn-Cs-Pb-Pr-Bi-Tm-Sr-Ti-Hf-Ir-Nb-Pd-Hg-Th-Np-Lu-Rh-Pu_0_2_14,phimage_Cu-Mn-Ni-Mo-Fe-Pt-Zn-Ca-Er-Au-Cd-Co-Gd-Na-Sm-Eu-Tb-V-Ag-Nd-U-Ba-Ce-K-Ga-Cr-Al-Li-Sc-Ru-In-Mg-Zr-Dy-W-Yb-Y-Ho-Re-Be-Rb-La-Sn-Cs-Pb-Pr-Bi-Tm-Sr-Ti-Hf-Ir-Nb-Pd-Hg-Th-Np-Lu-Rh-Pu_0_2_15,phimage_Cu-Mn-Ni-Mo-Fe-Pt-Zn-Ca-Er-Au-Cd-Co-Gd-Na-Sm-Eu-Tb-V-Ag-Nd-U-Ba-Ce-K-Ga-Cr-Al-Li-Sc-Ru-In-Mg-Zr-Dy-W-Yb-Y-Ho-Re-Be-Rb-La-Sn-Cs-Pb-Pr-Bi-Tm-Sr-Ti-Hf-Ir-Nb-Pd-Hg-Th-Np-Lu-Rh-Pu_0_2_16,phimage_Cu-Mn-Ni-Mo-Fe-Pt-Zn-Ca-Er-Au-Cd-Co-Gd-Na-Sm-Eu-Tb-V-Ag-Nd-U-Ba-Ce-K-Ga-Cr-Al-Li-Sc-Ru-In-Mg-Zr-Dy-W-Yb-Y-Ho-Re-Be-Rb-La-Sn-Cs-Pb-Pr-Bi-Tm-Sr-Ti-Hf-Ir-Nb-Pd-Hg-Th-Np-Lu-Rh-Pu_0_2_17,phimage_Cu-Mn-Ni-Mo-Fe-Pt-Zn-Ca-Er-Au-Cd-Co-Gd-Na-Sm-Eu-Tb-V-Ag-Nd-U-Ba-Ce-K-Ga-Cr-Al-Li-Sc-Ru-In-Mg-Zr-Dy-W-Yb-Y-Ho-Re-Be-Rb-La-Sn-Cs-Pb-Pr-Bi-Tm-Sr-Ti-Hf-Ir-Nb-Pd-Hg-Th-Np-Lu-Rh-Pu_0_2_18,phimage_Cu-Mn-Ni-Mo-Fe-Pt-Zn-Ca-Er-Au-Cd-Co-Gd-Na-Sm-Eu-Tb-V-Ag-Nd-U-Ba-Ce-K-Ga-Cr-Al-Li-Sc-Ru-In-Mg-Zr-Dy-W-Yb-Y-Ho-Re-Be-Rb-La-Sn-Cs-Pb-Pr-Bi-Tm-Sr-Ti-Hf-Ir-Nb-Pd-Hg-Th-Np-Lu-Rh-Pu_0_2_19,phimage_Cu-Mn-Ni-Mo-Fe-Pt-Zn-Ca-Er-Au-Cd-Co-Gd-Na-Sm-Eu-Tb-V-Ag-Nd-U-Ba-Ce-K-Ga-Cr-Al-Li-Sc-Ru-In-Mg-Zr-Dy-W-Yb-Y-Ho-Re-Be-Rb-La-Sn-Cs-Pb-Pr-Bi-Tm-Sr-Ti-Hf-Ir-Nb-Pd-Hg-Th-Np-Lu-Rh-Pu_0_3_0,phimage_Cu-Mn-Ni-Mo-Fe-Pt-Zn-Ca-Er-Au-Cd-Co-Gd-Na-Sm-Eu-Tb-V-Ag-Nd-U-Ba-Ce-K-Ga-Cr-Al-Li-Sc-Ru-In-Mg-Zr-Dy-W-Yb-Y-Ho-Re-Be-Rb-La-Sn-Cs-Pb-Pr-Bi-Tm-Sr-Ti-Hf-Ir-Nb-Pd-Hg-Th-Np-Lu-Rh-Pu_0_3_1,phimage_Cu-Mn-Ni-Mo-Fe-Pt-Zn-Ca-Er-Au-Cd-Co-Gd-Na-Sm-Eu-Tb-V-Ag-Nd-U-Ba-Ce-K-Ga-Cr-Al-Li-Sc-Ru-In-Mg-Zr-Dy-W-Yb-Y-Ho-Re-Be-Rb-La-Sn-Cs-Pb-Pr-Bi-Tm-Sr-Ti-Hf-Ir-Nb-Pd-Hg-Th-Np-Lu-Rh-Pu_0_3_2,phimage_Cu-Mn-Ni-Mo-Fe-Pt-Zn-Ca-Er-Au-Cd-Co-Gd-Na-Sm-Eu-Tb-V-Ag-Nd-U-Ba-Ce-K-Ga-Cr-Al-Li-Sc-Ru-In-Mg-Zr-Dy-W-Yb-Y-Ho-Re-Be-Rb-La-Sn-Cs-Pb-Pr-Bi-Tm-Sr-Ti-Hf-Ir-Nb-Pd-Hg-Th-Np-Lu-Rh-Pu_0_3_3,phimage_Cu-Mn-Ni-Mo-Fe-Pt-Zn-Ca-Er-Au-Cd-Co-Gd-Na-Sm-Eu-Tb-V-Ag-Nd-U-Ba-Ce-K-Ga-Cr-Al-Li-Sc-Ru-In-Mg-Zr-Dy-W-Yb-Y-Ho-Re-Be-Rb-La-Sn-Cs-Pb-Pr-Bi-Tm-Sr-Ti-Hf-Ir-Nb-Pd-Hg-Th-Np-Lu-Rh-Pu_0_3_4,phimage_Cu-Mn-Ni-Mo-Fe-Pt-Zn-Ca-Er-Au-Cd-Co-Gd-Na-Sm-Eu-Tb-V-Ag-Nd-U-Ba-Ce-K-Ga-Cr-Al-Li-Sc-Ru-In-Mg-Zr-Dy-W-Yb-Y-Ho-Re-Be-Rb-La-Sn-Cs-Pb-Pr-Bi-Tm-Sr-Ti-Hf-Ir-Nb-Pd-Hg-Th-Np-Lu-Rh-Pu_0_3_5,phimage_Cu-Mn-Ni-Mo-Fe-Pt-Zn-Ca-Er-Au-Cd-Co-Gd-Na-Sm-Eu-Tb-V-Ag-Nd-U-Ba-Ce-K-Ga-Cr-Al-Li-Sc-Ru-In-Mg-Zr-Dy-W-Yb-Y-Ho-Re-Be-Rb-La-Sn-Cs-Pb-Pr-Bi-Tm-Sr-Ti-Hf-Ir-Nb-Pd-Hg-Th-Np-Lu-Rh-Pu_0_3_6,phimage_Cu-Mn-Ni-Mo-Fe-Pt-Zn-Ca-Er-Au-Cd-Co-Gd-Na-Sm-Eu-Tb-V-Ag-Nd-U-Ba-Ce-K-Ga-Cr-Al-Li-Sc-Ru-In-Mg-Zr-Dy-W-Yb-Y-Ho-Re-Be-Rb-La-Sn-Cs-Pb-Pr-Bi-Tm-Sr-Ti-Hf-Ir-Nb-Pd-Hg-Th-Np-Lu-Rh-Pu_0_3_7,phimage_Cu-Mn-Ni-Mo-Fe-Pt-Zn-Ca-Er-Au-Cd-Co-Gd-Na-Sm-Eu-Tb-V-Ag-Nd-U-Ba-Ce-K-Ga-Cr-Al-Li-Sc-Ru-In-Mg-Zr-Dy-W-Yb-Y-Ho-Re-Be-Rb-La-Sn-Cs-Pb-Pr-Bi-Tm-Sr-Ti-Hf-Ir-Nb-Pd-Hg-Th-Np-Lu-Rh-Pu_0_3_8,phimage_Cu-Mn-Ni-Mo-Fe-Pt-Zn-Ca-Er-Au-Cd-Co-Gd-Na-Sm-Eu-Tb-V-Ag-Nd-U-Ba-Ce-K-Ga-Cr-Al-Li-Sc-Ru-In-Mg-Zr-Dy-W-Yb-Y-Ho-Re-Be-Rb-La-Sn-Cs-Pb-Pr-Bi-Tm-Sr-Ti-Hf-Ir-Nb-Pd-Hg-Th-Np-Lu-Rh-Pu_0_3_9,phimage_Cu-Mn-Ni-Mo-Fe-Pt-Zn-Ca-Er-Au-Cd-Co-Gd-Na-Sm-Eu-Tb-V-Ag-Nd-U-Ba-Ce-K-Ga-Cr-Al-Li-Sc-Ru-In-Mg-Zr-Dy-W-Yb-Y-Ho-Re-Be-Rb-La-Sn-Cs-Pb-Pr-Bi-Tm-Sr-Ti-Hf-Ir-Nb-Pd-Hg-Th-Np-Lu-Rh-Pu_0_3_10,phimage_Cu-Mn-Ni-Mo-Fe-Pt-Zn-Ca-Er-Au-Cd-Co-Gd-Na-Sm-Eu-Tb-V-Ag-Nd-U-Ba-Ce-K-Ga-Cr-Al-Li-Sc-Ru-In-Mg-Zr-Dy-W-Yb-Y-Ho-Re-Be-Rb-La-Sn-Cs-Pb-Pr-Bi-Tm-Sr-Ti-Hf-Ir-Nb-Pd-Hg-Th-Np-Lu-Rh-Pu_0_3_11,phimage_Cu-Mn-Ni-Mo-Fe-Pt-Zn-Ca-Er-Au-Cd-Co-Gd-Na-Sm-Eu-Tb-V-Ag-Nd-U-Ba-Ce-K-Ga-Cr-Al-Li-Sc-Ru-In-Mg-Zr-Dy-W-Yb-Y-Ho-Re-Be-Rb-La-Sn-Cs-Pb-Pr-Bi-Tm-Sr-Ti-Hf-Ir-Nb-Pd-Hg-Th-Np-Lu-Rh-Pu_0_3_12,phimage_Cu-Mn-Ni-Mo-Fe-Pt-Zn-Ca-Er-Au-Cd-Co-Gd-Na-Sm-Eu-Tb-V-Ag-Nd-U-Ba-Ce-K-Ga-Cr-Al-Li-Sc-Ru-In-Mg-Zr-Dy-W-Yb-Y-Ho-Re-Be-Rb-La-Sn-Cs-Pb-Pr-Bi-Tm-Sr-Ti-Hf-Ir-Nb-Pd-Hg-Th-Np-Lu-Rh-Pu_0_3_13,phimage_Cu-Mn-Ni-Mo-Fe-Pt-Zn-Ca-Er-Au-Cd-Co-Gd-Na-Sm-Eu-Tb-V-Ag-Nd-U-Ba-Ce-K-Ga-Cr-Al-Li-Sc-Ru-In-Mg-Zr-Dy-W-Yb-Y-Ho-Re-Be-Rb-La-Sn-Cs-Pb-Pr-Bi-Tm-Sr-Ti-Hf-Ir-Nb-Pd-Hg-Th-Np-Lu-Rh-Pu_0_3_14,phimage_Cu-Mn-Ni-Mo-Fe-Pt-Zn-Ca-Er-Au-Cd-Co-Gd-Na-Sm-Eu-Tb-V-Ag-Nd-U-Ba-Ce-K-Ga-Cr-Al-Li-Sc-Ru-In-Mg-Zr-Dy-W-Yb-Y-Ho-Re-Be-Rb-La-Sn-Cs-Pb-Pr-Bi-Tm-Sr-Ti-Hf-Ir-Nb-Pd-Hg-Th-Np-Lu-Rh-Pu_0_3_15,phimage_Cu-Mn-Ni-Mo-Fe-Pt-Zn-Ca-Er-Au-Cd-Co-Gd-Na-Sm-Eu-Tb-V-Ag-Nd-U-Ba-Ce-K-Ga-Cr-Al-Li-Sc-Ru-In-Mg-Zr-Dy-W-Yb-Y-Ho-Re-Be-Rb-La-Sn-Cs-Pb-Pr-Bi-Tm-Sr-Ti-Hf-Ir-Nb-Pd-Hg-Th-Np-Lu-Rh-Pu_0_3_16,phimage_Cu-Mn-Ni-Mo-Fe-Pt-Zn-Ca-Er-Au-Cd-Co-Gd-Na-Sm-Eu-Tb-V-Ag-Nd-U-Ba-Ce-K-Ga-Cr-Al-Li-Sc-Ru-In-Mg-Zr-Dy-W-Yb-Y-Ho-Re-Be-Rb-La-Sn-Cs-Pb-Pr-Bi-Tm-Sr-Ti-Hf-Ir-Nb-Pd-Hg-Th-Np-Lu-Rh-Pu_0_3_17,phimage_Cu-Mn-Ni-Mo-Fe-Pt-Zn-Ca-Er-Au-Cd-Co-Gd-Na-Sm-Eu-Tb-V-Ag-Nd-U-Ba-Ce-K-Ga-Cr-Al-Li-Sc-Ru-In-Mg-Zr-Dy-W-Yb-Y-Ho-Re-Be-Rb-La-Sn-Cs-Pb-Pr-Bi-Tm-Sr-Ti-Hf-Ir-Nb-Pd-Hg-Th-Np-Lu-Rh-Pu_0_3_18,phimage_Cu-Mn-Ni-Mo-Fe-Pt-Zn-Ca-Er-Au-Cd-Co-Gd-Na-Sm-Eu-Tb-V-Ag-Nd-U-Ba-Ce-K-Ga-Cr-Al-Li-Sc-Ru-In-Mg-Zr-Dy-W-Yb-Y-Ho-Re-Be-Rb-La-Sn-Cs-Pb-Pr-Bi-Tm-Sr-Ti-Hf-Ir-Nb-Pd-Hg-Th-Np-Lu-Rh-Pu_0_3_19,phimage_Cu-Mn-Ni-Mo-Fe-Pt-Zn-Ca-Er-Au-Cd-Co-Gd-Na-Sm-Eu-Tb-V-Ag-Nd-U-Ba-Ce-K-Ga-Cr-Al-Li-Sc-Ru-In-Mg-Zr-Dy-W-Yb-Y-Ho-Re-Be-Rb-La-Sn-Cs-Pb-Pr-Bi-Tm-Sr-Ti-Hf-Ir-Nb-Pd-Hg-Th-Np-Lu-Rh-Pu_0_4_0,phimage_Cu-Mn-Ni-Mo-Fe-Pt-Zn-Ca-Er-Au-Cd-Co-Gd-Na-Sm-Eu-Tb-V-Ag-Nd-U-Ba-Ce-K-Ga-Cr-Al-Li-Sc-Ru-In-Mg-Zr-Dy-W-Yb-Y-Ho-Re-Be-Rb-La-Sn-Cs-Pb-Pr-Bi-Tm-Sr-Ti-Hf-Ir-Nb-Pd-Hg-Th-Np-Lu-Rh-Pu_0_4_1,phimage_Cu-Mn-Ni-Mo-Fe-Pt-Zn-Ca-Er-Au-Cd-Co-Gd-Na-Sm-Eu-Tb-V-Ag-Nd-U-Ba-Ce-K-Ga-Cr-Al-Li-Sc-Ru-In-Mg-Zr-Dy-W-Yb-Y-Ho-Re-Be-Rb-La-Sn-Cs-Pb-Pr-Bi-Tm-Sr-Ti-Hf-Ir-Nb-Pd-Hg-Th-Np-Lu-Rh-Pu_0_4_2,phimage_Cu-Mn-Ni-Mo-Fe-Pt-Zn-Ca-Er-Au-Cd-Co-Gd-Na-Sm-Eu-Tb-V-Ag-Nd-U-Ba-Ce-K-Ga-Cr-Al-Li-Sc-Ru-In-Mg-Zr-Dy-W-Yb-Y-Ho-Re-Be-Rb-La-Sn-Cs-Pb-Pr-Bi-Tm-Sr-Ti-Hf-Ir-Nb-Pd-Hg-Th-Np-Lu-Rh-Pu_0_4_3,phimage_Cu-Mn-Ni-Mo-Fe-Pt-Zn-Ca-Er-Au-Cd-Co-Gd-Na-Sm-Eu-Tb-V-Ag-Nd-U-Ba-Ce-K-Ga-Cr-Al-Li-Sc-Ru-In-Mg-Zr-Dy-W-Yb-Y-Ho-Re-Be-Rb-La-Sn-Cs-Pb-Pr-Bi-Tm-Sr-Ti-Hf-Ir-Nb-Pd-Hg-Th-Np-Lu-Rh-Pu_0_4_4,phimage_Cu-Mn-Ni-Mo-Fe-Pt-Zn-Ca-Er-Au-Cd-Co-Gd-Na-Sm-Eu-Tb-V-Ag-Nd-U-Ba-Ce-K-Ga-Cr-Al-Li-Sc-Ru-In-Mg-Zr-Dy-W-Yb-Y-Ho-Re-Be-Rb-La-Sn-Cs-Pb-Pr-Bi-Tm-Sr-Ti-Hf-Ir-Nb-Pd-Hg-Th-Np-Lu-Rh-Pu_0_4_5,phimage_Cu-Mn-Ni-Mo-Fe-Pt-Zn-Ca-Er-Au-Cd-Co-Gd-Na-Sm-Eu-Tb-V-Ag-Nd-U-Ba-Ce-K-Ga-Cr-Al-Li-Sc-Ru-In-Mg-Zr-Dy-W-Yb-Y-Ho-Re-Be-Rb-La-Sn-Cs-Pb-Pr-Bi-Tm-Sr-Ti-Hf-Ir-Nb-Pd-Hg-Th-Np-Lu-Rh-Pu_0_4_6,phimage_Cu-Mn-Ni-Mo-Fe-Pt-Zn-Ca-Er-Au-Cd-Co-Gd-Na-Sm-Eu-Tb-V-Ag-Nd-U-Ba-Ce-K-Ga-Cr-Al-Li-Sc-Ru-In-Mg-Zr-Dy-W-Yb-Y-Ho-Re-Be-Rb-La-Sn-Cs-Pb-Pr-Bi-Tm-Sr-Ti-Hf-Ir-Nb-Pd-Hg-Th-Np-Lu-Rh-Pu_0_4_7,phimage_Cu-Mn-Ni-Mo-Fe-Pt-Zn-Ca-Er-Au-Cd-Co-Gd-Na-Sm-Eu-Tb-V-Ag-Nd-U-Ba-Ce-K-Ga-Cr-Al-Li-Sc-Ru-In-Mg-Zr-Dy-W-Yb-Y-Ho-Re-Be-Rb-La-Sn-Cs-Pb-Pr-Bi-Tm-Sr-Ti-Hf-Ir-Nb-Pd-Hg-Th-Np-Lu-Rh-Pu_0_4_8,phimage_Cu-Mn-Ni-Mo-Fe-Pt-Zn-Ca-Er-Au-Cd-Co-Gd-Na-Sm-Eu-Tb-V-Ag-Nd-U-Ba-Ce-K-Ga-Cr-Al-Li-Sc-Ru-In-Mg-Zr-Dy-W-Yb-Y-Ho-Re-Be-Rb-La-Sn-Cs-Pb-Pr-Bi-Tm-Sr-Ti-Hf-Ir-Nb-Pd-Hg-Th-Np-Lu-Rh-Pu_0_4_9,phimage_Cu-Mn-Ni-Mo-Fe-Pt-Zn-Ca-Er-Au-Cd-Co-Gd-Na-Sm-Eu-Tb-V-Ag-Nd-U-Ba-Ce-K-Ga-Cr-Al-Li-Sc-Ru-In-Mg-Zr-Dy-W-Yb-Y-Ho-Re-Be-Rb-La-Sn-Cs-Pb-Pr-Bi-Tm-Sr-Ti-Hf-Ir-Nb-Pd-Hg-Th-Np-Lu-Rh-Pu_0_4_10,phimage_Cu-Mn-Ni-Mo-Fe-Pt-Zn-Ca-Er-Au-Cd-Co-Gd-Na-Sm-Eu-Tb-V-Ag-Nd-U-Ba-Ce-K-Ga-Cr-Al-Li-Sc-Ru-In-Mg-Zr-Dy-W-Yb-Y-Ho-Re-Be-Rb-La-Sn-Cs-Pb-Pr-Bi-Tm-Sr-Ti-Hf-Ir-Nb-Pd-Hg-Th-Np-Lu-Rh-Pu_0_4_11,phimage_Cu-Mn-Ni-Mo-Fe-Pt-Zn-Ca-Er-Au-Cd-Co-Gd-Na-Sm-Eu-Tb-V-Ag-Nd-U-Ba-Ce-K-Ga-Cr-Al-Li-Sc-Ru-In-Mg-Zr-Dy-W-Yb-Y-Ho-Re-Be-Rb-La-Sn-Cs-Pb-Pr-Bi-Tm-Sr-Ti-Hf-Ir-Nb-Pd-Hg-Th-Np-Lu-Rh-Pu_0_4_12,phimage_Cu-Mn-Ni-Mo-Fe-Pt-Zn-Ca-Er-Au-Cd-Co-Gd-Na-Sm-Eu-Tb-V-Ag-Nd-U-Ba-Ce-K-Ga-Cr-Al-Li-Sc-Ru-In-Mg-Zr-Dy-W-Yb-Y-Ho-Re-Be-Rb-La-Sn-Cs-Pb-Pr-Bi-Tm-Sr-Ti-Hf-Ir-Nb-Pd-Hg-Th-Np-Lu-Rh-Pu_0_4_13,phimage_Cu-Mn-Ni-Mo-Fe-Pt-Zn-Ca-Er-Au-Cd-Co-Gd-Na-Sm-Eu-Tb-V-Ag-Nd-U-Ba-Ce-K-Ga-Cr-Al-Li-Sc-Ru-In-Mg-Zr-Dy-W-Yb-Y-Ho-Re-Be-Rb-La-Sn-Cs-Pb-Pr-Bi-Tm-Sr-Ti-Hf-Ir-Nb-Pd-Hg-Th-Np-Lu-Rh-Pu_0_4_14,phimage_Cu-Mn-Ni-Mo-Fe-Pt-Zn-Ca-Er-Au-Cd-Co-Gd-Na-Sm-Eu-Tb-V-Ag-Nd-U-Ba-Ce-K-Ga-Cr-Al-Li-Sc-Ru-In-Mg-Zr-Dy-W-Yb-Y-Ho-Re-Be-Rb-La-Sn-Cs-Pb-Pr-Bi-Tm-Sr-Ti-Hf-Ir-Nb-Pd-Hg-Th-Np-Lu-Rh-Pu_0_4_15,phimage_Cu-Mn-Ni-Mo-Fe-Pt-Zn-Ca-Er-Au-Cd-Co-Gd-Na-Sm-Eu-Tb-V-Ag-Nd-U-Ba-Ce-K-Ga-Cr-Al-Li-Sc-Ru-In-Mg-Zr-Dy-W-Yb-Y-Ho-Re-Be-Rb-La-Sn-Cs-Pb-Pr-Bi-Tm-Sr-Ti-Hf-Ir-Nb-Pd-Hg-Th-Np-Lu-Rh-Pu_0_4_16,phimage_Cu-Mn-Ni-Mo-Fe-Pt-Zn-Ca-Er-Au-Cd-Co-Gd-Na-Sm-Eu-Tb-V-Ag-Nd-U-Ba-Ce-K-Ga-Cr-Al-Li-Sc-Ru-In-Mg-Zr-Dy-W-Yb-Y-Ho-Re-Be-Rb-La-Sn-Cs-Pb-Pr-Bi-Tm-Sr-Ti-Hf-Ir-Nb-Pd-Hg-Th-Np-Lu-Rh-Pu_0_4_17,phimage_Cu-Mn-Ni-Mo-Fe-Pt-Zn-Ca-Er-Au-Cd-Co-Gd-Na-Sm-Eu-Tb-V-Ag-Nd-U-Ba-Ce-K-Ga-Cr-Al-Li-Sc-Ru-In-Mg-Zr-Dy-W-Yb-Y-Ho-Re-Be-Rb-La-Sn-Cs-Pb-Pr-Bi-Tm-Sr-Ti-Hf-Ir-Nb-Pd-Hg-Th-Np-Lu-Rh-Pu_0_4_18,phimage_Cu-Mn-Ni-Mo-Fe-Pt-Zn-Ca-Er-Au-Cd-Co-Gd-Na-Sm-Eu-Tb-V-Ag-Nd-U-Ba-Ce-K-Ga-Cr-Al-Li-Sc-Ru-In-Mg-Zr-Dy-W-Yb-Y-Ho-Re-Be-Rb-La-Sn-Cs-Pb-Pr-Bi-Tm-Sr-Ti-Hf-Ir-Nb-Pd-Hg-Th-Np-Lu-Rh-Pu_0_4_19,phimage_Cu-Mn-Ni-Mo-Fe-Pt-Zn-Ca-Er-Au-Cd-Co-Gd-Na-Sm-Eu-Tb-V-Ag-Nd-U-Ba-Ce-K-Ga-Cr-Al-Li-Sc-Ru-In-Mg-Zr-Dy-W-Yb-Y-Ho-Re-Be-Rb-La-Sn-Cs-Pb-Pr-Bi-Tm-Sr-Ti-Hf-Ir-Nb-Pd-Hg-Th-Np-Lu-Rh-Pu_0_5_0,phimage_Cu-Mn-Ni-Mo-Fe-Pt-Zn-Ca-Er-Au-Cd-Co-Gd-Na-Sm-Eu-Tb-V-Ag-Nd-U-Ba-Ce-K-Ga-Cr-Al-Li-Sc-Ru-In-Mg-Zr-Dy-W-Yb-Y-Ho-Re-Be-Rb-La-Sn-Cs-Pb-Pr-Bi-Tm-Sr-Ti-Hf-Ir-Nb-Pd-Hg-Th-Np-Lu-Rh-Pu_0_5_1,phimage_Cu-Mn-Ni-Mo-Fe-Pt-Zn-Ca-Er-Au-Cd-Co-Gd-Na-Sm-Eu-Tb-V-Ag-Nd-U-Ba-Ce-K-Ga-Cr-Al-Li-Sc-Ru-In-Mg-Zr-Dy-W-Yb-Y-Ho-Re-Be-Rb-La-Sn-Cs-Pb-Pr-Bi-Tm-Sr-Ti-Hf-Ir-Nb-Pd-Hg-Th-Np-Lu-Rh-Pu_0_5_2,phimage_Cu-Mn-Ni-Mo-Fe-Pt-Zn-Ca-Er-Au-Cd-Co-Gd-Na-Sm-Eu-Tb-V-Ag-Nd-U-Ba-Ce-K-Ga-Cr-Al-Li-Sc-Ru-In-Mg-Zr-Dy-W-Yb-Y-Ho-Re-Be-Rb-La-Sn-Cs-Pb-Pr-Bi-Tm-Sr-Ti-Hf-Ir-Nb-Pd-Hg-Th-Np-Lu-Rh-Pu_0_5_3,phimage_Cu-Mn-Ni-Mo-Fe-Pt-Zn-Ca-Er-Au-Cd-Co-Gd-Na-Sm-Eu-Tb-V-Ag-Nd-U-Ba-Ce-K-Ga-Cr-Al-Li-Sc-Ru-In-Mg-Zr-Dy-W-Yb-Y-Ho-Re-Be-Rb-La-Sn-Cs-Pb-Pr-Bi-Tm-Sr-Ti-Hf-Ir-Nb-Pd-Hg-Th-Np-Lu-Rh-Pu_0_5_4,phimage_Cu-Mn-Ni-Mo-Fe-Pt-Zn-Ca-Er-Au-Cd-Co-Gd-Na-Sm-Eu-Tb-V-Ag-Nd-U-Ba-Ce-K-Ga-Cr-Al-Li-Sc-Ru-In-Mg-Zr-Dy-W-Yb-Y-Ho-Re-Be-Rb-La-Sn-Cs-Pb-Pr-Bi-Tm-Sr-Ti-Hf-Ir-Nb-Pd-Hg-Th-Np-Lu-Rh-Pu_0_5_5,phimage_Cu-Mn-Ni-Mo-Fe-Pt-Zn-Ca-Er-Au-Cd-Co-Gd-Na-Sm-Eu-Tb-V-Ag-Nd-U-Ba-Ce-K-Ga-Cr-Al-Li-Sc-Ru-In-Mg-Zr-Dy-W-Yb-Y-Ho-Re-Be-Rb-La-Sn-Cs-Pb-Pr-Bi-Tm-Sr-Ti-Hf-Ir-Nb-Pd-Hg-Th-Np-Lu-Rh-Pu_0_5_6,phimage_Cu-Mn-Ni-Mo-Fe-Pt-Zn-Ca-Er-Au-Cd-Co-Gd-Na-Sm-Eu-Tb-V-Ag-Nd-U-Ba-Ce-K-Ga-Cr-Al-Li-Sc-Ru-In-Mg-Zr-Dy-W-Yb-Y-Ho-Re-Be-Rb-La-Sn-Cs-Pb-Pr-Bi-Tm-Sr-Ti-Hf-Ir-Nb-Pd-Hg-Th-Np-Lu-Rh-Pu_0_5_7,phimage_Cu-Mn-Ni-Mo-Fe-Pt-Zn-Ca-Er-Au-Cd-Co-Gd-Na-Sm-Eu-Tb-V-Ag-Nd-U-Ba-Ce-K-Ga-Cr-Al-Li-Sc-Ru-In-Mg-Zr-Dy-W-Yb-Y-Ho-Re-Be-Rb-La-Sn-Cs-Pb-Pr-Bi-Tm-Sr-Ti-Hf-Ir-Nb-Pd-Hg-Th-Np-Lu-Rh-Pu_0_5_8,phimage_Cu-Mn-Ni-Mo-Fe-Pt-Zn-Ca-Er-Au-Cd-Co-Gd-Na-Sm-Eu-Tb-V-Ag-Nd-U-Ba-Ce-K-Ga-Cr-Al-Li-Sc-Ru-In-Mg-Zr-Dy-W-Yb-Y-Ho-Re-Be-Rb-La-Sn-Cs-Pb-Pr-Bi-Tm-Sr-Ti-Hf-Ir-Nb-Pd-Hg-Th-Np-Lu-Rh-Pu_0_5_9,phimage_Cu-Mn-Ni-Mo-Fe-Pt-Zn-Ca-Er-Au-Cd-Co-Gd-Na-Sm-Eu-Tb-V-Ag-Nd-U-Ba-Ce-K-Ga-Cr-Al-Li-Sc-Ru-In-Mg-Zr-Dy-W-Yb-Y-Ho-Re-Be-Rb-La-Sn-Cs-Pb-Pr-Bi-Tm-Sr-Ti-Hf-Ir-Nb-Pd-Hg-Th-Np-Lu-Rh-Pu_0_5_10,phimage_Cu-Mn-Ni-Mo-Fe-Pt-Zn-Ca-Er-Au-Cd-Co-Gd-Na-Sm-Eu-Tb-V-Ag-Nd-U-Ba-Ce-K-Ga-Cr-Al-Li-Sc-Ru-In-Mg-Zr-Dy-W-Yb-Y-Ho-Re-Be-Rb-La-Sn-Cs-Pb-Pr-Bi-Tm-Sr-Ti-Hf-Ir-Nb-Pd-Hg-Th-Np-Lu-Rh-Pu_0_5_11,phimage_Cu-Mn-Ni-Mo-Fe-Pt-Zn-Ca-Er-Au-Cd-Co-Gd-Na-Sm-Eu-Tb-V-Ag-Nd-U-Ba-Ce-K-Ga-Cr-Al-Li-Sc-Ru-In-Mg-Zr-Dy-W-Yb-Y-Ho-Re-Be-Rb-La-Sn-Cs-Pb-Pr-Bi-Tm-Sr-Ti-Hf-Ir-Nb-Pd-Hg-Th-Np-Lu-Rh-Pu_0_5_12,phimage_Cu-Mn-Ni-Mo-Fe-Pt-Zn-Ca-Er-Au-Cd-Co-Gd-Na-Sm-Eu-Tb-V-Ag-Nd-U-Ba-Ce-K-Ga-Cr-Al-Li-Sc-Ru-In-Mg-Zr-Dy-W-Yb-Y-Ho-Re-Be-Rb-La-Sn-Cs-Pb-Pr-Bi-Tm-Sr-Ti-Hf-Ir-Nb-Pd-Hg-Th-Np-Lu-Rh-Pu_0_5_13,phimage_Cu-Mn-Ni-Mo-Fe-Pt-Zn-Ca-Er-Au-Cd-Co-Gd-Na-Sm-Eu-Tb-V-Ag-Nd-U-Ba-Ce-K-Ga-Cr-Al-Li-Sc-Ru-In-Mg-Zr-Dy-W-Yb-Y-Ho-Re-Be-Rb-La-Sn-Cs-Pb-Pr-Bi-Tm-Sr-Ti-Hf-Ir-Nb-Pd-Hg-Th-Np-Lu-Rh-Pu_0_5_14,phimage_Cu-Mn-Ni-Mo-Fe-Pt-Zn-Ca-Er-Au-Cd-Co-Gd-Na-Sm-Eu-Tb-V-Ag-Nd-U-Ba-Ce-K-Ga-Cr-Al-Li-Sc-Ru-In-Mg-Zr-Dy-W-Yb-Y-Ho-Re-Be-Rb-La-Sn-Cs-Pb-Pr-Bi-Tm-Sr-Ti-Hf-Ir-Nb-Pd-Hg-Th-Np-Lu-Rh-Pu_0_5_15,phimage_Cu-Mn-Ni-Mo-Fe-Pt-Zn-Ca-Er-Au-Cd-Co-Gd-Na-Sm-Eu-Tb-V-Ag-Nd-U-Ba-Ce-K-Ga-Cr-Al-Li-Sc-Ru-In-Mg-Zr-Dy-W-Yb-Y-Ho-Re-Be-Rb-La-Sn-Cs-Pb-Pr-Bi-Tm-Sr-Ti-Hf-Ir-Nb-Pd-Hg-Th-Np-Lu-Rh-Pu_0_5_16,phimage_Cu-Mn-Ni-Mo-Fe-Pt-Zn-Ca-Er-Au-Cd-Co-Gd-Na-Sm-Eu-Tb-V-Ag-Nd-U-Ba-Ce-K-Ga-Cr-Al-Li-Sc-Ru-In-Mg-Zr-Dy-W-Yb-Y-Ho-Re-Be-Rb-La-Sn-Cs-Pb-Pr-Bi-Tm-Sr-Ti-Hf-Ir-Nb-Pd-Hg-Th-Np-Lu-Rh-Pu_0_5_17,phimage_Cu-Mn-Ni-Mo-Fe-Pt-Zn-Ca-Er-Au-Cd-Co-Gd-Na-Sm-Eu-Tb-V-Ag-Nd-U-Ba-Ce-K-Ga-Cr-Al-Li-Sc-Ru-In-Mg-Zr-Dy-W-Yb-Y-Ho-Re-Be-Rb-La-Sn-Cs-Pb-Pr-Bi-Tm-Sr-Ti-Hf-Ir-Nb-Pd-Hg-Th-Np-Lu-Rh-Pu_0_5_18,phimage_Cu-Mn-Ni-Mo-Fe-Pt-Zn-Ca-Er-Au-Cd-Co-Gd-Na-Sm-Eu-Tb-V-Ag-Nd-U-Ba-Ce-K-Ga-Cr-Al-Li-Sc-Ru-In-Mg-Zr-Dy-W-Yb-Y-Ho-Re-Be-Rb-La-Sn-Cs-Pb-Pr-Bi-Tm-Sr-Ti-Hf-Ir-Nb-Pd-Hg-Th-Np-Lu-Rh-Pu_0_5_19,phimage_Cu-Mn-Ni-Mo-Fe-Pt-Zn-Ca-Er-Au-Cd-Co-Gd-Na-Sm-Eu-Tb-V-Ag-Nd-U-Ba-Ce-K-Ga-Cr-Al-Li-Sc-Ru-In-Mg-Zr-Dy-W-Yb-Y-Ho-Re-Be-Rb-La-Sn-Cs-Pb-Pr-Bi-Tm-Sr-Ti-Hf-Ir-Nb-Pd-Hg-Th-Np-Lu-Rh-Pu_0_6_0,phimage_Cu-Mn-Ni-Mo-Fe-Pt-Zn-Ca-Er-Au-Cd-Co-Gd-Na-Sm-Eu-Tb-V-Ag-Nd-U-Ba-Ce-K-Ga-Cr-Al-Li-Sc-Ru-In-Mg-Zr-Dy-W-Yb-Y-Ho-Re-Be-Rb-La-Sn-Cs-Pb-Pr-Bi-Tm-Sr-Ti-Hf-Ir-Nb-Pd-Hg-Th-Np-Lu-Rh-Pu_0_6_1,phimage_Cu-Mn-Ni-Mo-Fe-Pt-Zn-Ca-Er-Au-Cd-Co-Gd-Na-Sm-Eu-Tb-V-Ag-Nd-U-Ba-Ce-K-Ga-Cr-Al-Li-Sc-Ru-In-Mg-Zr-Dy-W-Yb-Y-Ho-Re-Be-Rb-La-Sn-Cs-Pb-Pr-Bi-Tm-Sr-Ti-Hf-Ir-Nb-Pd-Hg-Th-Np-Lu-Rh-Pu_0_6_2,phimage_Cu-Mn-Ni-Mo-Fe-Pt-Zn-Ca-Er-Au-Cd-Co-Gd-Na-Sm-Eu-Tb-V-Ag-Nd-U-Ba-Ce-K-Ga-Cr-Al-Li-Sc-Ru-In-Mg-Zr-Dy-W-Yb-Y-Ho-Re-Be-Rb-La-Sn-Cs-Pb-Pr-Bi-Tm-Sr-Ti-Hf-Ir-Nb-Pd-Hg-Th-Np-Lu-Rh-Pu_0_6_3,phimage_Cu-Mn-Ni-Mo-Fe-Pt-Zn-Ca-Er-Au-Cd-Co-Gd-Na-Sm-Eu-Tb-V-Ag-Nd-U-Ba-Ce-K-Ga-Cr-Al-Li-Sc-Ru-In-Mg-Zr-Dy-W-Yb-Y-Ho-Re-Be-Rb-La-Sn-Cs-Pb-Pr-Bi-Tm-Sr-Ti-Hf-Ir-Nb-Pd-Hg-Th-Np-Lu-Rh-Pu_0_6_4,phimage_Cu-Mn-Ni-Mo-Fe-Pt-Zn-Ca-Er-Au-Cd-Co-Gd-Na-Sm-Eu-Tb-V-Ag-Nd-U-Ba-Ce-K-Ga-Cr-Al-Li-Sc-Ru-In-Mg-Zr-Dy-W-Yb-Y-Ho-Re-Be-Rb-La-Sn-Cs-Pb-Pr-Bi-Tm-Sr-Ti-Hf-Ir-Nb-Pd-Hg-Th-Np-Lu-Rh-Pu_0_6_5,phimage_Cu-Mn-Ni-Mo-Fe-Pt-Zn-Ca-Er-Au-Cd-Co-Gd-Na-Sm-Eu-Tb-V-Ag-Nd-U-Ba-Ce-K-Ga-Cr-Al-Li-Sc-Ru-In-Mg-Zr-Dy-W-Yb-Y-Ho-Re-Be-Rb-La-Sn-Cs-Pb-Pr-Bi-Tm-Sr-Ti-Hf-Ir-Nb-Pd-Hg-Th-Np-Lu-Rh-Pu_0_6_6,phimage_Cu-Mn-Ni-Mo-Fe-Pt-Zn-Ca-Er-Au-Cd-Co-Gd-Na-Sm-Eu-Tb-V-Ag-Nd-U-Ba-Ce-K-Ga-Cr-Al-Li-Sc-Ru-In-Mg-Zr-Dy-W-Yb-Y-Ho-Re-Be-Rb-La-Sn-Cs-Pb-Pr-Bi-Tm-Sr-Ti-Hf-Ir-Nb-Pd-Hg-Th-Np-Lu-Rh-Pu_0_6_7,phimage_Cu-Mn-Ni-Mo-Fe-Pt-Zn-Ca-Er-Au-Cd-Co-Gd-Na-Sm-Eu-Tb-V-Ag-Nd-U-Ba-Ce-K-Ga-Cr-Al-Li-Sc-Ru-In-Mg-Zr-Dy-W-Yb-Y-Ho-Re-Be-Rb-La-Sn-Cs-Pb-Pr-Bi-Tm-Sr-Ti-Hf-Ir-Nb-Pd-Hg-Th-Np-Lu-Rh-Pu_0_6_8,phimage_Cu-Mn-Ni-Mo-Fe-Pt-Zn-Ca-Er-Au-Cd-Co-Gd-Na-Sm-Eu-Tb-V-Ag-Nd-U-Ba-Ce-K-Ga-Cr-Al-Li-Sc-Ru-In-Mg-Zr-Dy-W-Yb-Y-Ho-Re-Be-Rb-La-Sn-Cs-Pb-Pr-Bi-Tm-Sr-Ti-Hf-Ir-Nb-Pd-Hg-Th-Np-Lu-Rh-Pu_0_6_9,phimage_Cu-Mn-Ni-Mo-Fe-Pt-Zn-Ca-Er-Au-Cd-Co-Gd-Na-Sm-Eu-Tb-V-Ag-Nd-U-Ba-Ce-K-Ga-Cr-Al-Li-Sc-Ru-In-Mg-Zr-Dy-W-Yb-Y-Ho-Re-Be-Rb-La-Sn-Cs-Pb-Pr-Bi-Tm-Sr-Ti-Hf-Ir-Nb-Pd-Hg-Th-Np-Lu-Rh-Pu_0_6_10,phimage_Cu-Mn-Ni-Mo-Fe-Pt-Zn-Ca-Er-Au-Cd-Co-Gd-Na-Sm-Eu-Tb-V-Ag-Nd-U-Ba-Ce-K-Ga-Cr-Al-Li-Sc-Ru-In-Mg-Zr-Dy-W-Yb-Y-Ho-Re-Be-Rb-La-Sn-Cs-Pb-Pr-Bi-Tm-Sr-Ti-Hf-Ir-Nb-Pd-Hg-Th-Np-Lu-Rh-Pu_0_6_11,phimage_Cu-Mn-Ni-Mo-Fe-Pt-Zn-Ca-Er-Au-Cd-Co-Gd-Na-Sm-Eu-Tb-V-Ag-Nd-U-Ba-Ce-K-Ga-Cr-Al-Li-Sc-Ru-In-Mg-Zr-Dy-W-Yb-Y-Ho-Re-Be-Rb-La-Sn-Cs-Pb-Pr-Bi-Tm-Sr-Ti-Hf-Ir-Nb-Pd-Hg-Th-Np-Lu-Rh-Pu_0_6_12,phimage_Cu-Mn-Ni-Mo-Fe-Pt-Zn-Ca-Er-Au-Cd-Co-Gd-Na-Sm-Eu-Tb-V-Ag-Nd-U-Ba-Ce-K-Ga-Cr-Al-Li-Sc-Ru-In-Mg-Zr-Dy-W-Yb-Y-Ho-Re-Be-Rb-La-Sn-Cs-Pb-Pr-Bi-Tm-Sr-Ti-Hf-Ir-Nb-Pd-Hg-Th-Np-Lu-Rh-Pu_0_6_13,phimage_Cu-Mn-Ni-Mo-Fe-Pt-Zn-Ca-Er-Au-Cd-Co-Gd-Na-Sm-Eu-Tb-V-Ag-Nd-U-Ba-Ce-K-Ga-Cr-Al-Li-Sc-Ru-In-Mg-Zr-Dy-W-Yb-Y-Ho-Re-Be-Rb-La-Sn-Cs-Pb-Pr-Bi-Tm-Sr-Ti-Hf-Ir-Nb-Pd-Hg-Th-Np-Lu-Rh-Pu_0_6_14,phimage_Cu-Mn-Ni-Mo-Fe-Pt-Zn-Ca-Er-Au-Cd-Co-Gd-Na-Sm-Eu-Tb-V-Ag-Nd-U-Ba-Ce-K-Ga-Cr-Al-Li-Sc-Ru-In-Mg-Zr-Dy-W-Yb-Y-Ho-Re-Be-Rb-La-Sn-Cs-Pb-Pr-Bi-Tm-Sr-Ti-Hf-Ir-Nb-Pd-Hg-Th-Np-Lu-Rh-Pu_0_6_15,phimage_Cu-Mn-Ni-Mo-Fe-Pt-Zn-Ca-Er-Au-Cd-Co-Gd-Na-Sm-Eu-Tb-V-Ag-Nd-U-Ba-Ce-K-Ga-Cr-Al-Li-Sc-Ru-In-Mg-Zr-Dy-W-Yb-Y-Ho-Re-Be-Rb-La-Sn-Cs-Pb-Pr-Bi-Tm-Sr-Ti-Hf-Ir-Nb-Pd-Hg-Th-Np-Lu-Rh-Pu_0_6_16,phimage_Cu-Mn-Ni-Mo-Fe-Pt-Zn-Ca-Er-Au-Cd-Co-Gd-Na-Sm-Eu-Tb-V-Ag-Nd-U-Ba-Ce-K-Ga-Cr-Al-Li-Sc-Ru-In-Mg-Zr-Dy-W-Yb-Y-Ho-Re-Be-Rb-La-Sn-Cs-Pb-Pr-Bi-Tm-Sr-Ti-Hf-Ir-Nb-Pd-Hg-Th-Np-Lu-Rh-Pu_0_6_17,phimage_Cu-Mn-Ni-Mo-Fe-Pt-Zn-Ca-Er-Au-Cd-Co-Gd-Na-Sm-Eu-Tb-V-Ag-Nd-U-Ba-Ce-K-Ga-Cr-Al-Li-Sc-Ru-In-Mg-Zr-Dy-W-Yb-Y-Ho-Re-Be-Rb-La-Sn-Cs-Pb-Pr-Bi-Tm-Sr-Ti-Hf-Ir-Nb-Pd-Hg-Th-Np-Lu-Rh-Pu_0_6_18,phimage_Cu-Mn-Ni-Mo-Fe-Pt-Zn-Ca-Er-Au-Cd-Co-Gd-Na-Sm-Eu-Tb-V-Ag-Nd-U-Ba-Ce-K-Ga-Cr-Al-Li-Sc-Ru-In-Mg-Zr-Dy-W-Yb-Y-Ho-Re-Be-Rb-La-Sn-Cs-Pb-Pr-Bi-Tm-Sr-Ti-Hf-Ir-Nb-Pd-Hg-Th-Np-Lu-Rh-Pu_0_6_19,phimage_Cu-Mn-Ni-Mo-Fe-Pt-Zn-Ca-Er-Au-Cd-Co-Gd-Na-Sm-Eu-Tb-V-Ag-Nd-U-Ba-Ce-K-Ga-Cr-Al-Li-Sc-Ru-In-Mg-Zr-Dy-W-Yb-Y-Ho-Re-Be-Rb-La-Sn-Cs-Pb-Pr-Bi-Tm-Sr-Ti-Hf-Ir-Nb-Pd-Hg-Th-Np-Lu-Rh-Pu_0_7_0,phimage_Cu-Mn-Ni-Mo-Fe-Pt-Zn-Ca-Er-Au-Cd-Co-Gd-Na-Sm-Eu-Tb-V-Ag-Nd-U-Ba-Ce-K-Ga-Cr-Al-Li-Sc-Ru-In-Mg-Zr-Dy-W-Yb-Y-Ho-Re-Be-Rb-La-Sn-Cs-Pb-Pr-Bi-Tm-Sr-Ti-Hf-Ir-Nb-Pd-Hg-Th-Np-Lu-Rh-Pu_0_7_1,phimage_Cu-Mn-Ni-Mo-Fe-Pt-Zn-Ca-Er-Au-Cd-Co-Gd-Na-Sm-Eu-Tb-V-Ag-Nd-U-Ba-Ce-K-Ga-Cr-Al-Li-Sc-Ru-In-Mg-Zr-Dy-W-Yb-Y-Ho-Re-Be-Rb-La-Sn-Cs-Pb-Pr-Bi-Tm-Sr-Ti-Hf-Ir-Nb-Pd-Hg-Th-Np-Lu-Rh-Pu_0_7_2,phimage_Cu-Mn-Ni-Mo-Fe-Pt-Zn-Ca-Er-Au-Cd-Co-Gd-Na-Sm-Eu-Tb-V-Ag-Nd-U-Ba-Ce-K-Ga-Cr-Al-Li-Sc-Ru-In-Mg-Zr-Dy-W-Yb-Y-Ho-Re-Be-Rb-La-Sn-Cs-Pb-Pr-Bi-Tm-Sr-Ti-Hf-Ir-Nb-Pd-Hg-Th-Np-Lu-Rh-Pu_0_7_3,phimage_Cu-Mn-Ni-Mo-Fe-Pt-Zn-Ca-Er-Au-Cd-Co-Gd-Na-Sm-Eu-Tb-V-Ag-Nd-U-Ba-Ce-K-Ga-Cr-Al-Li-Sc-Ru-In-Mg-Zr-Dy-W-Yb-Y-Ho-Re-Be-Rb-La-Sn-Cs-Pb-Pr-Bi-Tm-Sr-Ti-Hf-Ir-Nb-Pd-Hg-Th-Np-Lu-Rh-Pu_0_7_4,phimage_Cu-Mn-Ni-Mo-Fe-Pt-Zn-Ca-Er-Au-Cd-Co-Gd-Na-Sm-Eu-Tb-V-Ag-Nd-U-Ba-Ce-K-Ga-Cr-Al-Li-Sc-Ru-In-Mg-Zr-Dy-W-Yb-Y-Ho-Re-Be-Rb-La-Sn-Cs-Pb-Pr-Bi-Tm-Sr-Ti-Hf-Ir-Nb-Pd-Hg-Th-Np-Lu-Rh-Pu_0_7_5,phimage_Cu-Mn-Ni-Mo-Fe-Pt-Zn-Ca-Er-Au-Cd-Co-Gd-Na-Sm-Eu-Tb-V-Ag-Nd-U-Ba-Ce-K-Ga-Cr-Al-Li-Sc-Ru-In-Mg-Zr-Dy-W-Yb-Y-Ho-Re-Be-Rb-La-Sn-Cs-Pb-Pr-Bi-Tm-Sr-Ti-Hf-Ir-Nb-Pd-Hg-Th-Np-Lu-Rh-Pu_0_7_6,phimage_Cu-Mn-Ni-Mo-Fe-Pt-Zn-Ca-Er-Au-Cd-Co-Gd-Na-Sm-Eu-Tb-V-Ag-Nd-U-Ba-Ce-K-Ga-Cr-Al-Li-Sc-Ru-In-Mg-Zr-Dy-W-Yb-Y-Ho-Re-Be-Rb-La-Sn-Cs-Pb-Pr-Bi-Tm-Sr-Ti-Hf-Ir-Nb-Pd-Hg-Th-Np-Lu-Rh-Pu_0_7_7,phimage_Cu-Mn-Ni-Mo-Fe-Pt-Zn-Ca-Er-Au-Cd-Co-Gd-Na-Sm-Eu-Tb-V-Ag-Nd-U-Ba-Ce-K-Ga-Cr-Al-Li-Sc-Ru-In-Mg-Zr-Dy-W-Yb-Y-Ho-Re-Be-Rb-La-Sn-Cs-Pb-Pr-Bi-Tm-Sr-Ti-Hf-Ir-Nb-Pd-Hg-Th-Np-Lu-Rh-Pu_0_7_8,phimage_Cu-Mn-Ni-Mo-Fe-Pt-Zn-Ca-Er-Au-Cd-Co-Gd-Na-Sm-Eu-Tb-V-Ag-Nd-U-Ba-Ce-K-Ga-Cr-Al-Li-Sc-Ru-In-Mg-Zr-Dy-W-Yb-Y-Ho-Re-Be-Rb-La-Sn-Cs-Pb-Pr-Bi-Tm-Sr-Ti-Hf-Ir-Nb-Pd-Hg-Th-Np-Lu-Rh-Pu_0_7_9,phimage_Cu-Mn-Ni-Mo-Fe-Pt-Zn-Ca-Er-Au-Cd-Co-Gd-Na-Sm-Eu-Tb-V-Ag-Nd-U-Ba-Ce-K-Ga-Cr-Al-Li-Sc-Ru-In-Mg-Zr-Dy-W-Yb-Y-Ho-Re-Be-Rb-La-Sn-Cs-Pb-Pr-Bi-Tm-Sr-Ti-Hf-Ir-Nb-Pd-Hg-Th-Np-Lu-Rh-Pu_0_7_10,phimage_Cu-Mn-Ni-Mo-Fe-Pt-Zn-Ca-Er-Au-Cd-Co-Gd-Na-Sm-Eu-Tb-V-Ag-Nd-U-Ba-Ce-K-Ga-Cr-Al-Li-Sc-Ru-In-Mg-Zr-Dy-W-Yb-Y-Ho-Re-Be-Rb-La-Sn-Cs-Pb-Pr-Bi-Tm-Sr-Ti-Hf-Ir-Nb-Pd-Hg-Th-Np-Lu-Rh-Pu_0_7_11,phimage_Cu-Mn-Ni-Mo-Fe-Pt-Zn-Ca-Er-Au-Cd-Co-Gd-Na-Sm-Eu-Tb-V-Ag-Nd-U-Ba-Ce-K-Ga-Cr-Al-Li-Sc-Ru-In-Mg-Zr-Dy-W-Yb-Y-Ho-Re-Be-Rb-La-Sn-Cs-Pb-Pr-Bi-Tm-Sr-Ti-Hf-Ir-Nb-Pd-Hg-Th-Np-Lu-Rh-Pu_0_7_12,phimage_Cu-Mn-Ni-Mo-Fe-Pt-Zn-Ca-Er-Au-Cd-Co-Gd-Na-Sm-Eu-Tb-V-Ag-Nd-U-Ba-Ce-K-Ga-Cr-Al-Li-Sc-Ru-In-Mg-Zr-Dy-W-Yb-Y-Ho-Re-Be-Rb-La-Sn-Cs-Pb-Pr-Bi-Tm-Sr-Ti-Hf-Ir-Nb-Pd-Hg-Th-Np-Lu-Rh-Pu_0_7_13,phimage_Cu-Mn-Ni-Mo-Fe-Pt-Zn-Ca-Er-Au-Cd-Co-Gd-Na-Sm-Eu-Tb-V-Ag-Nd-U-Ba-Ce-K-Ga-Cr-Al-Li-Sc-Ru-In-Mg-Zr-Dy-W-Yb-Y-Ho-Re-Be-Rb-La-Sn-Cs-Pb-Pr-Bi-Tm-Sr-Ti-Hf-Ir-Nb-Pd-Hg-Th-Np-Lu-Rh-Pu_0_7_14,phimage_Cu-Mn-Ni-Mo-Fe-Pt-Zn-Ca-Er-Au-Cd-Co-Gd-Na-Sm-Eu-Tb-V-Ag-Nd-U-Ba-Ce-K-Ga-Cr-Al-Li-Sc-Ru-In-Mg-Zr-Dy-W-Yb-Y-Ho-Re-Be-Rb-La-Sn-Cs-Pb-Pr-Bi-Tm-Sr-Ti-Hf-Ir-Nb-Pd-Hg-Th-Np-Lu-Rh-Pu_0_7_15,phimage_Cu-Mn-Ni-Mo-Fe-Pt-Zn-Ca-Er-Au-Cd-Co-Gd-Na-Sm-Eu-Tb-V-Ag-Nd-U-Ba-Ce-K-Ga-Cr-Al-Li-Sc-Ru-In-Mg-Zr-Dy-W-Yb-Y-Ho-Re-Be-Rb-La-Sn-Cs-Pb-Pr-Bi-Tm-Sr-Ti-Hf-Ir-Nb-Pd-Hg-Th-Np-Lu-Rh-Pu_0_7_16,phimage_Cu-Mn-Ni-Mo-Fe-Pt-Zn-Ca-Er-Au-Cd-Co-Gd-Na-Sm-Eu-Tb-V-Ag-Nd-U-Ba-Ce-K-Ga-Cr-Al-Li-Sc-Ru-In-Mg-Zr-Dy-W-Yb-Y-Ho-Re-Be-Rb-La-Sn-Cs-Pb-Pr-Bi-Tm-Sr-Ti-Hf-Ir-Nb-Pd-Hg-Th-Np-Lu-Rh-Pu_0_7_17,phimage_Cu-Mn-Ni-Mo-Fe-Pt-Zn-Ca-Er-Au-Cd-Co-Gd-Na-Sm-Eu-Tb-V-Ag-Nd-U-Ba-Ce-K-Ga-Cr-Al-Li-Sc-Ru-In-Mg-Zr-Dy-W-Yb-Y-Ho-Re-Be-Rb-La-Sn-Cs-Pb-Pr-Bi-Tm-Sr-Ti-Hf-Ir-Nb-Pd-Hg-Th-Np-Lu-Rh-Pu_0_7_18,phimage_Cu-Mn-Ni-Mo-Fe-Pt-Zn-Ca-Er-Au-Cd-Co-Gd-Na-Sm-Eu-Tb-V-Ag-Nd-U-Ba-Ce-K-Ga-Cr-Al-Li-Sc-Ru-In-Mg-Zr-Dy-W-Yb-Y-Ho-Re-Be-Rb-La-Sn-Cs-Pb-Pr-Bi-Tm-Sr-Ti-Hf-Ir-Nb-Pd-Hg-Th-Np-Lu-Rh-Pu_0_7_19,phimage_Cu-Mn-Ni-Mo-Fe-Pt-Zn-Ca-Er-Au-Cd-Co-Gd-Na-Sm-Eu-Tb-V-Ag-Nd-U-Ba-Ce-K-Ga-Cr-Al-Li-Sc-Ru-In-Mg-Zr-Dy-W-Yb-Y-Ho-Re-Be-Rb-La-Sn-Cs-Pb-Pr-Bi-Tm-Sr-Ti-Hf-Ir-Nb-Pd-Hg-Th-Np-Lu-Rh-Pu_0_8_0,phimage_Cu-Mn-Ni-Mo-Fe-Pt-Zn-Ca-Er-Au-Cd-Co-Gd-Na-Sm-Eu-Tb-V-Ag-Nd-U-Ba-Ce-K-Ga-Cr-Al-Li-Sc-Ru-In-Mg-Zr-Dy-W-Yb-Y-Ho-Re-Be-Rb-La-Sn-Cs-Pb-Pr-Bi-Tm-Sr-Ti-Hf-Ir-Nb-Pd-Hg-Th-Np-Lu-Rh-Pu_0_8_1,phimage_Cu-Mn-Ni-Mo-Fe-Pt-Zn-Ca-Er-Au-Cd-Co-Gd-Na-Sm-Eu-Tb-V-Ag-Nd-U-Ba-Ce-K-Ga-Cr-Al-Li-Sc-Ru-In-Mg-Zr-Dy-W-Yb-Y-Ho-Re-Be-Rb-La-Sn-Cs-Pb-Pr-Bi-Tm-Sr-Ti-Hf-Ir-Nb-Pd-Hg-Th-Np-Lu-Rh-Pu_0_8_2,phimage_Cu-Mn-Ni-Mo-Fe-Pt-Zn-Ca-Er-Au-Cd-Co-Gd-Na-Sm-Eu-Tb-V-Ag-Nd-U-Ba-Ce-K-Ga-Cr-Al-Li-Sc-Ru-In-Mg-Zr-Dy-W-Yb-Y-Ho-Re-Be-Rb-La-Sn-Cs-Pb-Pr-Bi-Tm-Sr-Ti-Hf-Ir-Nb-Pd-Hg-Th-Np-Lu-Rh-Pu_0_8_3,phimage_Cu-Mn-Ni-Mo-Fe-Pt-Zn-Ca-Er-Au-Cd-Co-Gd-Na-Sm-Eu-Tb-V-Ag-Nd-U-Ba-Ce-K-Ga-Cr-Al-Li-Sc-Ru-In-Mg-Zr-Dy-W-Yb-Y-Ho-Re-Be-Rb-La-Sn-Cs-Pb-Pr-Bi-Tm-Sr-Ti-Hf-Ir-Nb-Pd-Hg-Th-Np-Lu-Rh-Pu_0_8_4,phimage_Cu-Mn-Ni-Mo-Fe-Pt-Zn-Ca-Er-Au-Cd-Co-Gd-Na-Sm-Eu-Tb-V-Ag-Nd-U-Ba-Ce-K-Ga-Cr-Al-Li-Sc-Ru-In-Mg-Zr-Dy-W-Yb-Y-Ho-Re-Be-Rb-La-Sn-Cs-Pb-Pr-Bi-Tm-Sr-Ti-Hf-Ir-Nb-Pd-Hg-Th-Np-Lu-Rh-Pu_0_8_5,phimage_Cu-Mn-Ni-Mo-Fe-Pt-Zn-Ca-Er-Au-Cd-Co-Gd-Na-Sm-Eu-Tb-V-Ag-Nd-U-Ba-Ce-K-Ga-Cr-Al-Li-Sc-Ru-In-Mg-Zr-Dy-W-Yb-Y-Ho-Re-Be-Rb-La-Sn-Cs-Pb-Pr-Bi-Tm-Sr-Ti-Hf-Ir-Nb-Pd-Hg-Th-Np-Lu-Rh-Pu_0_8_6,phimage_Cu-Mn-Ni-Mo-Fe-Pt-Zn-Ca-Er-Au-Cd-Co-Gd-Na-Sm-Eu-Tb-V-Ag-Nd-U-Ba-Ce-K-Ga-Cr-Al-Li-Sc-Ru-In-Mg-Zr-Dy-W-Yb-Y-Ho-Re-Be-Rb-La-Sn-Cs-Pb-Pr-Bi-Tm-Sr-Ti-Hf-Ir-Nb-Pd-Hg-Th-Np-Lu-Rh-Pu_0_8_7,phimage_Cu-Mn-Ni-Mo-Fe-Pt-Zn-Ca-Er-Au-Cd-Co-Gd-Na-Sm-Eu-Tb-V-Ag-Nd-U-Ba-Ce-K-Ga-Cr-Al-Li-Sc-Ru-In-Mg-Zr-Dy-W-Yb-Y-Ho-Re-Be-Rb-La-Sn-Cs-Pb-Pr-Bi-Tm-Sr-Ti-Hf-Ir-Nb-Pd-Hg-Th-Np-Lu-Rh-Pu_0_8_8,phimage_Cu-Mn-Ni-Mo-Fe-Pt-Zn-Ca-Er-Au-Cd-Co-Gd-Na-Sm-Eu-Tb-V-Ag-Nd-U-Ba-Ce-K-Ga-Cr-Al-Li-Sc-Ru-In-Mg-Zr-Dy-W-Yb-Y-Ho-Re-Be-Rb-La-Sn-Cs-Pb-Pr-Bi-Tm-Sr-Ti-Hf-Ir-Nb-Pd-Hg-Th-Np-Lu-Rh-Pu_0_8_9,phimage_Cu-Mn-Ni-Mo-Fe-Pt-Zn-Ca-Er-Au-Cd-Co-Gd-Na-Sm-Eu-Tb-V-Ag-Nd-U-Ba-Ce-K-Ga-Cr-Al-Li-Sc-Ru-In-Mg-Zr-Dy-W-Yb-Y-Ho-Re-Be-Rb-La-Sn-Cs-Pb-Pr-Bi-Tm-Sr-Ti-Hf-Ir-Nb-Pd-Hg-Th-Np-Lu-Rh-Pu_0_8_10,phimage_Cu-Mn-Ni-Mo-Fe-Pt-Zn-Ca-Er-Au-Cd-Co-Gd-Na-Sm-Eu-Tb-V-Ag-Nd-U-Ba-Ce-K-Ga-Cr-Al-Li-Sc-Ru-In-Mg-Zr-Dy-W-Yb-Y-Ho-Re-Be-Rb-La-Sn-Cs-Pb-Pr-Bi-Tm-Sr-Ti-Hf-Ir-Nb-Pd-Hg-Th-Np-Lu-Rh-Pu_0_8_11,phimage_Cu-Mn-Ni-Mo-Fe-Pt-Zn-Ca-Er-Au-Cd-Co-Gd-Na-Sm-Eu-Tb-V-Ag-Nd-U-Ba-Ce-K-Ga-Cr-Al-Li-Sc-Ru-In-Mg-Zr-Dy-W-Yb-Y-Ho-Re-Be-Rb-La-Sn-Cs-Pb-Pr-Bi-Tm-Sr-Ti-Hf-Ir-Nb-Pd-Hg-Th-Np-Lu-Rh-Pu_0_8_12,phimage_Cu-Mn-Ni-Mo-Fe-Pt-Zn-Ca-Er-Au-Cd-Co-Gd-Na-Sm-Eu-Tb-V-Ag-Nd-U-Ba-Ce-K-Ga-Cr-Al-Li-Sc-Ru-In-Mg-Zr-Dy-W-Yb-Y-Ho-Re-Be-Rb-La-Sn-Cs-Pb-Pr-Bi-Tm-Sr-Ti-Hf-Ir-Nb-Pd-Hg-Th-Np-Lu-Rh-Pu_0_8_13,phimage_Cu-Mn-Ni-Mo-Fe-Pt-Zn-Ca-Er-Au-Cd-Co-Gd-Na-Sm-Eu-Tb-V-Ag-Nd-U-Ba-Ce-K-Ga-Cr-Al-Li-Sc-Ru-In-Mg-Zr-Dy-W-Yb-Y-Ho-Re-Be-Rb-La-Sn-Cs-Pb-Pr-Bi-Tm-Sr-Ti-Hf-Ir-Nb-Pd-Hg-Th-Np-Lu-Rh-Pu_0_8_14,phimage_Cu-Mn-Ni-Mo-Fe-Pt-Zn-Ca-Er-Au-Cd-Co-Gd-Na-Sm-Eu-Tb-V-Ag-Nd-U-Ba-Ce-K-Ga-Cr-Al-Li-Sc-Ru-In-Mg-Zr-Dy-W-Yb-Y-Ho-Re-Be-Rb-La-Sn-Cs-Pb-Pr-Bi-Tm-Sr-Ti-Hf-Ir-Nb-Pd-Hg-Th-Np-Lu-Rh-Pu_0_8_15,phimage_Cu-Mn-Ni-Mo-Fe-Pt-Zn-Ca-Er-Au-Cd-Co-Gd-Na-Sm-Eu-Tb-V-Ag-Nd-U-Ba-Ce-K-Ga-Cr-Al-Li-Sc-Ru-In-Mg-Zr-Dy-W-Yb-Y-Ho-Re-Be-Rb-La-Sn-Cs-Pb-Pr-Bi-Tm-Sr-Ti-Hf-Ir-Nb-Pd-Hg-Th-Np-Lu-Rh-Pu_0_8_16,phimage_Cu-Mn-Ni-Mo-Fe-Pt-Zn-Ca-Er-Au-Cd-Co-Gd-Na-Sm-Eu-Tb-V-Ag-Nd-U-Ba-Ce-K-Ga-Cr-Al-Li-Sc-Ru-In-Mg-Zr-Dy-W-Yb-Y-Ho-Re-Be-Rb-La-Sn-Cs-Pb-Pr-Bi-Tm-Sr-Ti-Hf-Ir-Nb-Pd-Hg-Th-Np-Lu-Rh-Pu_0_8_17,phimage_Cu-Mn-Ni-Mo-Fe-Pt-Zn-Ca-Er-Au-Cd-Co-Gd-Na-Sm-Eu-Tb-V-Ag-Nd-U-Ba-Ce-K-Ga-Cr-Al-Li-Sc-Ru-In-Mg-Zr-Dy-W-Yb-Y-Ho-Re-Be-Rb-La-Sn-Cs-Pb-Pr-Bi-Tm-Sr-Ti-Hf-Ir-Nb-Pd-Hg-Th-Np-Lu-Rh-Pu_0_8_18,phimage_Cu-Mn-Ni-Mo-Fe-Pt-Zn-Ca-Er-Au-Cd-Co-Gd-Na-Sm-Eu-Tb-V-Ag-Nd-U-Ba-Ce-K-Ga-Cr-Al-Li-Sc-Ru-In-Mg-Zr-Dy-W-Yb-Y-Ho-Re-Be-Rb-La-Sn-Cs-Pb-Pr-Bi-Tm-Sr-Ti-Hf-Ir-Nb-Pd-Hg-Th-Np-Lu-Rh-Pu_0_8_19,phimage_Cu-Mn-Ni-Mo-Fe-Pt-Zn-Ca-Er-Au-Cd-Co-Gd-Na-Sm-Eu-Tb-V-Ag-Nd-U-Ba-Ce-K-Ga-Cr-Al-Li-Sc-Ru-In-Mg-Zr-Dy-W-Yb-Y-Ho-Re-Be-Rb-La-Sn-Cs-Pb-Pr-Bi-Tm-Sr-Ti-Hf-Ir-Nb-Pd-Hg-Th-Np-Lu-Rh-Pu_0_9_0,phimage_Cu-Mn-Ni-Mo-Fe-Pt-Zn-Ca-Er-Au-Cd-Co-Gd-Na-Sm-Eu-Tb-V-Ag-Nd-U-Ba-Ce-K-Ga-Cr-Al-Li-Sc-Ru-In-Mg-Zr-Dy-W-Yb-Y-Ho-Re-Be-Rb-La-Sn-Cs-Pb-Pr-Bi-Tm-Sr-Ti-Hf-Ir-Nb-Pd-Hg-Th-Np-Lu-Rh-Pu_0_9_1,phimage_Cu-Mn-Ni-Mo-Fe-Pt-Zn-Ca-Er-Au-Cd-Co-Gd-Na-Sm-Eu-Tb-V-Ag-Nd-U-Ba-Ce-K-Ga-Cr-Al-Li-Sc-Ru-In-Mg-Zr-Dy-W-Yb-Y-Ho-Re-Be-Rb-La-Sn-Cs-Pb-Pr-Bi-Tm-Sr-Ti-Hf-Ir-Nb-Pd-Hg-Th-Np-Lu-Rh-Pu_0_9_2,phimage_Cu-Mn-Ni-Mo-Fe-Pt-Zn-Ca-Er-Au-Cd-Co-Gd-Na-Sm-Eu-Tb-V-Ag-Nd-U-Ba-Ce-K-Ga-Cr-Al-Li-Sc-Ru-In-Mg-Zr-Dy-W-Yb-Y-Ho-Re-Be-Rb-La-Sn-Cs-Pb-Pr-Bi-Tm-Sr-Ti-Hf-Ir-Nb-Pd-Hg-Th-Np-Lu-Rh-Pu_0_9_3,phimage_Cu-Mn-Ni-Mo-Fe-Pt-Zn-Ca-Er-Au-Cd-Co-Gd-Na-Sm-Eu-Tb-V-Ag-Nd-U-Ba-Ce-K-Ga-Cr-Al-Li-Sc-Ru-In-Mg-Zr-Dy-W-Yb-Y-Ho-Re-Be-Rb-La-Sn-Cs-Pb-Pr-Bi-Tm-Sr-Ti-Hf-Ir-Nb-Pd-Hg-Th-Np-Lu-Rh-Pu_0_9_4,phimage_Cu-Mn-Ni-Mo-Fe-Pt-Zn-Ca-Er-Au-Cd-Co-Gd-Na-Sm-Eu-Tb-V-Ag-Nd-U-Ba-Ce-K-Ga-Cr-Al-Li-Sc-Ru-In-Mg-Zr-Dy-W-Yb-Y-Ho-Re-Be-Rb-La-Sn-Cs-Pb-Pr-Bi-Tm-Sr-Ti-Hf-Ir-Nb-Pd-Hg-Th-Np-Lu-Rh-Pu_0_9_5,phimage_Cu-Mn-Ni-Mo-Fe-Pt-Zn-Ca-Er-Au-Cd-Co-Gd-Na-Sm-Eu-Tb-V-Ag-Nd-U-Ba-Ce-K-Ga-Cr-Al-Li-Sc-Ru-In-Mg-Zr-Dy-W-Yb-Y-Ho-Re-Be-Rb-La-Sn-Cs-Pb-Pr-Bi-Tm-Sr-Ti-Hf-Ir-Nb-Pd-Hg-Th-Np-Lu-Rh-Pu_0_9_6,phimage_Cu-Mn-Ni-Mo-Fe-Pt-Zn-Ca-Er-Au-Cd-Co-Gd-Na-Sm-Eu-Tb-V-Ag-Nd-U-Ba-Ce-K-Ga-Cr-Al-Li-Sc-Ru-In-Mg-Zr-Dy-W-Yb-Y-Ho-Re-Be-Rb-La-Sn-Cs-Pb-Pr-Bi-Tm-Sr-Ti-Hf-Ir-Nb-Pd-Hg-Th-Np-Lu-Rh-Pu_0_9_7,phimage_Cu-Mn-Ni-Mo-Fe-Pt-Zn-Ca-Er-Au-Cd-Co-Gd-Na-Sm-Eu-Tb-V-Ag-Nd-U-Ba-Ce-K-Ga-Cr-Al-Li-Sc-Ru-In-Mg-Zr-Dy-W-Yb-Y-Ho-Re-Be-Rb-La-Sn-Cs-Pb-Pr-Bi-Tm-Sr-Ti-Hf-Ir-Nb-Pd-Hg-Th-Np-Lu-Rh-Pu_0_9_8,phimage_Cu-Mn-Ni-Mo-Fe-Pt-Zn-Ca-Er-Au-Cd-Co-Gd-Na-Sm-Eu-Tb-V-Ag-Nd-U-Ba-Ce-K-Ga-Cr-Al-Li-Sc-Ru-In-Mg-Zr-Dy-W-Yb-Y-Ho-Re-Be-Rb-La-Sn-Cs-Pb-Pr-Bi-Tm-Sr-Ti-Hf-Ir-Nb-Pd-Hg-Th-Np-Lu-Rh-Pu_0_9_9,phimage_Cu-Mn-Ni-Mo-Fe-Pt-Zn-Ca-Er-Au-Cd-Co-Gd-Na-Sm-Eu-Tb-V-Ag-Nd-U-Ba-Ce-K-Ga-Cr-Al-Li-Sc-Ru-In-Mg-Zr-Dy-W-Yb-Y-Ho-Re-Be-Rb-La-Sn-Cs-Pb-Pr-Bi-Tm-Sr-Ti-Hf-Ir-Nb-Pd-Hg-Th-Np-Lu-Rh-Pu_0_9_10,phimage_Cu-Mn-Ni-Mo-Fe-Pt-Zn-Ca-Er-Au-Cd-Co-Gd-Na-Sm-Eu-Tb-V-Ag-Nd-U-Ba-Ce-K-Ga-Cr-Al-Li-Sc-Ru-In-Mg-Zr-Dy-W-Yb-Y-Ho-Re-Be-Rb-La-Sn-Cs-Pb-Pr-Bi-Tm-Sr-Ti-Hf-Ir-Nb-Pd-Hg-Th-Np-Lu-Rh-Pu_0_9_11,phimage_Cu-Mn-Ni-Mo-Fe-Pt-Zn-Ca-Er-Au-Cd-Co-Gd-Na-Sm-Eu-Tb-V-Ag-Nd-U-Ba-Ce-K-Ga-Cr-Al-Li-Sc-Ru-In-Mg-Zr-Dy-W-Yb-Y-Ho-Re-Be-Rb-La-Sn-Cs-Pb-Pr-Bi-Tm-Sr-Ti-Hf-Ir-Nb-Pd-Hg-Th-Np-Lu-Rh-Pu_0_9_12,phimage_Cu-Mn-Ni-Mo-Fe-Pt-Zn-Ca-Er-Au-Cd-Co-Gd-Na-Sm-Eu-Tb-V-Ag-Nd-U-Ba-Ce-K-Ga-Cr-Al-Li-Sc-Ru-In-Mg-Zr-Dy-W-Yb-Y-Ho-Re-Be-Rb-La-Sn-Cs-Pb-Pr-Bi-Tm-Sr-Ti-Hf-Ir-Nb-Pd-Hg-Th-Np-Lu-Rh-Pu_0_9_13,phimage_Cu-Mn-Ni-Mo-Fe-Pt-Zn-Ca-Er-Au-Cd-Co-Gd-Na-Sm-Eu-Tb-V-Ag-Nd-U-Ba-Ce-K-Ga-Cr-Al-Li-Sc-Ru-In-Mg-Zr-Dy-W-Yb-Y-Ho-Re-Be-Rb-La-Sn-Cs-Pb-Pr-Bi-Tm-Sr-Ti-Hf-Ir-Nb-Pd-Hg-Th-Np-Lu-Rh-Pu_0_9_14,phimage_Cu-Mn-Ni-Mo-Fe-Pt-Zn-Ca-Er-Au-Cd-Co-Gd-Na-Sm-Eu-Tb-V-Ag-Nd-U-Ba-Ce-K-Ga-Cr-Al-Li-Sc-Ru-In-Mg-Zr-Dy-W-Yb-Y-Ho-Re-Be-Rb-La-Sn-Cs-Pb-Pr-Bi-Tm-Sr-Ti-Hf-Ir-Nb-Pd-Hg-Th-Np-Lu-Rh-Pu_0_9_15,phimage_Cu-Mn-Ni-Mo-Fe-Pt-Zn-Ca-Er-Au-Cd-Co-Gd-Na-Sm-Eu-Tb-V-Ag-Nd-U-Ba-Ce-K-Ga-Cr-Al-Li-Sc-Ru-In-Mg-Zr-Dy-W-Yb-Y-Ho-Re-Be-Rb-La-Sn-Cs-Pb-Pr-Bi-Tm-Sr-Ti-Hf-Ir-Nb-Pd-Hg-Th-Np-Lu-Rh-Pu_0_9_16,phimage_Cu-Mn-Ni-Mo-Fe-Pt-Zn-Ca-Er-Au-Cd-Co-Gd-Na-Sm-Eu-Tb-V-Ag-Nd-U-Ba-Ce-K-Ga-Cr-Al-Li-Sc-Ru-In-Mg-Zr-Dy-W-Yb-Y-Ho-Re-Be-Rb-La-Sn-Cs-Pb-Pr-Bi-Tm-Sr-Ti-Hf-Ir-Nb-Pd-Hg-Th-Np-Lu-Rh-Pu_0_9_17,phimage_Cu-Mn-Ni-Mo-Fe-Pt-Zn-Ca-Er-Au-Cd-Co-Gd-Na-Sm-Eu-Tb-V-Ag-Nd-U-Ba-Ce-K-Ga-Cr-Al-Li-Sc-Ru-In-Mg-Zr-Dy-W-Yb-Y-Ho-Re-Be-Rb-La-Sn-Cs-Pb-Pr-Bi-Tm-Sr-Ti-Hf-Ir-Nb-Pd-Hg-Th-Np-Lu-Rh-Pu_0_9_18,phimage_Cu-Mn-Ni-Mo-Fe-Pt-Zn-Ca-Er-Au-Cd-Co-Gd-Na-Sm-Eu-Tb-V-Ag-Nd-U-Ba-Ce-K-Ga-Cr-Al-Li-Sc-Ru-In-Mg-Zr-Dy-W-Yb-Y-Ho-Re-Be-Rb-La-Sn-Cs-Pb-Pr-Bi-Tm-Sr-Ti-Hf-Ir-Nb-Pd-Hg-Th-Np-Lu-Rh-Pu_0_9_19,phimage_Cu-Mn-Ni-Mo-Fe-Pt-Zn-Ca-Er-Au-Cd-Co-Gd-Na-Sm-Eu-Tb-V-Ag-Nd-U-Ba-Ce-K-Ga-Cr-Al-Li-Sc-Ru-In-Mg-Zr-Dy-W-Yb-Y-Ho-Re-Be-Rb-La-Sn-Cs-Pb-Pr-Bi-Tm-Sr-Ti-Hf-Ir-Nb-Pd-Hg-Th-Np-Lu-Rh-Pu_0_10_0,phimage_Cu-Mn-Ni-Mo-Fe-Pt-Zn-Ca-Er-Au-Cd-Co-Gd-Na-Sm-Eu-Tb-V-Ag-Nd-U-Ba-Ce-K-Ga-Cr-Al-Li-Sc-Ru-In-Mg-Zr-Dy-W-Yb-Y-Ho-Re-Be-Rb-La-Sn-Cs-Pb-Pr-Bi-Tm-Sr-Ti-Hf-Ir-Nb-Pd-Hg-Th-Np-Lu-Rh-Pu_0_10_1,phimage_Cu-Mn-Ni-Mo-Fe-Pt-Zn-Ca-Er-Au-Cd-Co-Gd-Na-Sm-Eu-Tb-V-Ag-Nd-U-Ba-Ce-K-Ga-Cr-Al-Li-Sc-Ru-In-Mg-Zr-Dy-W-Yb-Y-Ho-Re-Be-Rb-La-Sn-Cs-Pb-Pr-Bi-Tm-Sr-Ti-Hf-Ir-Nb-Pd-Hg-Th-Np-Lu-Rh-Pu_0_10_2,phimage_Cu-Mn-Ni-Mo-Fe-Pt-Zn-Ca-Er-Au-Cd-Co-Gd-Na-Sm-Eu-Tb-V-Ag-Nd-U-Ba-Ce-K-Ga-Cr-Al-Li-Sc-Ru-In-Mg-Zr-Dy-W-Yb-Y-Ho-Re-Be-Rb-La-Sn-Cs-Pb-Pr-Bi-Tm-Sr-Ti-Hf-Ir-Nb-Pd-Hg-Th-Np-Lu-Rh-Pu_0_10_3,phimage_Cu-Mn-Ni-Mo-Fe-Pt-Zn-Ca-Er-Au-Cd-Co-Gd-Na-Sm-Eu-Tb-V-Ag-Nd-U-Ba-Ce-K-Ga-Cr-Al-Li-Sc-Ru-In-Mg-Zr-Dy-W-Yb-Y-Ho-Re-Be-Rb-La-Sn-Cs-Pb-Pr-Bi-Tm-Sr-Ti-Hf-Ir-Nb-Pd-Hg-Th-Np-Lu-Rh-Pu_0_10_4,phimage_Cu-Mn-Ni-Mo-Fe-Pt-Zn-Ca-Er-Au-Cd-Co-Gd-Na-Sm-Eu-Tb-V-Ag-Nd-U-Ba-Ce-K-Ga-Cr-Al-Li-Sc-Ru-In-Mg-Zr-Dy-W-Yb-Y-Ho-Re-Be-Rb-La-Sn-Cs-Pb-Pr-Bi-Tm-Sr-Ti-Hf-Ir-Nb-Pd-Hg-Th-Np-Lu-Rh-Pu_0_10_5,phimage_Cu-Mn-Ni-Mo-Fe-Pt-Zn-Ca-Er-Au-Cd-Co-Gd-Na-Sm-Eu-Tb-V-Ag-Nd-U-Ba-Ce-K-Ga-Cr-Al-Li-Sc-Ru-In-Mg-Zr-Dy-W-Yb-Y-Ho-Re-Be-Rb-La-Sn-Cs-Pb-Pr-Bi-Tm-Sr-Ti-Hf-Ir-Nb-Pd-Hg-Th-Np-Lu-Rh-Pu_0_10_6,phimage_Cu-Mn-Ni-Mo-Fe-Pt-Zn-Ca-Er-Au-Cd-Co-Gd-Na-Sm-Eu-Tb-V-Ag-Nd-U-Ba-Ce-K-Ga-Cr-Al-Li-Sc-Ru-In-Mg-Zr-Dy-W-Yb-Y-Ho-Re-Be-Rb-La-Sn-Cs-Pb-Pr-Bi-Tm-Sr-Ti-Hf-Ir-Nb-Pd-Hg-Th-Np-Lu-Rh-Pu_0_10_7,phimage_Cu-Mn-Ni-Mo-Fe-Pt-Zn-Ca-Er-Au-Cd-Co-Gd-Na-Sm-Eu-Tb-V-Ag-Nd-U-Ba-Ce-K-Ga-Cr-Al-Li-Sc-Ru-In-Mg-Zr-Dy-W-Yb-Y-Ho-Re-Be-Rb-La-Sn-Cs-Pb-Pr-Bi-Tm-Sr-Ti-Hf-Ir-Nb-Pd-Hg-Th-Np-Lu-Rh-Pu_0_10_8,phimage_Cu-Mn-Ni-Mo-Fe-Pt-Zn-Ca-Er-Au-Cd-Co-Gd-Na-Sm-Eu-Tb-V-Ag-Nd-U-Ba-Ce-K-Ga-Cr-Al-Li-Sc-Ru-In-Mg-Zr-Dy-W-Yb-Y-Ho-Re-Be-Rb-La-Sn-Cs-Pb-Pr-Bi-Tm-Sr-Ti-Hf-Ir-Nb-Pd-Hg-Th-Np-Lu-Rh-Pu_0_10_9,phimage_Cu-Mn-Ni-Mo-Fe-Pt-Zn-Ca-Er-Au-Cd-Co-Gd-Na-Sm-Eu-Tb-V-Ag-Nd-U-Ba-Ce-K-Ga-Cr-Al-Li-Sc-Ru-In-Mg-Zr-Dy-W-Yb-Y-Ho-Re-Be-Rb-La-Sn-Cs-Pb-Pr-Bi-Tm-Sr-Ti-Hf-Ir-Nb-Pd-Hg-Th-Np-Lu-Rh-Pu_0_10_10,phimage_Cu-Mn-Ni-Mo-Fe-Pt-Zn-Ca-Er-Au-Cd-Co-Gd-Na-Sm-Eu-Tb-V-Ag-Nd-U-Ba-Ce-K-Ga-Cr-Al-Li-Sc-Ru-In-Mg-Zr-Dy-W-Yb-Y-Ho-Re-Be-Rb-La-Sn-Cs-Pb-Pr-Bi-Tm-Sr-Ti-Hf-Ir-Nb-Pd-Hg-Th-Np-Lu-Rh-Pu_0_10_11,phimage_Cu-Mn-Ni-Mo-Fe-Pt-Zn-Ca-Er-Au-Cd-Co-Gd-Na-Sm-Eu-Tb-V-Ag-Nd-U-Ba-Ce-K-Ga-Cr-Al-Li-Sc-Ru-In-Mg-Zr-Dy-W-Yb-Y-Ho-Re-Be-Rb-La-Sn-Cs-Pb-Pr-Bi-Tm-Sr-Ti-Hf-Ir-Nb-Pd-Hg-Th-Np-Lu-Rh-Pu_0_10_12,phimage_Cu-Mn-Ni-Mo-Fe-Pt-Zn-Ca-Er-Au-Cd-Co-Gd-Na-Sm-Eu-Tb-V-Ag-Nd-U-Ba-Ce-K-Ga-Cr-Al-Li-Sc-Ru-In-Mg-Zr-Dy-W-Yb-Y-Ho-Re-Be-Rb-La-Sn-Cs-Pb-Pr-Bi-Tm-Sr-Ti-Hf-Ir-Nb-Pd-Hg-Th-Np-Lu-Rh-Pu_0_10_13,phimage_Cu-Mn-Ni-Mo-Fe-Pt-Zn-Ca-Er-Au-Cd-Co-Gd-Na-Sm-Eu-Tb-V-Ag-Nd-U-Ba-Ce-K-Ga-Cr-Al-Li-Sc-Ru-In-Mg-Zr-Dy-W-Yb-Y-Ho-Re-Be-Rb-La-Sn-Cs-Pb-Pr-Bi-Tm-Sr-Ti-Hf-Ir-Nb-Pd-Hg-Th-Np-Lu-Rh-Pu_0_10_14,phimage_Cu-Mn-Ni-Mo-Fe-Pt-Zn-Ca-Er-Au-Cd-Co-Gd-Na-Sm-Eu-Tb-V-Ag-Nd-U-Ba-Ce-K-Ga-Cr-Al-Li-Sc-Ru-In-Mg-Zr-Dy-W-Yb-Y-Ho-Re-Be-Rb-La-Sn-Cs-Pb-Pr-Bi-Tm-Sr-Ti-Hf-Ir-Nb-Pd-Hg-Th-Np-Lu-Rh-Pu_0_10_15,phimage_Cu-Mn-Ni-Mo-Fe-Pt-Zn-Ca-Er-Au-Cd-Co-Gd-Na-Sm-Eu-Tb-V-Ag-Nd-U-Ba-Ce-K-Ga-Cr-Al-Li-Sc-Ru-In-Mg-Zr-Dy-W-Yb-Y-Ho-Re-Be-Rb-La-Sn-Cs-Pb-Pr-Bi-Tm-Sr-Ti-Hf-Ir-Nb-Pd-Hg-Th-Np-Lu-Rh-Pu_0_10_16,phimage_Cu-Mn-Ni-Mo-Fe-Pt-Zn-Ca-Er-Au-Cd-Co-Gd-Na-Sm-Eu-Tb-V-Ag-Nd-U-Ba-Ce-K-Ga-Cr-Al-Li-Sc-Ru-In-Mg-Zr-Dy-W-Yb-Y-Ho-Re-Be-Rb-La-Sn-Cs-Pb-Pr-Bi-Tm-Sr-Ti-Hf-Ir-Nb-Pd-Hg-Th-Np-Lu-Rh-Pu_0_10_17,phimage_Cu-Mn-Ni-Mo-Fe-Pt-Zn-Ca-Er-Au-Cd-Co-Gd-Na-Sm-Eu-Tb-V-Ag-Nd-U-Ba-Ce-K-Ga-Cr-Al-Li-Sc-Ru-In-Mg-Zr-Dy-W-Yb-Y-Ho-Re-Be-Rb-La-Sn-Cs-Pb-Pr-Bi-Tm-Sr-Ti-Hf-Ir-Nb-Pd-Hg-Th-Np-Lu-Rh-Pu_0_10_18,phimage_Cu-Mn-Ni-Mo-Fe-Pt-Zn-Ca-Er-Au-Cd-Co-Gd-Na-Sm-Eu-Tb-V-Ag-Nd-U-Ba-Ce-K-Ga-Cr-Al-Li-Sc-Ru-In-Mg-Zr-Dy-W-Yb-Y-Ho-Re-Be-Rb-La-Sn-Cs-Pb-Pr-Bi-Tm-Sr-Ti-Hf-Ir-Nb-Pd-Hg-Th-Np-Lu-Rh-Pu_0_10_19,phimage_Cu-Mn-Ni-Mo-Fe-Pt-Zn-Ca-Er-Au-Cd-Co-Gd-Na-Sm-Eu-Tb-V-Ag-Nd-U-Ba-Ce-K-Ga-Cr-Al-Li-Sc-Ru-In-Mg-Zr-Dy-W-Yb-Y-Ho-Re-Be-Rb-La-Sn-Cs-Pb-Pr-Bi-Tm-Sr-Ti-Hf-Ir-Nb-Pd-Hg-Th-Np-Lu-Rh-Pu_0_11_0,phimage_Cu-Mn-Ni-Mo-Fe-Pt-Zn-Ca-Er-Au-Cd-Co-Gd-Na-Sm-Eu-Tb-V-Ag-Nd-U-Ba-Ce-K-Ga-Cr-Al-Li-Sc-Ru-In-Mg-Zr-Dy-W-Yb-Y-Ho-Re-Be-Rb-La-Sn-Cs-Pb-Pr-Bi-Tm-Sr-Ti-Hf-Ir-Nb-Pd-Hg-Th-Np-Lu-Rh-Pu_0_11_1,phimage_Cu-Mn-Ni-Mo-Fe-Pt-Zn-Ca-Er-Au-Cd-Co-Gd-Na-Sm-Eu-Tb-V-Ag-Nd-U-Ba-Ce-K-Ga-Cr-Al-Li-Sc-Ru-In-Mg-Zr-Dy-W-Yb-Y-Ho-Re-Be-Rb-La-Sn-Cs-Pb-Pr-Bi-Tm-Sr-Ti-Hf-Ir-Nb-Pd-Hg-Th-Np-Lu-Rh-Pu_0_11_2,phimage_Cu-Mn-Ni-Mo-Fe-Pt-Zn-Ca-Er-Au-Cd-Co-Gd-Na-Sm-Eu-Tb-V-Ag-Nd-U-Ba-Ce-K-Ga-Cr-Al-Li-Sc-Ru-In-Mg-Zr-Dy-W-Yb-Y-Ho-Re-Be-Rb-La-Sn-Cs-Pb-Pr-Bi-Tm-Sr-Ti-Hf-Ir-Nb-Pd-Hg-Th-Np-Lu-Rh-Pu_0_11_3,phimage_Cu-Mn-Ni-Mo-Fe-Pt-Zn-Ca-Er-Au-Cd-Co-Gd-Na-Sm-Eu-Tb-V-Ag-Nd-U-Ba-Ce-K-Ga-Cr-Al-Li-Sc-Ru-In-Mg-Zr-Dy-W-Yb-Y-Ho-Re-Be-Rb-La-Sn-Cs-Pb-Pr-Bi-Tm-Sr-Ti-Hf-Ir-Nb-Pd-Hg-Th-Np-Lu-Rh-Pu_0_11_4,phimage_Cu-Mn-Ni-Mo-Fe-Pt-Zn-Ca-Er-Au-Cd-Co-Gd-Na-Sm-Eu-Tb-V-Ag-Nd-U-Ba-Ce-K-Ga-Cr-Al-Li-Sc-Ru-In-Mg-Zr-Dy-W-Yb-Y-Ho-Re-Be-Rb-La-Sn-Cs-Pb-Pr-Bi-Tm-Sr-Ti-Hf-Ir-Nb-Pd-Hg-Th-Np-Lu-Rh-Pu_0_11_5,phimage_Cu-Mn-Ni-Mo-Fe-Pt-Zn-Ca-Er-Au-Cd-Co-Gd-Na-Sm-Eu-Tb-V-Ag-Nd-U-Ba-Ce-K-Ga-Cr-Al-Li-Sc-Ru-In-Mg-Zr-Dy-W-Yb-Y-Ho-Re-Be-Rb-La-Sn-Cs-Pb-Pr-Bi-Tm-Sr-Ti-Hf-Ir-Nb-Pd-Hg-Th-Np-Lu-Rh-Pu_0_11_6,phimage_Cu-Mn-Ni-Mo-Fe-Pt-Zn-Ca-Er-Au-Cd-Co-Gd-Na-Sm-Eu-Tb-V-Ag-Nd-U-Ba-Ce-K-Ga-Cr-Al-Li-Sc-Ru-In-Mg-Zr-Dy-W-Yb-Y-Ho-Re-Be-Rb-La-Sn-Cs-Pb-Pr-Bi-Tm-Sr-Ti-Hf-Ir-Nb-Pd-Hg-Th-Np-Lu-Rh-Pu_0_11_7,phimage_Cu-Mn-Ni-Mo-Fe-Pt-Zn-Ca-Er-Au-Cd-Co-Gd-Na-Sm-Eu-Tb-V-Ag-Nd-U-Ba-Ce-K-Ga-Cr-Al-Li-Sc-Ru-In-Mg-Zr-Dy-W-Yb-Y-Ho-Re-Be-Rb-La-Sn-Cs-Pb-Pr-Bi-Tm-Sr-Ti-Hf-Ir-Nb-Pd-Hg-Th-Np-Lu-Rh-Pu_0_11_8,phimage_Cu-Mn-Ni-Mo-Fe-Pt-Zn-Ca-Er-Au-Cd-Co-Gd-Na-Sm-Eu-Tb-V-Ag-Nd-U-Ba-Ce-K-Ga-Cr-Al-Li-Sc-Ru-In-Mg-Zr-Dy-W-Yb-Y-Ho-Re-Be-Rb-La-Sn-Cs-Pb-Pr-Bi-Tm-Sr-Ti-Hf-Ir-Nb-Pd-Hg-Th-Np-Lu-Rh-Pu_0_11_9,phimage_Cu-Mn-Ni-Mo-Fe-Pt-Zn-Ca-Er-Au-Cd-Co-Gd-Na-Sm-Eu-Tb-V-Ag-Nd-U-Ba-Ce-K-Ga-Cr-Al-Li-Sc-Ru-In-Mg-Zr-Dy-W-Yb-Y-Ho-Re-Be-Rb-La-Sn-Cs-Pb-Pr-Bi-Tm-Sr-Ti-Hf-Ir-Nb-Pd-Hg-Th-Np-Lu-Rh-Pu_0_11_10,phimage_Cu-Mn-Ni-Mo-Fe-Pt-Zn-Ca-Er-Au-Cd-Co-Gd-Na-Sm-Eu-Tb-V-Ag-Nd-U-Ba-Ce-K-Ga-Cr-Al-Li-Sc-Ru-In-Mg-Zr-Dy-W-Yb-Y-Ho-Re-Be-Rb-La-Sn-Cs-Pb-Pr-Bi-Tm-Sr-Ti-Hf-Ir-Nb-Pd-Hg-Th-Np-Lu-Rh-Pu_0_11_11,phimage_Cu-Mn-Ni-Mo-Fe-Pt-Zn-Ca-Er-Au-Cd-Co-Gd-Na-Sm-Eu-Tb-V-Ag-Nd-U-Ba-Ce-K-Ga-Cr-Al-Li-Sc-Ru-In-Mg-Zr-Dy-W-Yb-Y-Ho-Re-Be-Rb-La-Sn-Cs-Pb-Pr-Bi-Tm-Sr-Ti-Hf-Ir-Nb-Pd-Hg-Th-Np-Lu-Rh-Pu_0_11_12,phimage_Cu-Mn-Ni-Mo-Fe-Pt-Zn-Ca-Er-Au-Cd-Co-Gd-Na-Sm-Eu-Tb-V-Ag-Nd-U-Ba-Ce-K-Ga-Cr-Al-Li-Sc-Ru-In-Mg-Zr-Dy-W-Yb-Y-Ho-Re-Be-Rb-La-Sn-Cs-Pb-Pr-Bi-Tm-Sr-Ti-Hf-Ir-Nb-Pd-Hg-Th-Np-Lu-Rh-Pu_0_11_13,phimage_Cu-Mn-Ni-Mo-Fe-Pt-Zn-Ca-Er-Au-Cd-Co-Gd-Na-Sm-Eu-Tb-V-Ag-Nd-U-Ba-Ce-K-Ga-Cr-Al-Li-Sc-Ru-In-Mg-Zr-Dy-W-Yb-Y-Ho-Re-Be-Rb-La-Sn-Cs-Pb-Pr-Bi-Tm-Sr-Ti-Hf-Ir-Nb-Pd-Hg-Th-Np-Lu-Rh-Pu_0_11_14,phimage_Cu-Mn-Ni-Mo-Fe-Pt-Zn-Ca-Er-Au-Cd-Co-Gd-Na-Sm-Eu-Tb-V-Ag-Nd-U-Ba-Ce-K-Ga-Cr-Al-Li-Sc-Ru-In-Mg-Zr-Dy-W-Yb-Y-Ho-Re-Be-Rb-La-Sn-Cs-Pb-Pr-Bi-Tm-Sr-Ti-Hf-Ir-Nb-Pd-Hg-Th-Np-Lu-Rh-Pu_0_11_15,phimage_Cu-Mn-Ni-Mo-Fe-Pt-Zn-Ca-Er-Au-Cd-Co-Gd-Na-Sm-Eu-Tb-V-Ag-Nd-U-Ba-Ce-K-Ga-Cr-Al-Li-Sc-Ru-In-Mg-Zr-Dy-W-Yb-Y-Ho-Re-Be-Rb-La-Sn-Cs-Pb-Pr-Bi-Tm-Sr-Ti-Hf-Ir-Nb-Pd-Hg-Th-Np-Lu-Rh-Pu_0_11_16,phimage_Cu-Mn-Ni-Mo-Fe-Pt-Zn-Ca-Er-Au-Cd-Co-Gd-Na-Sm-Eu-Tb-V-Ag-Nd-U-Ba-Ce-K-Ga-Cr-Al-Li-Sc-Ru-In-Mg-Zr-Dy-W-Yb-Y-Ho-Re-Be-Rb-La-Sn-Cs-Pb-Pr-Bi-Tm-Sr-Ti-Hf-Ir-Nb-Pd-Hg-Th-Np-Lu-Rh-Pu_0_11_17,phimage_Cu-Mn-Ni-Mo-Fe-Pt-Zn-Ca-Er-Au-Cd-Co-Gd-Na-Sm-Eu-Tb-V-Ag-Nd-U-Ba-Ce-K-Ga-Cr-Al-Li-Sc-Ru-In-Mg-Zr-Dy-W-Yb-Y-Ho-Re-Be-Rb-La-Sn-Cs-Pb-Pr-Bi-Tm-Sr-Ti-Hf-Ir-Nb-Pd-Hg-Th-Np-Lu-Rh-Pu_0_11_18,phimage_Cu-Mn-Ni-Mo-Fe-Pt-Zn-Ca-Er-Au-Cd-Co-Gd-Na-Sm-Eu-Tb-V-Ag-Nd-U-Ba-Ce-K-Ga-Cr-Al-Li-Sc-Ru-In-Mg-Zr-Dy-W-Yb-Y-Ho-Re-Be-Rb-La-Sn-Cs-Pb-Pr-Bi-Tm-Sr-Ti-Hf-Ir-Nb-Pd-Hg-Th-Np-Lu-Rh-Pu_0_11_19,phimage_Cu-Mn-Ni-Mo-Fe-Pt-Zn-Ca-Er-Au-Cd-Co-Gd-Na-Sm-Eu-Tb-V-Ag-Nd-U-Ba-Ce-K-Ga-Cr-Al-Li-Sc-Ru-In-Mg-Zr-Dy-W-Yb-Y-Ho-Re-Be-Rb-La-Sn-Cs-Pb-Pr-Bi-Tm-Sr-Ti-Hf-Ir-Nb-Pd-Hg-Th-Np-Lu-Rh-Pu_0_12_0,phimage_Cu-Mn-Ni-Mo-Fe-Pt-Zn-Ca-Er-Au-Cd-Co-Gd-Na-Sm-Eu-Tb-V-Ag-Nd-U-Ba-Ce-K-Ga-Cr-Al-Li-Sc-Ru-In-Mg-Zr-Dy-W-Yb-Y-Ho-Re-Be-Rb-La-Sn-Cs-Pb-Pr-Bi-Tm-Sr-Ti-Hf-Ir-Nb-Pd-Hg-Th-Np-Lu-Rh-Pu_0_12_1,phimage_Cu-Mn-Ni-Mo-Fe-Pt-Zn-Ca-Er-Au-Cd-Co-Gd-Na-Sm-Eu-Tb-V-Ag-Nd-U-Ba-Ce-K-Ga-Cr-Al-Li-Sc-Ru-In-Mg-Zr-Dy-W-Yb-Y-Ho-Re-Be-Rb-La-Sn-Cs-Pb-Pr-Bi-Tm-Sr-Ti-Hf-Ir-Nb-Pd-Hg-Th-Np-Lu-Rh-Pu_0_12_2,phimage_Cu-Mn-Ni-Mo-Fe-Pt-Zn-Ca-Er-Au-Cd-Co-Gd-Na-Sm-Eu-Tb-V-Ag-Nd-U-Ba-Ce-K-Ga-Cr-Al-Li-Sc-Ru-In-Mg-Zr-Dy-W-Yb-Y-Ho-Re-Be-Rb-La-Sn-Cs-Pb-Pr-Bi-Tm-Sr-Ti-Hf-Ir-Nb-Pd-Hg-Th-Np-Lu-Rh-Pu_0_12_3,phimage_Cu-Mn-Ni-Mo-Fe-Pt-Zn-Ca-Er-Au-Cd-Co-Gd-Na-Sm-Eu-Tb-V-Ag-Nd-U-Ba-Ce-K-Ga-Cr-Al-Li-Sc-Ru-In-Mg-Zr-Dy-W-Yb-Y-Ho-Re-Be-Rb-La-Sn-Cs-Pb-Pr-Bi-Tm-Sr-Ti-Hf-Ir-Nb-Pd-Hg-Th-Np-Lu-Rh-Pu_0_12_4,phimage_Cu-Mn-Ni-Mo-Fe-Pt-Zn-Ca-Er-Au-Cd-Co-Gd-Na-Sm-Eu-Tb-V-Ag-Nd-U-Ba-Ce-K-Ga-Cr-Al-Li-Sc-Ru-In-Mg-Zr-Dy-W-Yb-Y-Ho-Re-Be-Rb-La-Sn-Cs-Pb-Pr-Bi-Tm-Sr-Ti-Hf-Ir-Nb-Pd-Hg-Th-Np-Lu-Rh-Pu_0_12_5,phimage_Cu-Mn-Ni-Mo-Fe-Pt-Zn-Ca-Er-Au-Cd-Co-Gd-Na-Sm-Eu-Tb-V-Ag-Nd-U-Ba-Ce-K-Ga-Cr-Al-Li-Sc-Ru-In-Mg-Zr-Dy-W-Yb-Y-Ho-Re-Be-Rb-La-Sn-Cs-Pb-Pr-Bi-Tm-Sr-Ti-Hf-Ir-Nb-Pd-Hg-Th-Np-Lu-Rh-Pu_0_12_6,phimage_Cu-Mn-Ni-Mo-Fe-Pt-Zn-Ca-Er-Au-Cd-Co-Gd-Na-Sm-Eu-Tb-V-Ag-Nd-U-Ba-Ce-K-Ga-Cr-Al-Li-Sc-Ru-In-Mg-Zr-Dy-W-Yb-Y-Ho-Re-Be-Rb-La-Sn-Cs-Pb-Pr-Bi-Tm-Sr-Ti-Hf-Ir-Nb-Pd-Hg-Th-Np-Lu-Rh-Pu_0_12_7,phimage_Cu-Mn-Ni-Mo-Fe-Pt-Zn-Ca-Er-Au-Cd-Co-Gd-Na-Sm-Eu-Tb-V-Ag-Nd-U-Ba-Ce-K-Ga-Cr-Al-Li-Sc-Ru-In-Mg-Zr-Dy-W-Yb-Y-Ho-Re-Be-Rb-La-Sn-Cs-Pb-Pr-Bi-Tm-Sr-Ti-Hf-Ir-Nb-Pd-Hg-Th-Np-Lu-Rh-Pu_0_12_8,phimage_Cu-Mn-Ni-Mo-Fe-Pt-Zn-Ca-Er-Au-Cd-Co-Gd-Na-Sm-Eu-Tb-V-Ag-Nd-U-Ba-Ce-K-Ga-Cr-Al-Li-Sc-Ru-In-Mg-Zr-Dy-W-Yb-Y-Ho-Re-Be-Rb-La-Sn-Cs-Pb-Pr-Bi-Tm-Sr-Ti-Hf-Ir-Nb-Pd-Hg-Th-Np-Lu-Rh-Pu_0_12_9,phimage_Cu-Mn-Ni-Mo-Fe-Pt-Zn-Ca-Er-Au-Cd-Co-Gd-Na-Sm-Eu-Tb-V-Ag-Nd-U-Ba-Ce-K-Ga-Cr-Al-Li-Sc-Ru-In-Mg-Zr-Dy-W-Yb-Y-Ho-Re-Be-Rb-La-Sn-Cs-Pb-Pr-Bi-Tm-Sr-Ti-Hf-Ir-Nb-Pd-Hg-Th-Np-Lu-Rh-Pu_0_12_10,phimage_Cu-Mn-Ni-Mo-Fe-Pt-Zn-Ca-Er-Au-Cd-Co-Gd-Na-Sm-Eu-Tb-V-Ag-Nd-U-Ba-Ce-K-Ga-Cr-Al-Li-Sc-Ru-In-Mg-Zr-Dy-W-Yb-Y-Ho-Re-Be-Rb-La-Sn-Cs-Pb-Pr-Bi-Tm-Sr-Ti-Hf-Ir-Nb-Pd-Hg-Th-Np-Lu-Rh-Pu_0_12_11,phimage_Cu-Mn-Ni-Mo-Fe-Pt-Zn-Ca-Er-Au-Cd-Co-Gd-Na-Sm-Eu-Tb-V-Ag-Nd-U-Ba-Ce-K-Ga-Cr-Al-Li-Sc-Ru-In-Mg-Zr-Dy-W-Yb-Y-Ho-Re-Be-Rb-La-Sn-Cs-Pb-Pr-Bi-Tm-Sr-Ti-Hf-Ir-Nb-Pd-Hg-Th-Np-Lu-Rh-Pu_0_12_12,phimage_Cu-Mn-Ni-Mo-Fe-Pt-Zn-Ca-Er-Au-Cd-Co-Gd-Na-Sm-Eu-Tb-V-Ag-Nd-U-Ba-Ce-K-Ga-Cr-Al-Li-Sc-Ru-In-Mg-Zr-Dy-W-Yb-Y-Ho-Re-Be-Rb-La-Sn-Cs-Pb-Pr-Bi-Tm-Sr-Ti-Hf-Ir-Nb-Pd-Hg-Th-Np-Lu-Rh-Pu_0_12_13,phimage_Cu-Mn-Ni-Mo-Fe-Pt-Zn-Ca-Er-Au-Cd-Co-Gd-Na-Sm-Eu-Tb-V-Ag-Nd-U-Ba-Ce-K-Ga-Cr-Al-Li-Sc-Ru-In-Mg-Zr-Dy-W-Yb-Y-Ho-Re-Be-Rb-La-Sn-Cs-Pb-Pr-Bi-Tm-Sr-Ti-Hf-Ir-Nb-Pd-Hg-Th-Np-Lu-Rh-Pu_0_12_14,phimage_Cu-Mn-Ni-Mo-Fe-Pt-Zn-Ca-Er-Au-Cd-Co-Gd-Na-Sm-Eu-Tb-V-Ag-Nd-U-Ba-Ce-K-Ga-Cr-Al-Li-Sc-Ru-In-Mg-Zr-Dy-W-Yb-Y-Ho-Re-Be-Rb-La-Sn-Cs-Pb-Pr-Bi-Tm-Sr-Ti-Hf-Ir-Nb-Pd-Hg-Th-Np-Lu-Rh-Pu_0_12_15,phimage_Cu-Mn-Ni-Mo-Fe-Pt-Zn-Ca-Er-Au-Cd-Co-Gd-Na-Sm-Eu-Tb-V-Ag-Nd-U-Ba-Ce-K-Ga-Cr-Al-Li-Sc-Ru-In-Mg-Zr-Dy-W-Yb-Y-Ho-Re-Be-Rb-La-Sn-Cs-Pb-Pr-Bi-Tm-Sr-Ti-Hf-Ir-Nb-Pd-Hg-Th-Np-Lu-Rh-Pu_0_12_16,phimage_Cu-Mn-Ni-Mo-Fe-Pt-Zn-Ca-Er-Au-Cd-Co-Gd-Na-Sm-Eu-Tb-V-Ag-Nd-U-Ba-Ce-K-Ga-Cr-Al-Li-Sc-Ru-In-Mg-Zr-Dy-W-Yb-Y-Ho-Re-Be-Rb-La-Sn-Cs-Pb-Pr-Bi-Tm-Sr-Ti-Hf-Ir-Nb-Pd-Hg-Th-Np-Lu-Rh-Pu_0_12_17,phimage_Cu-Mn-Ni-Mo-Fe-Pt-Zn-Ca-Er-Au-Cd-Co-Gd-Na-Sm-Eu-Tb-V-Ag-Nd-U-Ba-Ce-K-Ga-Cr-Al-Li-Sc-Ru-In-Mg-Zr-Dy-W-Yb-Y-Ho-Re-Be-Rb-La-Sn-Cs-Pb-Pr-Bi-Tm-Sr-Ti-Hf-Ir-Nb-Pd-Hg-Th-Np-Lu-Rh-Pu_0_12_18,phimage_Cu-Mn-Ni-Mo-Fe-Pt-Zn-Ca-Er-Au-Cd-Co-Gd-Na-Sm-Eu-Tb-V-Ag-Nd-U-Ba-Ce-K-Ga-Cr-Al-Li-Sc-Ru-In-Mg-Zr-Dy-W-Yb-Y-Ho-Re-Be-Rb-La-Sn-Cs-Pb-Pr-Bi-Tm-Sr-Ti-Hf-Ir-Nb-Pd-Hg-Th-Np-Lu-Rh-Pu_0_12_19,phimage_Cu-Mn-Ni-Mo-Fe-Pt-Zn-Ca-Er-Au-Cd-Co-Gd-Na-Sm-Eu-Tb-V-Ag-Nd-U-Ba-Ce-K-Ga-Cr-Al-Li-Sc-Ru-In-Mg-Zr-Dy-W-Yb-Y-Ho-Re-Be-Rb-La-Sn-Cs-Pb-Pr-Bi-Tm-Sr-Ti-Hf-Ir-Nb-Pd-Hg-Th-Np-Lu-Rh-Pu_0_13_0,phimage_Cu-Mn-Ni-Mo-Fe-Pt-Zn-Ca-Er-Au-Cd-Co-Gd-Na-Sm-Eu-Tb-V-Ag-Nd-U-Ba-Ce-K-Ga-Cr-Al-Li-Sc-Ru-In-Mg-Zr-Dy-W-Yb-Y-Ho-Re-Be-Rb-La-Sn-Cs-Pb-Pr-Bi-Tm-Sr-Ti-Hf-Ir-Nb-Pd-Hg-Th-Np-Lu-Rh-Pu_0_13_1,phimage_Cu-Mn-Ni-Mo-Fe-Pt-Zn-Ca-Er-Au-Cd-Co-Gd-Na-Sm-Eu-Tb-V-Ag-Nd-U-Ba-Ce-K-Ga-Cr-Al-Li-Sc-Ru-In-Mg-Zr-Dy-W-Yb-Y-Ho-Re-Be-Rb-La-Sn-Cs-Pb-Pr-Bi-Tm-Sr-Ti-Hf-Ir-Nb-Pd-Hg-Th-Np-Lu-Rh-Pu_0_13_2,phimage_Cu-Mn-Ni-Mo-Fe-Pt-Zn-Ca-Er-Au-Cd-Co-Gd-Na-Sm-Eu-Tb-V-Ag-Nd-U-Ba-Ce-K-Ga-Cr-Al-Li-Sc-Ru-In-Mg-Zr-Dy-W-Yb-Y-Ho-Re-Be-Rb-La-Sn-Cs-Pb-Pr-Bi-Tm-Sr-Ti-Hf-Ir-Nb-Pd-Hg-Th-Np-Lu-Rh-Pu_0_13_3,phimage_Cu-Mn-Ni-Mo-Fe-Pt-Zn-Ca-Er-Au-Cd-Co-Gd-Na-Sm-Eu-Tb-V-Ag-Nd-U-Ba-Ce-K-Ga-Cr-Al-Li-Sc-Ru-In-Mg-Zr-Dy-W-Yb-Y-Ho-Re-Be-Rb-La-Sn-Cs-Pb-Pr-Bi-Tm-Sr-Ti-Hf-Ir-Nb-Pd-Hg-Th-Np-Lu-Rh-Pu_0_13_4,phimage_Cu-Mn-Ni-Mo-Fe-Pt-Zn-Ca-Er-Au-Cd-Co-Gd-Na-Sm-Eu-Tb-V-Ag-Nd-U-Ba-Ce-K-Ga-Cr-Al-Li-Sc-Ru-In-Mg-Zr-Dy-W-Yb-Y-Ho-Re-Be-Rb-La-Sn-Cs-Pb-Pr-Bi-Tm-Sr-Ti-Hf-Ir-Nb-Pd-Hg-Th-Np-Lu-Rh-Pu_0_13_5,phimage_Cu-Mn-Ni-Mo-Fe-Pt-Zn-Ca-Er-Au-Cd-Co-Gd-Na-Sm-Eu-Tb-V-Ag-Nd-U-Ba-Ce-K-Ga-Cr-Al-Li-Sc-Ru-In-Mg-Zr-Dy-W-Yb-Y-Ho-Re-Be-Rb-La-Sn-Cs-Pb-Pr-Bi-Tm-Sr-Ti-Hf-Ir-Nb-Pd-Hg-Th-Np-Lu-Rh-Pu_0_13_6,phimage_Cu-Mn-Ni-Mo-Fe-Pt-Zn-Ca-Er-Au-Cd-Co-Gd-Na-Sm-Eu-Tb-V-Ag-Nd-U-Ba-Ce-K-Ga-Cr-Al-Li-Sc-Ru-In-Mg-Zr-Dy-W-Yb-Y-Ho-Re-Be-Rb-La-Sn-Cs-Pb-Pr-Bi-Tm-Sr-Ti-Hf-Ir-Nb-Pd-Hg-Th-Np-Lu-Rh-Pu_0_13_7,phimage_Cu-Mn-Ni-Mo-Fe-Pt-Zn-Ca-Er-Au-Cd-Co-Gd-Na-Sm-Eu-Tb-V-Ag-Nd-U-Ba-Ce-K-Ga-Cr-Al-Li-Sc-Ru-In-Mg-Zr-Dy-W-Yb-Y-Ho-Re-Be-Rb-La-Sn-Cs-Pb-Pr-Bi-Tm-Sr-Ti-Hf-Ir-Nb-Pd-Hg-Th-Np-Lu-Rh-Pu_0_13_8,phimage_Cu-Mn-Ni-Mo-Fe-Pt-Zn-Ca-Er-Au-Cd-Co-Gd-Na-Sm-Eu-Tb-V-Ag-Nd-U-Ba-Ce-K-Ga-Cr-Al-Li-Sc-Ru-In-Mg-Zr-Dy-W-Yb-Y-Ho-Re-Be-Rb-La-Sn-Cs-Pb-Pr-Bi-Tm-Sr-Ti-Hf-Ir-Nb-Pd-Hg-Th-Np-Lu-Rh-Pu_0_13_9,phimage_Cu-Mn-Ni-Mo-Fe-Pt-Zn-Ca-Er-Au-Cd-Co-Gd-Na-Sm-Eu-Tb-V-Ag-Nd-U-Ba-Ce-K-Ga-Cr-Al-Li-Sc-Ru-In-Mg-Zr-Dy-W-Yb-Y-Ho-Re-Be-Rb-La-Sn-Cs-Pb-Pr-Bi-Tm-Sr-Ti-Hf-Ir-Nb-Pd-Hg-Th-Np-Lu-Rh-Pu_0_13_10,phimage_Cu-Mn-Ni-Mo-Fe-Pt-Zn-Ca-Er-Au-Cd-Co-Gd-Na-Sm-Eu-Tb-V-Ag-Nd-U-Ba-Ce-K-Ga-Cr-Al-Li-Sc-Ru-In-Mg-Zr-Dy-W-Yb-Y-Ho-Re-Be-Rb-La-Sn-Cs-Pb-Pr-Bi-Tm-Sr-Ti-Hf-Ir-Nb-Pd-Hg-Th-Np-Lu-Rh-Pu_0_13_11,phimage_Cu-Mn-Ni-Mo-Fe-Pt-Zn-Ca-Er-Au-Cd-Co-Gd-Na-Sm-Eu-Tb-V-Ag-Nd-U-Ba-Ce-K-Ga-Cr-Al-Li-Sc-Ru-In-Mg-Zr-Dy-W-Yb-Y-Ho-Re-Be-Rb-La-Sn-Cs-Pb-Pr-Bi-Tm-Sr-Ti-Hf-Ir-Nb-Pd-Hg-Th-Np-Lu-Rh-Pu_0_13_12,phimage_Cu-Mn-Ni-Mo-Fe-Pt-Zn-Ca-Er-Au-Cd-Co-Gd-Na-Sm-Eu-Tb-V-Ag-Nd-U-Ba-Ce-K-Ga-Cr-Al-Li-Sc-Ru-In-Mg-Zr-Dy-W-Yb-Y-Ho-Re-Be-Rb-La-Sn-Cs-Pb-Pr-Bi-Tm-Sr-Ti-Hf-Ir-Nb-Pd-Hg-Th-Np-Lu-Rh-Pu_0_13_13,phimage_Cu-Mn-Ni-Mo-Fe-Pt-Zn-Ca-Er-Au-Cd-Co-Gd-Na-Sm-Eu-Tb-V-Ag-Nd-U-Ba-Ce-K-Ga-Cr-Al-Li-Sc-Ru-In-Mg-Zr-Dy-W-Yb-Y-Ho-Re-Be-Rb-La-Sn-Cs-Pb-Pr-Bi-Tm-Sr-Ti-Hf-Ir-Nb-Pd-Hg-Th-Np-Lu-Rh-Pu_0_13_14,phimage_Cu-Mn-Ni-Mo-Fe-Pt-Zn-Ca-Er-Au-Cd-Co-Gd-Na-Sm-Eu-Tb-V-Ag-Nd-U-Ba-Ce-K-Ga-Cr-Al-Li-Sc-Ru-In-Mg-Zr-Dy-W-Yb-Y-Ho-Re-Be-Rb-La-Sn-Cs-Pb-Pr-Bi-Tm-Sr-Ti-Hf-Ir-Nb-Pd-Hg-Th-Np-Lu-Rh-Pu_0_13_15,phimage_Cu-Mn-Ni-Mo-Fe-Pt-Zn-Ca-Er-Au-Cd-Co-Gd-Na-Sm-Eu-Tb-V-Ag-Nd-U-Ba-Ce-K-Ga-Cr-Al-Li-Sc-Ru-In-Mg-Zr-Dy-W-Yb-Y-Ho-Re-Be-Rb-La-Sn-Cs-Pb-Pr-Bi-Tm-Sr-Ti-Hf-Ir-Nb-Pd-Hg-Th-Np-Lu-Rh-Pu_0_13_16,phimage_Cu-Mn-Ni-Mo-Fe-Pt-Zn-Ca-Er-Au-Cd-Co-Gd-Na-Sm-Eu-Tb-V-Ag-Nd-U-Ba-Ce-K-Ga-Cr-Al-Li-Sc-Ru-In-Mg-Zr-Dy-W-Yb-Y-Ho-Re-Be-Rb-La-Sn-Cs-Pb-Pr-Bi-Tm-Sr-Ti-Hf-Ir-Nb-Pd-Hg-Th-Np-Lu-Rh-Pu_0_13_17,phimage_Cu-Mn-Ni-Mo-Fe-Pt-Zn-Ca-Er-Au-Cd-Co-Gd-Na-Sm-Eu-Tb-V-Ag-Nd-U-Ba-Ce-K-Ga-Cr-Al-Li-Sc-Ru-In-Mg-Zr-Dy-W-Yb-Y-Ho-Re-Be-Rb-La-Sn-Cs-Pb-Pr-Bi-Tm-Sr-Ti-Hf-Ir-Nb-Pd-Hg-Th-Np-Lu-Rh-Pu_0_13_18,phimage_Cu-Mn-Ni-Mo-Fe-Pt-Zn-Ca-Er-Au-Cd-Co-Gd-Na-Sm-Eu-Tb-V-Ag-Nd-U-Ba-Ce-K-Ga-Cr-Al-Li-Sc-Ru-In-Mg-Zr-Dy-W-Yb-Y-Ho-Re-Be-Rb-La-Sn-Cs-Pb-Pr-Bi-Tm-Sr-Ti-Hf-Ir-Nb-Pd-Hg-Th-Np-Lu-Rh-Pu_0_13_19,phimage_Cu-Mn-Ni-Mo-Fe-Pt-Zn-Ca-Er-Au-Cd-Co-Gd-Na-Sm-Eu-Tb-V-Ag-Nd-U-Ba-Ce-K-Ga-Cr-Al-Li-Sc-Ru-In-Mg-Zr-Dy-W-Yb-Y-Ho-Re-Be-Rb-La-Sn-Cs-Pb-Pr-Bi-Tm-Sr-Ti-Hf-Ir-Nb-Pd-Hg-Th-Np-Lu-Rh-Pu_0_14_0,phimage_Cu-Mn-Ni-Mo-Fe-Pt-Zn-Ca-Er-Au-Cd-Co-Gd-Na-Sm-Eu-Tb-V-Ag-Nd-U-Ba-Ce-K-Ga-Cr-Al-Li-Sc-Ru-In-Mg-Zr-Dy-W-Yb-Y-Ho-Re-Be-Rb-La-Sn-Cs-Pb-Pr-Bi-Tm-Sr-Ti-Hf-Ir-Nb-Pd-Hg-Th-Np-Lu-Rh-Pu_0_14_1,phimage_Cu-Mn-Ni-Mo-Fe-Pt-Zn-Ca-Er-Au-Cd-Co-Gd-Na-Sm-Eu-Tb-V-Ag-Nd-U-Ba-Ce-K-Ga-Cr-Al-Li-Sc-Ru-In-Mg-Zr-Dy-W-Yb-Y-Ho-Re-Be-Rb-La-Sn-Cs-Pb-Pr-Bi-Tm-Sr-Ti-Hf-Ir-Nb-Pd-Hg-Th-Np-Lu-Rh-Pu_0_14_2,phimage_Cu-Mn-Ni-Mo-Fe-Pt-Zn-Ca-Er-Au-Cd-Co-Gd-Na-Sm-Eu-Tb-V-Ag-Nd-U-Ba-Ce-K-Ga-Cr-Al-Li-Sc-Ru-In-Mg-Zr-Dy-W-Yb-Y-Ho-Re-Be-Rb-La-Sn-Cs-Pb-Pr-Bi-Tm-Sr-Ti-Hf-Ir-Nb-Pd-Hg-Th-Np-Lu-Rh-Pu_0_14_3,phimage_Cu-Mn-Ni-Mo-Fe-Pt-Zn-Ca-Er-Au-Cd-Co-Gd-Na-Sm-Eu-Tb-V-Ag-Nd-U-Ba-Ce-K-Ga-Cr-Al-Li-Sc-Ru-In-Mg-Zr-Dy-W-Yb-Y-Ho-Re-Be-Rb-La-Sn-Cs-Pb-Pr-Bi-Tm-Sr-Ti-Hf-Ir-Nb-Pd-Hg-Th-Np-Lu-Rh-Pu_0_14_4,phimage_Cu-Mn-Ni-Mo-Fe-Pt-Zn-Ca-Er-Au-Cd-Co-Gd-Na-Sm-Eu-Tb-V-Ag-Nd-U-Ba-Ce-K-Ga-Cr-Al-Li-Sc-Ru-In-Mg-Zr-Dy-W-Yb-Y-Ho-Re-Be-Rb-La-Sn-Cs-Pb-Pr-Bi-Tm-Sr-Ti-Hf-Ir-Nb-Pd-Hg-Th-Np-Lu-Rh-Pu_0_14_5,phimage_Cu-Mn-Ni-Mo-Fe-Pt-Zn-Ca-Er-Au-Cd-Co-Gd-Na-Sm-Eu-Tb-V-Ag-Nd-U-Ba-Ce-K-Ga-Cr-Al-Li-Sc-Ru-In-Mg-Zr-Dy-W-Yb-Y-Ho-Re-Be-Rb-La-Sn-Cs-Pb-Pr-Bi-Tm-Sr-Ti-Hf-Ir-Nb-Pd-Hg-Th-Np-Lu-Rh-Pu_0_14_6,phimage_Cu-Mn-Ni-Mo-Fe-Pt-Zn-Ca-Er-Au-Cd-Co-Gd-Na-Sm-Eu-Tb-V-Ag-Nd-U-Ba-Ce-K-Ga-Cr-Al-Li-Sc-Ru-In-Mg-Zr-Dy-W-Yb-Y-Ho-Re-Be-Rb-La-Sn-Cs-Pb-Pr-Bi-Tm-Sr-Ti-Hf-Ir-Nb-Pd-Hg-Th-Np-Lu-Rh-Pu_0_14_7,phimage_Cu-Mn-Ni-Mo-Fe-Pt-Zn-Ca-Er-Au-Cd-Co-Gd-Na-Sm-Eu-Tb-V-Ag-Nd-U-Ba-Ce-K-Ga-Cr-Al-Li-Sc-Ru-In-Mg-Zr-Dy-W-Yb-Y-Ho-Re-Be-Rb-La-Sn-Cs-Pb-Pr-Bi-Tm-Sr-Ti-Hf-Ir-Nb-Pd-Hg-Th-Np-Lu-Rh-Pu_0_14_8,phimage_Cu-Mn-Ni-Mo-Fe-Pt-Zn-Ca-Er-Au-Cd-Co-Gd-Na-Sm-Eu-Tb-V-Ag-Nd-U-Ba-Ce-K-Ga-Cr-Al-Li-Sc-Ru-In-Mg-Zr-Dy-W-Yb-Y-Ho-Re-Be-Rb-La-Sn-Cs-Pb-Pr-Bi-Tm-Sr-Ti-Hf-Ir-Nb-Pd-Hg-Th-Np-Lu-Rh-Pu_0_14_9,phimage_Cu-Mn-Ni-Mo-Fe-Pt-Zn-Ca-Er-Au-Cd-Co-Gd-Na-Sm-Eu-Tb-V-Ag-Nd-U-Ba-Ce-K-Ga-Cr-Al-Li-Sc-Ru-In-Mg-Zr-Dy-W-Yb-Y-Ho-Re-Be-Rb-La-Sn-Cs-Pb-Pr-Bi-Tm-Sr-Ti-Hf-Ir-Nb-Pd-Hg-Th-Np-Lu-Rh-Pu_0_14_10,phimage_Cu-Mn-Ni-Mo-Fe-Pt-Zn-Ca-Er-Au-Cd-Co-Gd-Na-Sm-Eu-Tb-V-Ag-Nd-U-Ba-Ce-K-Ga-Cr-Al-Li-Sc-Ru-In-Mg-Zr-Dy-W-Yb-Y-Ho-Re-Be-Rb-La-Sn-Cs-Pb-Pr-Bi-Tm-Sr-Ti-Hf-Ir-Nb-Pd-Hg-Th-Np-Lu-Rh-Pu_0_14_11,phimage_Cu-Mn-Ni-Mo-Fe-Pt-Zn-Ca-Er-Au-Cd-Co-Gd-Na-Sm-Eu-Tb-V-Ag-Nd-U-Ba-Ce-K-Ga-Cr-Al-Li-Sc-Ru-In-Mg-Zr-Dy-W-Yb-Y-Ho-Re-Be-Rb-La-Sn-Cs-Pb-Pr-Bi-Tm-Sr-Ti-Hf-Ir-Nb-Pd-Hg-Th-Np-Lu-Rh-Pu_0_14_12,phimage_Cu-Mn-Ni-Mo-Fe-Pt-Zn-Ca-Er-Au-Cd-Co-Gd-Na-Sm-Eu-Tb-V-Ag-Nd-U-Ba-Ce-K-Ga-Cr-Al-Li-Sc-Ru-In-Mg-Zr-Dy-W-Yb-Y-Ho-Re-Be-Rb-La-Sn-Cs-Pb-Pr-Bi-Tm-Sr-Ti-Hf-Ir-Nb-Pd-Hg-Th-Np-Lu-Rh-Pu_0_14_13,phimage_Cu-Mn-Ni-Mo-Fe-Pt-Zn-Ca-Er-Au-Cd-Co-Gd-Na-Sm-Eu-Tb-V-Ag-Nd-U-Ba-Ce-K-Ga-Cr-Al-Li-Sc-Ru-In-Mg-Zr-Dy-W-Yb-Y-Ho-Re-Be-Rb-La-Sn-Cs-Pb-Pr-Bi-Tm-Sr-Ti-Hf-Ir-Nb-Pd-Hg-Th-Np-Lu-Rh-Pu_0_14_14,phimage_Cu-Mn-Ni-Mo-Fe-Pt-Zn-Ca-Er-Au-Cd-Co-Gd-Na-Sm-Eu-Tb-V-Ag-Nd-U-Ba-Ce-K-Ga-Cr-Al-Li-Sc-Ru-In-Mg-Zr-Dy-W-Yb-Y-Ho-Re-Be-Rb-La-Sn-Cs-Pb-Pr-Bi-Tm-Sr-Ti-Hf-Ir-Nb-Pd-Hg-Th-Np-Lu-Rh-Pu_0_14_15,phimage_Cu-Mn-Ni-Mo-Fe-Pt-Zn-Ca-Er-Au-Cd-Co-Gd-Na-Sm-Eu-Tb-V-Ag-Nd-U-Ba-Ce-K-Ga-Cr-Al-Li-Sc-Ru-In-Mg-Zr-Dy-W-Yb-Y-Ho-Re-Be-Rb-La-Sn-Cs-Pb-Pr-Bi-Tm-Sr-Ti-Hf-Ir-Nb-Pd-Hg-Th-Np-Lu-Rh-Pu_0_14_16,phimage_Cu-Mn-Ni-Mo-Fe-Pt-Zn-Ca-Er-Au-Cd-Co-Gd-Na-Sm-Eu-Tb-V-Ag-Nd-U-Ba-Ce-K-Ga-Cr-Al-Li-Sc-Ru-In-Mg-Zr-Dy-W-Yb-Y-Ho-Re-Be-Rb-La-Sn-Cs-Pb-Pr-Bi-Tm-Sr-Ti-Hf-Ir-Nb-Pd-Hg-Th-Np-Lu-Rh-Pu_0_14_17,phimage_Cu-Mn-Ni-Mo-Fe-Pt-Zn-Ca-Er-Au-Cd-Co-Gd-Na-Sm-Eu-Tb-V-Ag-Nd-U-Ba-Ce-K-Ga-Cr-Al-Li-Sc-Ru-In-Mg-Zr-Dy-W-Yb-Y-Ho-Re-Be-Rb-La-Sn-Cs-Pb-Pr-Bi-Tm-Sr-Ti-Hf-Ir-Nb-Pd-Hg-Th-Np-Lu-Rh-Pu_0_14_18,phimage_Cu-Mn-Ni-Mo-Fe-Pt-Zn-Ca-Er-Au-Cd-Co-Gd-Na-Sm-Eu-Tb-V-Ag-Nd-U-Ba-Ce-K-Ga-Cr-Al-Li-Sc-Ru-In-Mg-Zr-Dy-W-Yb-Y-Ho-Re-Be-Rb-La-Sn-Cs-Pb-Pr-Bi-Tm-Sr-Ti-Hf-Ir-Nb-Pd-Hg-Th-Np-Lu-Rh-Pu_0_14_19,phimage_Cu-Mn-Ni-Mo-Fe-Pt-Zn-Ca-Er-Au-Cd-Co-Gd-Na-Sm-Eu-Tb-V-Ag-Nd-U-Ba-Ce-K-Ga-Cr-Al-Li-Sc-Ru-In-Mg-Zr-Dy-W-Yb-Y-Ho-Re-Be-Rb-La-Sn-Cs-Pb-Pr-Bi-Tm-Sr-Ti-Hf-Ir-Nb-Pd-Hg-Th-Np-Lu-Rh-Pu_0_15_0,phimage_Cu-Mn-Ni-Mo-Fe-Pt-Zn-Ca-Er-Au-Cd-Co-Gd-Na-Sm-Eu-Tb-V-Ag-Nd-U-Ba-Ce-K-Ga-Cr-Al-Li-Sc-Ru-In-Mg-Zr-Dy-W-Yb-Y-Ho-Re-Be-Rb-La-Sn-Cs-Pb-Pr-Bi-Tm-Sr-Ti-Hf-Ir-Nb-Pd-Hg-Th-Np-Lu-Rh-Pu_0_15_1,phimage_Cu-Mn-Ni-Mo-Fe-Pt-Zn-Ca-Er-Au-Cd-Co-Gd-Na-Sm-Eu-Tb-V-Ag-Nd-U-Ba-Ce-K-Ga-Cr-Al-Li-Sc-Ru-In-Mg-Zr-Dy-W-Yb-Y-Ho-Re-Be-Rb-La-Sn-Cs-Pb-Pr-Bi-Tm-Sr-Ti-Hf-Ir-Nb-Pd-Hg-Th-Np-Lu-Rh-Pu_0_15_2,phimage_Cu-Mn-Ni-Mo-Fe-Pt-Zn-Ca-Er-Au-Cd-Co-Gd-Na-Sm-Eu-Tb-V-Ag-Nd-U-Ba-Ce-K-Ga-Cr-Al-Li-Sc-Ru-In-Mg-Zr-Dy-W-Yb-Y-Ho-Re-Be-Rb-La-Sn-Cs-Pb-Pr-Bi-Tm-Sr-Ti-Hf-Ir-Nb-Pd-Hg-Th-Np-Lu-Rh-Pu_0_15_3,phimage_Cu-Mn-Ni-Mo-Fe-Pt-Zn-Ca-Er-Au-Cd-Co-Gd-Na-Sm-Eu-Tb-V-Ag-Nd-U-Ba-Ce-K-Ga-Cr-Al-Li-Sc-Ru-In-Mg-Zr-Dy-W-Yb-Y-Ho-Re-Be-Rb-La-Sn-Cs-Pb-Pr-Bi-Tm-Sr-Ti-Hf-Ir-Nb-Pd-Hg-Th-Np-Lu-Rh-Pu_0_15_4,phimage_Cu-Mn-Ni-Mo-Fe-Pt-Zn-Ca-Er-Au-Cd-Co-Gd-Na-Sm-Eu-Tb-V-Ag-Nd-U-Ba-Ce-K-Ga-Cr-Al-Li-Sc-Ru-In-Mg-Zr-Dy-W-Yb-Y-Ho-Re-Be-Rb-La-Sn-Cs-Pb-Pr-Bi-Tm-Sr-Ti-Hf-Ir-Nb-Pd-Hg-Th-Np-Lu-Rh-Pu_0_15_5,phimage_Cu-Mn-Ni-Mo-Fe-Pt-Zn-Ca-Er-Au-Cd-Co-Gd-Na-Sm-Eu-Tb-V-Ag-Nd-U-Ba-Ce-K-Ga-Cr-Al-Li-Sc-Ru-In-Mg-Zr-Dy-W-Yb-Y-Ho-Re-Be-Rb-La-Sn-Cs-Pb-Pr-Bi-Tm-Sr-Ti-Hf-Ir-Nb-Pd-Hg-Th-Np-Lu-Rh-Pu_0_15_6,phimage_Cu-Mn-Ni-Mo-Fe-Pt-Zn-Ca-Er-Au-Cd-Co-Gd-Na-Sm-Eu-Tb-V-Ag-Nd-U-Ba-Ce-K-Ga-Cr-Al-Li-Sc-Ru-In-Mg-Zr-Dy-W-Yb-Y-Ho-Re-Be-Rb-La-Sn-Cs-Pb-Pr-Bi-Tm-Sr-Ti-Hf-Ir-Nb-Pd-Hg-Th-Np-Lu-Rh-Pu_0_15_7,phimage_Cu-Mn-Ni-Mo-Fe-Pt-Zn-Ca-Er-Au-Cd-Co-Gd-Na-Sm-Eu-Tb-V-Ag-Nd-U-Ba-Ce-K-Ga-Cr-Al-Li-Sc-Ru-In-Mg-Zr-Dy-W-Yb-Y-Ho-Re-Be-Rb-La-Sn-Cs-Pb-Pr-Bi-Tm-Sr-Ti-Hf-Ir-Nb-Pd-Hg-Th-Np-Lu-Rh-Pu_0_15_8,phimage_Cu-Mn-Ni-Mo-Fe-Pt-Zn-Ca-Er-Au-Cd-Co-Gd-Na-Sm-Eu-Tb-V-Ag-Nd-U-Ba-Ce-K-Ga-Cr-Al-Li-Sc-Ru-In-Mg-Zr-Dy-W-Yb-Y-Ho-Re-Be-Rb-La-Sn-Cs-Pb-Pr-Bi-Tm-Sr-Ti-Hf-Ir-Nb-Pd-Hg-Th-Np-Lu-Rh-Pu_0_15_9,phimage_Cu-Mn-Ni-Mo-Fe-Pt-Zn-Ca-Er-Au-Cd-Co-Gd-Na-Sm-Eu-Tb-V-Ag-Nd-U-Ba-Ce-K-Ga-Cr-Al-Li-Sc-Ru-In-Mg-Zr-Dy-W-Yb-Y-Ho-Re-Be-Rb-La-Sn-Cs-Pb-Pr-Bi-Tm-Sr-Ti-Hf-Ir-Nb-Pd-Hg-Th-Np-Lu-Rh-Pu_0_15_10,phimage_Cu-Mn-Ni-Mo-Fe-Pt-Zn-Ca-Er-Au-Cd-Co-Gd-Na-Sm-Eu-Tb-V-Ag-Nd-U-Ba-Ce-K-Ga-Cr-Al-Li-Sc-Ru-In-Mg-Zr-Dy-W-Yb-Y-Ho-Re-Be-Rb-La-Sn-Cs-Pb-Pr-Bi-Tm-Sr-Ti-Hf-Ir-Nb-Pd-Hg-Th-Np-Lu-Rh-Pu_0_15_11,phimage_Cu-Mn-Ni-Mo-Fe-Pt-Zn-Ca-Er-Au-Cd-Co-Gd-Na-Sm-Eu-Tb-V-Ag-Nd-U-Ba-Ce-K-Ga-Cr-Al-Li-Sc-Ru-In-Mg-Zr-Dy-W-Yb-Y-Ho-Re-Be-Rb-La-Sn-Cs-Pb-Pr-Bi-Tm-Sr-Ti-Hf-Ir-Nb-Pd-Hg-Th-Np-Lu-Rh-Pu_0_15_12,phimage_Cu-Mn-Ni-Mo-Fe-Pt-Zn-Ca-Er-Au-Cd-Co-Gd-Na-Sm-Eu-Tb-V-Ag-Nd-U-Ba-Ce-K-Ga-Cr-Al-Li-Sc-Ru-In-Mg-Zr-Dy-W-Yb-Y-Ho-Re-Be-Rb-La-Sn-Cs-Pb-Pr-Bi-Tm-Sr-Ti-Hf-Ir-Nb-Pd-Hg-Th-Np-Lu-Rh-Pu_0_15_13,phimage_Cu-Mn-Ni-Mo-Fe-Pt-Zn-Ca-Er-Au-Cd-Co-Gd-Na-Sm-Eu-Tb-V-Ag-Nd-U-Ba-Ce-K-Ga-Cr-Al-Li-Sc-Ru-In-Mg-Zr-Dy-W-Yb-Y-Ho-Re-Be-Rb-La-Sn-Cs-Pb-Pr-Bi-Tm-Sr-Ti-Hf-Ir-Nb-Pd-Hg-Th-Np-Lu-Rh-Pu_0_15_14,phimage_Cu-Mn-Ni-Mo-Fe-Pt-Zn-Ca-Er-Au-Cd-Co-Gd-Na-Sm-Eu-Tb-V-Ag-Nd-U-Ba-Ce-K-Ga-Cr-Al-Li-Sc-Ru-In-Mg-Zr-Dy-W-Yb-Y-Ho-Re-Be-Rb-La-Sn-Cs-Pb-Pr-Bi-Tm-Sr-Ti-Hf-Ir-Nb-Pd-Hg-Th-Np-Lu-Rh-Pu_0_15_15,phimage_Cu-Mn-Ni-Mo-Fe-Pt-Zn-Ca-Er-Au-Cd-Co-Gd-Na-Sm-Eu-Tb-V-Ag-Nd-U-Ba-Ce-K-Ga-Cr-Al-Li-Sc-Ru-In-Mg-Zr-Dy-W-Yb-Y-Ho-Re-Be-Rb-La-Sn-Cs-Pb-Pr-Bi-Tm-Sr-Ti-Hf-Ir-Nb-Pd-Hg-Th-Np-Lu-Rh-Pu_0_15_16,phimage_Cu-Mn-Ni-Mo-Fe-Pt-Zn-Ca-Er-Au-Cd-Co-Gd-Na-Sm-Eu-Tb-V-Ag-Nd-U-Ba-Ce-K-Ga-Cr-Al-Li-Sc-Ru-In-Mg-Zr-Dy-W-Yb-Y-Ho-Re-Be-Rb-La-Sn-Cs-Pb-Pr-Bi-Tm-Sr-Ti-Hf-Ir-Nb-Pd-Hg-Th-Np-Lu-Rh-Pu_0_15_17,phimage_Cu-Mn-Ni-Mo-Fe-Pt-Zn-Ca-Er-Au-Cd-Co-Gd-Na-Sm-Eu-Tb-V-Ag-Nd-U-Ba-Ce-K-Ga-Cr-Al-Li-Sc-Ru-In-Mg-Zr-Dy-W-Yb-Y-Ho-Re-Be-Rb-La-Sn-Cs-Pb-Pr-Bi-Tm-Sr-Ti-Hf-Ir-Nb-Pd-Hg-Th-Np-Lu-Rh-Pu_0_15_18,phimage_Cu-Mn-Ni-Mo-Fe-Pt-Zn-Ca-Er-Au-Cd-Co-Gd-Na-Sm-Eu-Tb-V-Ag-Nd-U-Ba-Ce-K-Ga-Cr-Al-Li-Sc-Ru-In-Mg-Zr-Dy-W-Yb-Y-Ho-Re-Be-Rb-La-Sn-Cs-Pb-Pr-Bi-Tm-Sr-Ti-Hf-Ir-Nb-Pd-Hg-Th-Np-Lu-Rh-Pu_0_15_19,phimage_Cu-Mn-Ni-Mo-Fe-Pt-Zn-Ca-Er-Au-Cd-Co-Gd-Na-Sm-Eu-Tb-V-Ag-Nd-U-Ba-Ce-K-Ga-Cr-Al-Li-Sc-Ru-In-Mg-Zr-Dy-W-Yb-Y-Ho-Re-Be-Rb-La-Sn-Cs-Pb-Pr-Bi-Tm-Sr-Ti-Hf-Ir-Nb-Pd-Hg-Th-Np-Lu-Rh-Pu_0_16_0,phimage_Cu-Mn-Ni-Mo-Fe-Pt-Zn-Ca-Er-Au-Cd-Co-Gd-Na-Sm-Eu-Tb-V-Ag-Nd-U-Ba-Ce-K-Ga-Cr-Al-Li-Sc-Ru-In-Mg-Zr-Dy-W-Yb-Y-Ho-Re-Be-Rb-La-Sn-Cs-Pb-Pr-Bi-Tm-Sr-Ti-Hf-Ir-Nb-Pd-Hg-Th-Np-Lu-Rh-Pu_0_16_1,phimage_Cu-Mn-Ni-Mo-Fe-Pt-Zn-Ca-Er-Au-Cd-Co-Gd-Na-Sm-Eu-Tb-V-Ag-Nd-U-Ba-Ce-K-Ga-Cr-Al-Li-Sc-Ru-In-Mg-Zr-Dy-W-Yb-Y-Ho-Re-Be-Rb-La-Sn-Cs-Pb-Pr-Bi-Tm-Sr-Ti-Hf-Ir-Nb-Pd-Hg-Th-Np-Lu-Rh-Pu_0_16_2,phimage_Cu-Mn-Ni-Mo-Fe-Pt-Zn-Ca-Er-Au-Cd-Co-Gd-Na-Sm-Eu-Tb-V-Ag-Nd-U-Ba-Ce-K-Ga-Cr-Al-Li-Sc-Ru-In-Mg-Zr-Dy-W-Yb-Y-Ho-Re-Be-Rb-La-Sn-Cs-Pb-Pr-Bi-Tm-Sr-Ti-Hf-Ir-Nb-Pd-Hg-Th-Np-Lu-Rh-Pu_0_16_3,phimage_Cu-Mn-Ni-Mo-Fe-Pt-Zn-Ca-Er-Au-Cd-Co-Gd-Na-Sm-Eu-Tb-V-Ag-Nd-U-Ba-Ce-K-Ga-Cr-Al-Li-Sc-Ru-In-Mg-Zr-Dy-W-Yb-Y-Ho-Re-Be-Rb-La-Sn-Cs-Pb-Pr-Bi-Tm-Sr-Ti-Hf-Ir-Nb-Pd-Hg-Th-Np-Lu-Rh-Pu_0_16_4,phimage_Cu-Mn-Ni-Mo-Fe-Pt-Zn-Ca-Er-Au-Cd-Co-Gd-Na-Sm-Eu-Tb-V-Ag-Nd-U-Ba-Ce-K-Ga-Cr-Al-Li-Sc-Ru-In-Mg-Zr-Dy-W-Yb-Y-Ho-Re-Be-Rb-La-Sn-Cs-Pb-Pr-Bi-Tm-Sr-Ti-Hf-Ir-Nb-Pd-Hg-Th-Np-Lu-Rh-Pu_0_16_5,phimage_Cu-Mn-Ni-Mo-Fe-Pt-Zn-Ca-Er-Au-Cd-Co-Gd-Na-Sm-Eu-Tb-V-Ag-Nd-U-Ba-Ce-K-Ga-Cr-Al-Li-Sc-Ru-In-Mg-Zr-Dy-W-Yb-Y-Ho-Re-Be-Rb-La-Sn-Cs-Pb-Pr-Bi-Tm-Sr-Ti-Hf-Ir-Nb-Pd-Hg-Th-Np-Lu-Rh-Pu_0_16_6,phimage_Cu-Mn-Ni-Mo-Fe-Pt-Zn-Ca-Er-Au-Cd-Co-Gd-Na-Sm-Eu-Tb-V-Ag-Nd-U-Ba-Ce-K-Ga-Cr-Al-Li-Sc-Ru-In-Mg-Zr-Dy-W-Yb-Y-Ho-Re-Be-Rb-La-Sn-Cs-Pb-Pr-Bi-Tm-Sr-Ti-Hf-Ir-Nb-Pd-Hg-Th-Np-Lu-Rh-Pu_0_16_7,phimage_Cu-Mn-Ni-Mo-Fe-Pt-Zn-Ca-Er-Au-Cd-Co-Gd-Na-Sm-Eu-Tb-V-Ag-Nd-U-Ba-Ce-K-Ga-Cr-Al-Li-Sc-Ru-In-Mg-Zr-Dy-W-Yb-Y-Ho-Re-Be-Rb-La-Sn-Cs-Pb-Pr-Bi-Tm-Sr-Ti-Hf-Ir-Nb-Pd-Hg-Th-Np-Lu-Rh-Pu_0_16_8,phimage_Cu-Mn-Ni-Mo-Fe-Pt-Zn-Ca-Er-Au-Cd-Co-Gd-Na-Sm-Eu-Tb-V-Ag-Nd-U-Ba-Ce-K-Ga-Cr-Al-Li-Sc-Ru-In-Mg-Zr-Dy-W-Yb-Y-Ho-Re-Be-Rb-La-Sn-Cs-Pb-Pr-Bi-Tm-Sr-Ti-Hf-Ir-Nb-Pd-Hg-Th-Np-Lu-Rh-Pu_0_16_9,phimage_Cu-Mn-Ni-Mo-Fe-Pt-Zn-Ca-Er-Au-Cd-Co-Gd-Na-Sm-Eu-Tb-V-Ag-Nd-U-Ba-Ce-K-Ga-Cr-Al-Li-Sc-Ru-In-Mg-Zr-Dy-W-Yb-Y-Ho-Re-Be-Rb-La-Sn-Cs-Pb-Pr-Bi-Tm-Sr-Ti-Hf-Ir-Nb-Pd-Hg-Th-Np-Lu-Rh-Pu_0_16_10,phimage_Cu-Mn-Ni-Mo-Fe-Pt-Zn-Ca-Er-Au-Cd-Co-Gd-Na-Sm-Eu-Tb-V-Ag-Nd-U-Ba-Ce-K-Ga-Cr-Al-Li-Sc-Ru-In-Mg-Zr-Dy-W-Yb-Y-Ho-Re-Be-Rb-La-Sn-Cs-Pb-Pr-Bi-Tm-Sr-Ti-Hf-Ir-Nb-Pd-Hg-Th-Np-Lu-Rh-Pu_0_16_11,phimage_Cu-Mn-Ni-Mo-Fe-Pt-Zn-Ca-Er-Au-Cd-Co-Gd-Na-Sm-Eu-Tb-V-Ag-Nd-U-Ba-Ce-K-Ga-Cr-Al-Li-Sc-Ru-In-Mg-Zr-Dy-W-Yb-Y-Ho-Re-Be-Rb-La-Sn-Cs-Pb-Pr-Bi-Tm-Sr-Ti-Hf-Ir-Nb-Pd-Hg-Th-Np-Lu-Rh-Pu_0_16_12,phimage_Cu-Mn-Ni-Mo-Fe-Pt-Zn-Ca-Er-Au-Cd-Co-Gd-Na-Sm-Eu-Tb-V-Ag-Nd-U-Ba-Ce-K-Ga-Cr-Al-Li-Sc-Ru-In-Mg-Zr-Dy-W-Yb-Y-Ho-Re-Be-Rb-La-Sn-Cs-Pb-Pr-Bi-Tm-Sr-Ti-Hf-Ir-Nb-Pd-Hg-Th-Np-Lu-Rh-Pu_0_16_13,phimage_Cu-Mn-Ni-Mo-Fe-Pt-Zn-Ca-Er-Au-Cd-Co-Gd-Na-Sm-Eu-Tb-V-Ag-Nd-U-Ba-Ce-K-Ga-Cr-Al-Li-Sc-Ru-In-Mg-Zr-Dy-W-Yb-Y-Ho-Re-Be-Rb-La-Sn-Cs-Pb-Pr-Bi-Tm-Sr-Ti-Hf-Ir-Nb-Pd-Hg-Th-Np-Lu-Rh-Pu_0_16_14,phimage_Cu-Mn-Ni-Mo-Fe-Pt-Zn-Ca-Er-Au-Cd-Co-Gd-Na-Sm-Eu-Tb-V-Ag-Nd-U-Ba-Ce-K-Ga-Cr-Al-Li-Sc-Ru-In-Mg-Zr-Dy-W-Yb-Y-Ho-Re-Be-Rb-La-Sn-Cs-Pb-Pr-Bi-Tm-Sr-Ti-Hf-Ir-Nb-Pd-Hg-Th-Np-Lu-Rh-Pu_0_16_15,phimage_Cu-Mn-Ni-Mo-Fe-Pt-Zn-Ca-Er-Au-Cd-Co-Gd-Na-Sm-Eu-Tb-V-Ag-Nd-U-Ba-Ce-K-Ga-Cr-Al-Li-Sc-Ru-In-Mg-Zr-Dy-W-Yb-Y-Ho-Re-Be-Rb-La-Sn-Cs-Pb-Pr-Bi-Tm-Sr-Ti-Hf-Ir-Nb-Pd-Hg-Th-Np-Lu-Rh-Pu_0_16_16,phimage_Cu-Mn-Ni-Mo-Fe-Pt-Zn-Ca-Er-Au-Cd-Co-Gd-Na-Sm-Eu-Tb-V-Ag-Nd-U-Ba-Ce-K-Ga-Cr-Al-Li-Sc-Ru-In-Mg-Zr-Dy-W-Yb-Y-Ho-Re-Be-Rb-La-Sn-Cs-Pb-Pr-Bi-Tm-Sr-Ti-Hf-Ir-Nb-Pd-Hg-Th-Np-Lu-Rh-Pu_0_16_17,phimage_Cu-Mn-Ni-Mo-Fe-Pt-Zn-Ca-Er-Au-Cd-Co-Gd-Na-Sm-Eu-Tb-V-Ag-Nd-U-Ba-Ce-K-Ga-Cr-Al-Li-Sc-Ru-In-Mg-Zr-Dy-W-Yb-Y-Ho-Re-Be-Rb-La-Sn-Cs-Pb-Pr-Bi-Tm-Sr-Ti-Hf-Ir-Nb-Pd-Hg-Th-Np-Lu-Rh-Pu_0_16_18,phimage_Cu-Mn-Ni-Mo-Fe-Pt-Zn-Ca-Er-Au-Cd-Co-Gd-Na-Sm-Eu-Tb-V-Ag-Nd-U-Ba-Ce-K-Ga-Cr-Al-Li-Sc-Ru-In-Mg-Zr-Dy-W-Yb-Y-Ho-Re-Be-Rb-La-Sn-Cs-Pb-Pr-Bi-Tm-Sr-Ti-Hf-Ir-Nb-Pd-Hg-Th-Np-Lu-Rh-Pu_0_16_19,phimage_Cu-Mn-Ni-Mo-Fe-Pt-Zn-Ca-Er-Au-Cd-Co-Gd-Na-Sm-Eu-Tb-V-Ag-Nd-U-Ba-Ce-K-Ga-Cr-Al-Li-Sc-Ru-In-Mg-Zr-Dy-W-Yb-Y-Ho-Re-Be-Rb-La-Sn-Cs-Pb-Pr-Bi-Tm-Sr-Ti-Hf-Ir-Nb-Pd-Hg-Th-Np-Lu-Rh-Pu_0_17_0,phimage_Cu-Mn-Ni-Mo-Fe-Pt-Zn-Ca-Er-Au-Cd-Co-Gd-Na-Sm-Eu-Tb-V-Ag-Nd-U-Ba-Ce-K-Ga-Cr-Al-Li-Sc-Ru-In-Mg-Zr-Dy-W-Yb-Y-Ho-Re-Be-Rb-La-Sn-Cs-Pb-Pr-Bi-Tm-Sr-Ti-Hf-Ir-Nb-Pd-Hg-Th-Np-Lu-Rh-Pu_0_17_1,phimage_Cu-Mn-Ni-Mo-Fe-Pt-Zn-Ca-Er-Au-Cd-Co-Gd-Na-Sm-Eu-Tb-V-Ag-Nd-U-Ba-Ce-K-Ga-Cr-Al-Li-Sc-Ru-In-Mg-Zr-Dy-W-Yb-Y-Ho-Re-Be-Rb-La-Sn-Cs-Pb-Pr-Bi-Tm-Sr-Ti-Hf-Ir-Nb-Pd-Hg-Th-Np-Lu-Rh-Pu_0_17_2,phimage_Cu-Mn-Ni-Mo-Fe-Pt-Zn-Ca-Er-Au-Cd-Co-Gd-Na-Sm-Eu-Tb-V-Ag-Nd-U-Ba-Ce-K-Ga-Cr-Al-Li-Sc-Ru-In-Mg-Zr-Dy-W-Yb-Y-Ho-Re-Be-Rb-La-Sn-Cs-Pb-Pr-Bi-Tm-Sr-Ti-Hf-Ir-Nb-Pd-Hg-Th-Np-Lu-Rh-Pu_0_17_3,phimage_Cu-Mn-Ni-Mo-Fe-Pt-Zn-Ca-Er-Au-Cd-Co-Gd-Na-Sm-Eu-Tb-V-Ag-Nd-U-Ba-Ce-K-Ga-Cr-Al-Li-Sc-Ru-In-Mg-Zr-Dy-W-Yb-Y-Ho-Re-Be-Rb-La-Sn-Cs-Pb-Pr-Bi-Tm-Sr-Ti-Hf-Ir-Nb-Pd-Hg-Th-Np-Lu-Rh-Pu_0_17_4,phimage_Cu-Mn-Ni-Mo-Fe-Pt-Zn-Ca-Er-Au-Cd-Co-Gd-Na-Sm-Eu-Tb-V-Ag-Nd-U-Ba-Ce-K-Ga-Cr-Al-Li-Sc-Ru-In-Mg-Zr-Dy-W-Yb-Y-Ho-Re-Be-Rb-La-Sn-Cs-Pb-Pr-Bi-Tm-Sr-Ti-Hf-Ir-Nb-Pd-Hg-Th-Np-Lu-Rh-Pu_0_17_5,phimage_Cu-Mn-Ni-Mo-Fe-Pt-Zn-Ca-Er-Au-Cd-Co-Gd-Na-Sm-Eu-Tb-V-Ag-Nd-U-Ba-Ce-K-Ga-Cr-Al-Li-Sc-Ru-In-Mg-Zr-Dy-W-Yb-Y-Ho-Re-Be-Rb-La-Sn-Cs-Pb-Pr-Bi-Tm-Sr-Ti-Hf-Ir-Nb-Pd-Hg-Th-Np-Lu-Rh-Pu_0_17_6,phimage_Cu-Mn-Ni-Mo-Fe-Pt-Zn-Ca-Er-Au-Cd-Co-Gd-Na-Sm-Eu-Tb-V-Ag-Nd-U-Ba-Ce-K-Ga-Cr-Al-Li-Sc-Ru-In-Mg-Zr-Dy-W-Yb-Y-Ho-Re-Be-Rb-La-Sn-Cs-Pb-Pr-Bi-Tm-Sr-Ti-Hf-Ir-Nb-Pd-Hg-Th-Np-Lu-Rh-Pu_0_17_7,phimage_Cu-Mn-Ni-Mo-Fe-Pt-Zn-Ca-Er-Au-Cd-Co-Gd-Na-Sm-Eu-Tb-V-Ag-Nd-U-Ba-Ce-K-Ga-Cr-Al-Li-Sc-Ru-In-Mg-Zr-Dy-W-Yb-Y-Ho-Re-Be-Rb-La-Sn-Cs-Pb-Pr-Bi-Tm-Sr-Ti-Hf-Ir-Nb-Pd-Hg-Th-Np-Lu-Rh-Pu_0_17_8,phimage_Cu-Mn-Ni-Mo-Fe-Pt-Zn-Ca-Er-Au-Cd-Co-Gd-Na-Sm-Eu-Tb-V-Ag-Nd-U-Ba-Ce-K-Ga-Cr-Al-Li-Sc-Ru-In-Mg-Zr-Dy-W-Yb-Y-Ho-Re-Be-Rb-La-Sn-Cs-Pb-Pr-Bi-Tm-Sr-Ti-Hf-Ir-Nb-Pd-Hg-Th-Np-Lu-Rh-Pu_0_17_9,phimage_Cu-Mn-Ni-Mo-Fe-Pt-Zn-Ca-Er-Au-Cd-Co-Gd-Na-Sm-Eu-Tb-V-Ag-Nd-U-Ba-Ce-K-Ga-Cr-Al-Li-Sc-Ru-In-Mg-Zr-Dy-W-Yb-Y-Ho-Re-Be-Rb-La-Sn-Cs-Pb-Pr-Bi-Tm-Sr-Ti-Hf-Ir-Nb-Pd-Hg-Th-Np-Lu-Rh-Pu_0_17_10,phimage_Cu-Mn-Ni-Mo-Fe-Pt-Zn-Ca-Er-Au-Cd-Co-Gd-Na-Sm-Eu-Tb-V-Ag-Nd-U-Ba-Ce-K-Ga-Cr-Al-Li-Sc-Ru-In-Mg-Zr-Dy-W-Yb-Y-Ho-Re-Be-Rb-La-Sn-Cs-Pb-Pr-Bi-Tm-Sr-Ti-Hf-Ir-Nb-Pd-Hg-Th-Np-Lu-Rh-Pu_0_17_11,phimage_Cu-Mn-Ni-Mo-Fe-Pt-Zn-Ca-Er-Au-Cd-Co-Gd-Na-Sm-Eu-Tb-V-Ag-Nd-U-Ba-Ce-K-Ga-Cr-Al-Li-Sc-Ru-In-Mg-Zr-Dy-W-Yb-Y-Ho-Re-Be-Rb-La-Sn-Cs-Pb-Pr-Bi-Tm-Sr-Ti-Hf-Ir-Nb-Pd-Hg-Th-Np-Lu-Rh-Pu_0_17_12,phimage_Cu-Mn-Ni-Mo-Fe-Pt-Zn-Ca-Er-Au-Cd-Co-Gd-Na-Sm-Eu-Tb-V-Ag-Nd-U-Ba-Ce-K-Ga-Cr-Al-Li-Sc-Ru-In-Mg-Zr-Dy-W-Yb-Y-Ho-Re-Be-Rb-La-Sn-Cs-Pb-Pr-Bi-Tm-Sr-Ti-Hf-Ir-Nb-Pd-Hg-Th-Np-Lu-Rh-Pu_0_17_13,phimage_Cu-Mn-Ni-Mo-Fe-Pt-Zn-Ca-Er-Au-Cd-Co-Gd-Na-Sm-Eu-Tb-V-Ag-Nd-U-Ba-Ce-K-Ga-Cr-Al-Li-Sc-Ru-In-Mg-Zr-Dy-W-Yb-Y-Ho-Re-Be-Rb-La-Sn-Cs-Pb-Pr-Bi-Tm-Sr-Ti-Hf-Ir-Nb-Pd-Hg-Th-Np-Lu-Rh-Pu_0_17_14,phimage_Cu-Mn-Ni-Mo-Fe-Pt-Zn-Ca-Er-Au-Cd-Co-Gd-Na-Sm-Eu-Tb-V-Ag-Nd-U-Ba-Ce-K-Ga-Cr-Al-Li-Sc-Ru-In-Mg-Zr-Dy-W-Yb-Y-Ho-Re-Be-Rb-La-Sn-Cs-Pb-Pr-Bi-Tm-Sr-Ti-Hf-Ir-Nb-Pd-Hg-Th-Np-Lu-Rh-Pu_0_17_15,phimage_Cu-Mn-Ni-Mo-Fe-Pt-Zn-Ca-Er-Au-Cd-Co-Gd-Na-Sm-Eu-Tb-V-Ag-Nd-U-Ba-Ce-K-Ga-Cr-Al-Li-Sc-Ru-In-Mg-Zr-Dy-W-Yb-Y-Ho-Re-Be-Rb-La-Sn-Cs-Pb-Pr-Bi-Tm-Sr-Ti-Hf-Ir-Nb-Pd-Hg-Th-Np-Lu-Rh-Pu_0_17_16,phimage_Cu-Mn-Ni-Mo-Fe-Pt-Zn-Ca-Er-Au-Cd-Co-Gd-Na-Sm-Eu-Tb-V-Ag-Nd-U-Ba-Ce-K-Ga-Cr-Al-Li-Sc-Ru-In-Mg-Zr-Dy-W-Yb-Y-Ho-Re-Be-Rb-La-Sn-Cs-Pb-Pr-Bi-Tm-Sr-Ti-Hf-Ir-Nb-Pd-Hg-Th-Np-Lu-Rh-Pu_0_17_17,phimage_Cu-Mn-Ni-Mo-Fe-Pt-Zn-Ca-Er-Au-Cd-Co-Gd-Na-Sm-Eu-Tb-V-Ag-Nd-U-Ba-Ce-K-Ga-Cr-Al-Li-Sc-Ru-In-Mg-Zr-Dy-W-Yb-Y-Ho-Re-Be-Rb-La-Sn-Cs-Pb-Pr-Bi-Tm-Sr-Ti-Hf-Ir-Nb-Pd-Hg-Th-Np-Lu-Rh-Pu_0_17_18,phimage_Cu-Mn-Ni-Mo-Fe-Pt-Zn-Ca-Er-Au-Cd-Co-Gd-Na-Sm-Eu-Tb-V-Ag-Nd-U-Ba-Ce-K-Ga-Cr-Al-Li-Sc-Ru-In-Mg-Zr-Dy-W-Yb-Y-Ho-Re-Be-Rb-La-Sn-Cs-Pb-Pr-Bi-Tm-Sr-Ti-Hf-Ir-Nb-Pd-Hg-Th-Np-Lu-Rh-Pu_0_17_19,phimage_Cu-Mn-Ni-Mo-Fe-Pt-Zn-Ca-Er-Au-Cd-Co-Gd-Na-Sm-Eu-Tb-V-Ag-Nd-U-Ba-Ce-K-Ga-Cr-Al-Li-Sc-Ru-In-Mg-Zr-Dy-W-Yb-Y-Ho-Re-Be-Rb-La-Sn-Cs-Pb-Pr-Bi-Tm-Sr-Ti-Hf-Ir-Nb-Pd-Hg-Th-Np-Lu-Rh-Pu_0_18_0,phimage_Cu-Mn-Ni-Mo-Fe-Pt-Zn-Ca-Er-Au-Cd-Co-Gd-Na-Sm-Eu-Tb-V-Ag-Nd-U-Ba-Ce-K-Ga-Cr-Al-Li-Sc-Ru-In-Mg-Zr-Dy-W-Yb-Y-Ho-Re-Be-Rb-La-Sn-Cs-Pb-Pr-Bi-Tm-Sr-Ti-Hf-Ir-Nb-Pd-Hg-Th-Np-Lu-Rh-Pu_0_18_1,phimage_Cu-Mn-Ni-Mo-Fe-Pt-Zn-Ca-Er-Au-Cd-Co-Gd-Na-Sm-Eu-Tb-V-Ag-Nd-U-Ba-Ce-K-Ga-Cr-Al-Li-Sc-Ru-In-Mg-Zr-Dy-W-Yb-Y-Ho-Re-Be-Rb-La-Sn-Cs-Pb-Pr-Bi-Tm-Sr-Ti-Hf-Ir-Nb-Pd-Hg-Th-Np-Lu-Rh-Pu_0_18_2,phimage_Cu-Mn-Ni-Mo-Fe-Pt-Zn-Ca-Er-Au-Cd-Co-Gd-Na-Sm-Eu-Tb-V-Ag-Nd-U-Ba-Ce-K-Ga-Cr-Al-Li-Sc-Ru-In-Mg-Zr-Dy-W-Yb-Y-Ho-Re-Be-Rb-La-Sn-Cs-Pb-Pr-Bi-Tm-Sr-Ti-Hf-Ir-Nb-Pd-Hg-Th-Np-Lu-Rh-Pu_0_18_3,phimage_Cu-Mn-Ni-Mo-Fe-Pt-Zn-Ca-Er-Au-Cd-Co-Gd-Na-Sm-Eu-Tb-V-Ag-Nd-U-Ba-Ce-K-Ga-Cr-Al-Li-Sc-Ru-In-Mg-Zr-Dy-W-Yb-Y-Ho-Re-Be-Rb-La-Sn-Cs-Pb-Pr-Bi-Tm-Sr-Ti-Hf-Ir-Nb-Pd-Hg-Th-Np-Lu-Rh-Pu_0_18_4,phimage_Cu-Mn-Ni-Mo-Fe-Pt-Zn-Ca-Er-Au-Cd-Co-Gd-Na-Sm-Eu-Tb-V-Ag-Nd-U-Ba-Ce-K-Ga-Cr-Al-Li-Sc-Ru-In-Mg-Zr-Dy-W-Yb-Y-Ho-Re-Be-Rb-La-Sn-Cs-Pb-Pr-Bi-Tm-Sr-Ti-Hf-Ir-Nb-Pd-Hg-Th-Np-Lu-Rh-Pu_0_18_5,phimage_Cu-Mn-Ni-Mo-Fe-Pt-Zn-Ca-Er-Au-Cd-Co-Gd-Na-Sm-Eu-Tb-V-Ag-Nd-U-Ba-Ce-K-Ga-Cr-Al-Li-Sc-Ru-In-Mg-Zr-Dy-W-Yb-Y-Ho-Re-Be-Rb-La-Sn-Cs-Pb-Pr-Bi-Tm-Sr-Ti-Hf-Ir-Nb-Pd-Hg-Th-Np-Lu-Rh-Pu_0_18_6,phimage_Cu-Mn-Ni-Mo-Fe-Pt-Zn-Ca-Er-Au-Cd-Co-Gd-Na-Sm-Eu-Tb-V-Ag-Nd-U-Ba-Ce-K-Ga-Cr-Al-Li-Sc-Ru-In-Mg-Zr-Dy-W-Yb-Y-Ho-Re-Be-Rb-La-Sn-Cs-Pb-Pr-Bi-Tm-Sr-Ti-Hf-Ir-Nb-Pd-Hg-Th-Np-Lu-Rh-Pu_0_18_7,phimage_Cu-Mn-Ni-Mo-Fe-Pt-Zn-Ca-Er-Au-Cd-Co-Gd-Na-Sm-Eu-Tb-V-Ag-Nd-U-Ba-Ce-K-Ga-Cr-Al-Li-Sc-Ru-In-Mg-Zr-Dy-W-Yb-Y-Ho-Re-Be-Rb-La-Sn-Cs-Pb-Pr-Bi-Tm-Sr-Ti-Hf-Ir-Nb-Pd-Hg-Th-Np-Lu-Rh-Pu_0_18_8,phimage_Cu-Mn-Ni-Mo-Fe-Pt-Zn-Ca-Er-Au-Cd-Co-Gd-Na-Sm-Eu-Tb-V-Ag-Nd-U-Ba-Ce-K-Ga-Cr-Al-Li-Sc-Ru-In-Mg-Zr-Dy-W-Yb-Y-Ho-Re-Be-Rb-La-Sn-Cs-Pb-Pr-Bi-Tm-Sr-Ti-Hf-Ir-Nb-Pd-Hg-Th-Np-Lu-Rh-Pu_0_18_9,phimage_Cu-Mn-Ni-Mo-Fe-Pt-Zn-Ca-Er-Au-Cd-Co-Gd-Na-Sm-Eu-Tb-V-Ag-Nd-U-Ba-Ce-K-Ga-Cr-Al-Li-Sc-Ru-In-Mg-Zr-Dy-W-Yb-Y-Ho-Re-Be-Rb-La-Sn-Cs-Pb-Pr-Bi-Tm-Sr-Ti-Hf-Ir-Nb-Pd-Hg-Th-Np-Lu-Rh-Pu_0_18_10,phimage_Cu-Mn-Ni-Mo-Fe-Pt-Zn-Ca-Er-Au-Cd-Co-Gd-Na-Sm-Eu-Tb-V-Ag-Nd-U-Ba-Ce-K-Ga-Cr-Al-Li-Sc-Ru-In-Mg-Zr-Dy-W-Yb-Y-Ho-Re-Be-Rb-La-Sn-Cs-Pb-Pr-Bi-Tm-Sr-Ti-Hf-Ir-Nb-Pd-Hg-Th-Np-Lu-Rh-Pu_0_18_11,phimage_Cu-Mn-Ni-Mo-Fe-Pt-Zn-Ca-Er-Au-Cd-Co-Gd-Na-Sm-Eu-Tb-V-Ag-Nd-U-Ba-Ce-K-Ga-Cr-Al-Li-Sc-Ru-In-Mg-Zr-Dy-W-Yb-Y-Ho-Re-Be-Rb-La-Sn-Cs-Pb-Pr-Bi-Tm-Sr-Ti-Hf-Ir-Nb-Pd-Hg-Th-Np-Lu-Rh-Pu_0_18_12,phimage_Cu-Mn-Ni-Mo-Fe-Pt-Zn-Ca-Er-Au-Cd-Co-Gd-Na-Sm-Eu-Tb-V-Ag-Nd-U-Ba-Ce-K-Ga-Cr-Al-Li-Sc-Ru-In-Mg-Zr-Dy-W-Yb-Y-Ho-Re-Be-Rb-La-Sn-Cs-Pb-Pr-Bi-Tm-Sr-Ti-Hf-Ir-Nb-Pd-Hg-Th-Np-Lu-Rh-Pu_0_18_13,phimage_Cu-Mn-Ni-Mo-Fe-Pt-Zn-Ca-Er-Au-Cd-Co-Gd-Na-Sm-Eu-Tb-V-Ag-Nd-U-Ba-Ce-K-Ga-Cr-Al-Li-Sc-Ru-In-Mg-Zr-Dy-W-Yb-Y-Ho-Re-Be-Rb-La-Sn-Cs-Pb-Pr-Bi-Tm-Sr-Ti-Hf-Ir-Nb-Pd-Hg-Th-Np-Lu-Rh-Pu_0_18_14,phimage_Cu-Mn-Ni-Mo-Fe-Pt-Zn-Ca-Er-Au-Cd-Co-Gd-Na-Sm-Eu-Tb-V-Ag-Nd-U-Ba-Ce-K-Ga-Cr-Al-Li-Sc-Ru-In-Mg-Zr-Dy-W-Yb-Y-Ho-Re-Be-Rb-La-Sn-Cs-Pb-Pr-Bi-Tm-Sr-Ti-Hf-Ir-Nb-Pd-Hg-Th-Np-Lu-Rh-Pu_0_18_15,phimage_Cu-Mn-Ni-Mo-Fe-Pt-Zn-Ca-Er-Au-Cd-Co-Gd-Na-Sm-Eu-Tb-V-Ag-Nd-U-Ba-Ce-K-Ga-Cr-Al-Li-Sc-Ru-In-Mg-Zr-Dy-W-Yb-Y-Ho-Re-Be-Rb-La-Sn-Cs-Pb-Pr-Bi-Tm-Sr-Ti-Hf-Ir-Nb-Pd-Hg-Th-Np-Lu-Rh-Pu_0_18_16,phimage_Cu-Mn-Ni-Mo-Fe-Pt-Zn-Ca-Er-Au-Cd-Co-Gd-Na-Sm-Eu-Tb-V-Ag-Nd-U-Ba-Ce-K-Ga-Cr-Al-Li-Sc-Ru-In-Mg-Zr-Dy-W-Yb-Y-Ho-Re-Be-Rb-La-Sn-Cs-Pb-Pr-Bi-Tm-Sr-Ti-Hf-Ir-Nb-Pd-Hg-Th-Np-Lu-Rh-Pu_0_18_17,phimage_Cu-Mn-Ni-Mo-Fe-Pt-Zn-Ca-Er-Au-Cd-Co-Gd-Na-Sm-Eu-Tb-V-Ag-Nd-U-Ba-Ce-K-Ga-Cr-Al-Li-Sc-Ru-In-Mg-Zr-Dy-W-Yb-Y-Ho-Re-Be-Rb-La-Sn-Cs-Pb-Pr-Bi-Tm-Sr-Ti-Hf-Ir-Nb-Pd-Hg-Th-Np-Lu-Rh-Pu_0_18_18,phimage_Cu-Mn-Ni-Mo-Fe-Pt-Zn-Ca-Er-Au-Cd-Co-Gd-Na-Sm-Eu-Tb-V-Ag-Nd-U-Ba-Ce-K-Ga-Cr-Al-Li-Sc-Ru-In-Mg-Zr-Dy-W-Yb-Y-Ho-Re-Be-Rb-La-Sn-Cs-Pb-Pr-Bi-Tm-Sr-Ti-Hf-Ir-Nb-Pd-Hg-Th-Np-Lu-Rh-Pu_0_18_19,phimage_Cu-Mn-Ni-Mo-Fe-Pt-Zn-Ca-Er-Au-Cd-Co-Gd-Na-Sm-Eu-Tb-V-Ag-Nd-U-Ba-Ce-K-Ga-Cr-Al-Li-Sc-Ru-In-Mg-Zr-Dy-W-Yb-Y-Ho-Re-Be-Rb-La-Sn-Cs-Pb-Pr-Bi-Tm-Sr-Ti-Hf-Ir-Nb-Pd-Hg-Th-Np-Lu-Rh-Pu_0_19_0,phimage_Cu-Mn-Ni-Mo-Fe-Pt-Zn-Ca-Er-Au-Cd-Co-Gd-Na-Sm-Eu-Tb-V-Ag-Nd-U-Ba-Ce-K-Ga-Cr-Al-Li-Sc-Ru-In-Mg-Zr-Dy-W-Yb-Y-Ho-Re-Be-Rb-La-Sn-Cs-Pb-Pr-Bi-Tm-Sr-Ti-Hf-Ir-Nb-Pd-Hg-Th-Np-Lu-Rh-Pu_0_19_1,phimage_Cu-Mn-Ni-Mo-Fe-Pt-Zn-Ca-Er-Au-Cd-Co-Gd-Na-Sm-Eu-Tb-V-Ag-Nd-U-Ba-Ce-K-Ga-Cr-Al-Li-Sc-Ru-In-Mg-Zr-Dy-W-Yb-Y-Ho-Re-Be-Rb-La-Sn-Cs-Pb-Pr-Bi-Tm-Sr-Ti-Hf-Ir-Nb-Pd-Hg-Th-Np-Lu-Rh-Pu_0_19_2,phimage_Cu-Mn-Ni-Mo-Fe-Pt-Zn-Ca-Er-Au-Cd-Co-Gd-Na-Sm-Eu-Tb-V-Ag-Nd-U-Ba-Ce-K-Ga-Cr-Al-Li-Sc-Ru-In-Mg-Zr-Dy-W-Yb-Y-Ho-Re-Be-Rb-La-Sn-Cs-Pb-Pr-Bi-Tm-Sr-Ti-Hf-Ir-Nb-Pd-Hg-Th-Np-Lu-Rh-Pu_0_19_3,phimage_Cu-Mn-Ni-Mo-Fe-Pt-Zn-Ca-Er-Au-Cd-Co-Gd-Na-Sm-Eu-Tb-V-Ag-Nd-U-Ba-Ce-K-Ga-Cr-Al-Li-Sc-Ru-In-Mg-Zr-Dy-W-Yb-Y-Ho-Re-Be-Rb-La-Sn-Cs-Pb-Pr-Bi-Tm-Sr-Ti-Hf-Ir-Nb-Pd-Hg-Th-Np-Lu-Rh-Pu_0_19_4,phimage_Cu-Mn-Ni-Mo-Fe-Pt-Zn-Ca-Er-Au-Cd-Co-Gd-Na-Sm-Eu-Tb-V-Ag-Nd-U-Ba-Ce-K-Ga-Cr-Al-Li-Sc-Ru-In-Mg-Zr-Dy-W-Yb-Y-Ho-Re-Be-Rb-La-Sn-Cs-Pb-Pr-Bi-Tm-Sr-Ti-Hf-Ir-Nb-Pd-Hg-Th-Np-Lu-Rh-Pu_0_19_5,phimage_Cu-Mn-Ni-Mo-Fe-Pt-Zn-Ca-Er-Au-Cd-Co-Gd-Na-Sm-Eu-Tb-V-Ag-Nd-U-Ba-Ce-K-Ga-Cr-Al-Li-Sc-Ru-In-Mg-Zr-Dy-W-Yb-Y-Ho-Re-Be-Rb-La-Sn-Cs-Pb-Pr-Bi-Tm-Sr-Ti-Hf-Ir-Nb-Pd-Hg-Th-Np-Lu-Rh-Pu_0_19_6,phimage_Cu-Mn-Ni-Mo-Fe-Pt-Zn-Ca-Er-Au-Cd-Co-Gd-Na-Sm-Eu-Tb-V-Ag-Nd-U-Ba-Ce-K-Ga-Cr-Al-Li-Sc-Ru-In-Mg-Zr-Dy-W-Yb-Y-Ho-Re-Be-Rb-La-Sn-Cs-Pb-Pr-Bi-Tm-Sr-Ti-Hf-Ir-Nb-Pd-Hg-Th-Np-Lu-Rh-Pu_0_19_7,phimage_Cu-Mn-Ni-Mo-Fe-Pt-Zn-Ca-Er-Au-Cd-Co-Gd-Na-Sm-Eu-Tb-V-Ag-Nd-U-Ba-Ce-K-Ga-Cr-Al-Li-Sc-Ru-In-Mg-Zr-Dy-W-Yb-Y-Ho-Re-Be-Rb-La-Sn-Cs-Pb-Pr-Bi-Tm-Sr-Ti-Hf-Ir-Nb-Pd-Hg-Th-Np-Lu-Rh-Pu_0_19_8,phimage_Cu-Mn-Ni-Mo-Fe-Pt-Zn-Ca-Er-Au-Cd-Co-Gd-Na-Sm-Eu-Tb-V-Ag-Nd-U-Ba-Ce-K-Ga-Cr-Al-Li-Sc-Ru-In-Mg-Zr-Dy-W-Yb-Y-Ho-Re-Be-Rb-La-Sn-Cs-Pb-Pr-Bi-Tm-Sr-Ti-Hf-Ir-Nb-Pd-Hg-Th-Np-Lu-Rh-Pu_0_19_9,phimage_Cu-Mn-Ni-Mo-Fe-Pt-Zn-Ca-Er-Au-Cd-Co-Gd-Na-Sm-Eu-Tb-V-Ag-Nd-U-Ba-Ce-K-Ga-Cr-Al-Li-Sc-Ru-In-Mg-Zr-Dy-W-Yb-Y-Ho-Re-Be-Rb-La-Sn-Cs-Pb-Pr-Bi-Tm-Sr-Ti-Hf-Ir-Nb-Pd-Hg-Th-Np-Lu-Rh-Pu_0_19_10,phimage_Cu-Mn-Ni-Mo-Fe-Pt-Zn-Ca-Er-Au-Cd-Co-Gd-Na-Sm-Eu-Tb-V-Ag-Nd-U-Ba-Ce-K-Ga-Cr-Al-Li-Sc-Ru-In-Mg-Zr-Dy-W-Yb-Y-Ho-Re-Be-Rb-La-Sn-Cs-Pb-Pr-Bi-Tm-Sr-Ti-Hf-Ir-Nb-Pd-Hg-Th-Np-Lu-Rh-Pu_0_19_11,phimage_Cu-Mn-Ni-Mo-Fe-Pt-Zn-Ca-Er-Au-Cd-Co-Gd-Na-Sm-Eu-Tb-V-Ag-Nd-U-Ba-Ce-K-Ga-Cr-Al-Li-Sc-Ru-In-Mg-Zr-Dy-W-Yb-Y-Ho-Re-Be-Rb-La-Sn-Cs-Pb-Pr-Bi-Tm-Sr-Ti-Hf-Ir-Nb-Pd-Hg-Th-Np-Lu-Rh-Pu_0_19_12,phimage_Cu-Mn-Ni-Mo-Fe-Pt-Zn-Ca-Er-Au-Cd-Co-Gd-Na-Sm-Eu-Tb-V-Ag-Nd-U-Ba-Ce-K-Ga-Cr-Al-Li-Sc-Ru-In-Mg-Zr-Dy-W-Yb-Y-Ho-Re-Be-Rb-La-Sn-Cs-Pb-Pr-Bi-Tm-Sr-Ti-Hf-Ir-Nb-Pd-Hg-Th-Np-Lu-Rh-Pu_0_19_13,phimage_Cu-Mn-Ni-Mo-Fe-Pt-Zn-Ca-Er-Au-Cd-Co-Gd-Na-Sm-Eu-Tb-V-Ag-Nd-U-Ba-Ce-K-Ga-Cr-Al-Li-Sc-Ru-In-Mg-Zr-Dy-W-Yb-Y-Ho-Re-Be-Rb-La-Sn-Cs-Pb-Pr-Bi-Tm-Sr-Ti-Hf-Ir-Nb-Pd-Hg-Th-Np-Lu-Rh-Pu_0_19_14,phimage_Cu-Mn-Ni-Mo-Fe-Pt-Zn-Ca-Er-Au-Cd-Co-Gd-Na-Sm-Eu-Tb-V-Ag-Nd-U-Ba-Ce-K-Ga-Cr-Al-Li-Sc-Ru-In-Mg-Zr-Dy-W-Yb-Y-Ho-Re-Be-Rb-La-Sn-Cs-Pb-Pr-Bi-Tm-Sr-Ti-Hf-Ir-Nb-Pd-Hg-Th-Np-Lu-Rh-Pu_0_19_15,phimage_Cu-Mn-Ni-Mo-Fe-Pt-Zn-Ca-Er-Au-Cd-Co-Gd-Na-Sm-Eu-Tb-V-Ag-Nd-U-Ba-Ce-K-Ga-Cr-Al-Li-Sc-Ru-In-Mg-Zr-Dy-W-Yb-Y-Ho-Re-Be-Rb-La-Sn-Cs-Pb-Pr-Bi-Tm-Sr-Ti-Hf-Ir-Nb-Pd-Hg-Th-Np-Lu-Rh-Pu_0_19_16,phimage_Cu-Mn-Ni-Mo-Fe-Pt-Zn-Ca-Er-Au-Cd-Co-Gd-Na-Sm-Eu-Tb-V-Ag-Nd-U-Ba-Ce-K-Ga-Cr-Al-Li-Sc-Ru-In-Mg-Zr-Dy-W-Yb-Y-Ho-Re-Be-Rb-La-Sn-Cs-Pb-Pr-Bi-Tm-Sr-Ti-Hf-Ir-Nb-Pd-Hg-Th-Np-Lu-Rh-Pu_0_19_17,phimage_Cu-Mn-Ni-Mo-Fe-Pt-Zn-Ca-Er-Au-Cd-Co-Gd-Na-Sm-Eu-Tb-V-Ag-Nd-U-Ba-Ce-K-Ga-Cr-Al-Li-Sc-Ru-In-Mg-Zr-Dy-W-Yb-Y-Ho-Re-Be-Rb-La-Sn-Cs-Pb-Pr-Bi-Tm-Sr-Ti-Hf-Ir-Nb-Pd-Hg-Th-Np-Lu-Rh-Pu_0_19_18,phimage_Cu-Mn-Ni-Mo-Fe-Pt-Zn-Ca-Er-Au-Cd-Co-Gd-Na-Sm-Eu-Tb-V-Ag-Nd-U-Ba-Ce-K-Ga-Cr-Al-Li-Sc-Ru-In-Mg-Zr-Dy-W-Yb-Y-Ho-Re-Be-Rb-La-Sn-Cs-Pb-Pr-Bi-Tm-Sr-Ti-Hf-Ir-Nb-Pd-Hg-Th-Np-Lu-Rh-Pu_0_19_19,phimage_Cu-Mn-Ni-Mo-Fe-Pt-Zn-Ca-Er-Au-Cd-Co-Gd-Na-Sm-Eu-Tb-V-Ag-Nd-U-Ba-Ce-K-Ga-Cr-Al-Li-Sc-Ru-In-Mg-Zr-Dy-W-Yb-Y-Ho-Re-Be-Rb-La-Sn-Cs-Pb-Pr-Bi-Tm-Sr-Ti-Hf-Ir-Nb-Pd-Hg-Th-Np-Lu-Rh-Pu_1_0_0,phimage_Cu-Mn-Ni-Mo-Fe-Pt-Zn-Ca-Er-Au-Cd-Co-Gd-Na-Sm-Eu-Tb-V-Ag-Nd-U-Ba-Ce-K-Ga-Cr-Al-Li-Sc-Ru-In-Mg-Zr-Dy-W-Yb-Y-Ho-Re-Be-Rb-La-Sn-Cs-Pb-Pr-Bi-Tm-Sr-Ti-Hf-Ir-Nb-Pd-Hg-Th-Np-Lu-Rh-Pu_1_0_1,phimage_Cu-Mn-Ni-Mo-Fe-Pt-Zn-Ca-Er-Au-Cd-Co-Gd-Na-Sm-Eu-Tb-V-Ag-Nd-U-Ba-Ce-K-Ga-Cr-Al-Li-Sc-Ru-In-Mg-Zr-Dy-W-Yb-Y-Ho-Re-Be-Rb-La-Sn-Cs-Pb-Pr-Bi-Tm-Sr-Ti-Hf-Ir-Nb-Pd-Hg-Th-Np-Lu-Rh-Pu_1_0_2,phimage_Cu-Mn-Ni-Mo-Fe-Pt-Zn-Ca-Er-Au-Cd-Co-Gd-Na-Sm-Eu-Tb-V-Ag-Nd-U-Ba-Ce-K-Ga-Cr-Al-Li-Sc-Ru-In-Mg-Zr-Dy-W-Yb-Y-Ho-Re-Be-Rb-La-Sn-Cs-Pb-Pr-Bi-Tm-Sr-Ti-Hf-Ir-Nb-Pd-Hg-Th-Np-Lu-Rh-Pu_1_0_3,phimage_Cu-Mn-Ni-Mo-Fe-Pt-Zn-Ca-Er-Au-Cd-Co-Gd-Na-Sm-Eu-Tb-V-Ag-Nd-U-Ba-Ce-K-Ga-Cr-Al-Li-Sc-Ru-In-Mg-Zr-Dy-W-Yb-Y-Ho-Re-Be-Rb-La-Sn-Cs-Pb-Pr-Bi-Tm-Sr-Ti-Hf-Ir-Nb-Pd-Hg-Th-Np-Lu-Rh-Pu_1_0_4,phimage_Cu-Mn-Ni-Mo-Fe-Pt-Zn-Ca-Er-Au-Cd-Co-Gd-Na-Sm-Eu-Tb-V-Ag-Nd-U-Ba-Ce-K-Ga-Cr-Al-Li-Sc-Ru-In-Mg-Zr-Dy-W-Yb-Y-Ho-Re-Be-Rb-La-Sn-Cs-Pb-Pr-Bi-Tm-Sr-Ti-Hf-Ir-Nb-Pd-Hg-Th-Np-Lu-Rh-Pu_1_0_5,phimage_Cu-Mn-Ni-Mo-Fe-Pt-Zn-Ca-Er-Au-Cd-Co-Gd-Na-Sm-Eu-Tb-V-Ag-Nd-U-Ba-Ce-K-Ga-Cr-Al-Li-Sc-Ru-In-Mg-Zr-Dy-W-Yb-Y-Ho-Re-Be-Rb-La-Sn-Cs-Pb-Pr-Bi-Tm-Sr-Ti-Hf-Ir-Nb-Pd-Hg-Th-Np-Lu-Rh-Pu_1_0_6,phimage_Cu-Mn-Ni-Mo-Fe-Pt-Zn-Ca-Er-Au-Cd-Co-Gd-Na-Sm-Eu-Tb-V-Ag-Nd-U-Ba-Ce-K-Ga-Cr-Al-Li-Sc-Ru-In-Mg-Zr-Dy-W-Yb-Y-Ho-Re-Be-Rb-La-Sn-Cs-Pb-Pr-Bi-Tm-Sr-Ti-Hf-Ir-Nb-Pd-Hg-Th-Np-Lu-Rh-Pu_1_0_7,phimage_Cu-Mn-Ni-Mo-Fe-Pt-Zn-Ca-Er-Au-Cd-Co-Gd-Na-Sm-Eu-Tb-V-Ag-Nd-U-Ba-Ce-K-Ga-Cr-Al-Li-Sc-Ru-In-Mg-Zr-Dy-W-Yb-Y-Ho-Re-Be-Rb-La-Sn-Cs-Pb-Pr-Bi-Tm-Sr-Ti-Hf-Ir-Nb-Pd-Hg-Th-Np-Lu-Rh-Pu_1_0_8,phimage_Cu-Mn-Ni-Mo-Fe-Pt-Zn-Ca-Er-Au-Cd-Co-Gd-Na-Sm-Eu-Tb-V-Ag-Nd-U-Ba-Ce-K-Ga-Cr-Al-Li-Sc-Ru-In-Mg-Zr-Dy-W-Yb-Y-Ho-Re-Be-Rb-La-Sn-Cs-Pb-Pr-Bi-Tm-Sr-Ti-Hf-Ir-Nb-Pd-Hg-Th-Np-Lu-Rh-Pu_1_0_9,phimage_Cu-Mn-Ni-Mo-Fe-Pt-Zn-Ca-Er-Au-Cd-Co-Gd-Na-Sm-Eu-Tb-V-Ag-Nd-U-Ba-Ce-K-Ga-Cr-Al-Li-Sc-Ru-In-Mg-Zr-Dy-W-Yb-Y-Ho-Re-Be-Rb-La-Sn-Cs-Pb-Pr-Bi-Tm-Sr-Ti-Hf-Ir-Nb-Pd-Hg-Th-Np-Lu-Rh-Pu_1_0_10,phimage_Cu-Mn-Ni-Mo-Fe-Pt-Zn-Ca-Er-Au-Cd-Co-Gd-Na-Sm-Eu-Tb-V-Ag-Nd-U-Ba-Ce-K-Ga-Cr-Al-Li-Sc-Ru-In-Mg-Zr-Dy-W-Yb-Y-Ho-Re-Be-Rb-La-Sn-Cs-Pb-Pr-Bi-Tm-Sr-Ti-Hf-Ir-Nb-Pd-Hg-Th-Np-Lu-Rh-Pu_1_0_11,phimage_Cu-Mn-Ni-Mo-Fe-Pt-Zn-Ca-Er-Au-Cd-Co-Gd-Na-Sm-Eu-Tb-V-Ag-Nd-U-Ba-Ce-K-Ga-Cr-Al-Li-Sc-Ru-In-Mg-Zr-Dy-W-Yb-Y-Ho-Re-Be-Rb-La-Sn-Cs-Pb-Pr-Bi-Tm-Sr-Ti-Hf-Ir-Nb-Pd-Hg-Th-Np-Lu-Rh-Pu_1_0_12,phimage_Cu-Mn-Ni-Mo-Fe-Pt-Zn-Ca-Er-Au-Cd-Co-Gd-Na-Sm-Eu-Tb-V-Ag-Nd-U-Ba-Ce-K-Ga-Cr-Al-Li-Sc-Ru-In-Mg-Zr-Dy-W-Yb-Y-Ho-Re-Be-Rb-La-Sn-Cs-Pb-Pr-Bi-Tm-Sr-Ti-Hf-Ir-Nb-Pd-Hg-Th-Np-Lu-Rh-Pu_1_0_13,phimage_Cu-Mn-Ni-Mo-Fe-Pt-Zn-Ca-Er-Au-Cd-Co-Gd-Na-Sm-Eu-Tb-V-Ag-Nd-U-Ba-Ce-K-Ga-Cr-Al-Li-Sc-Ru-In-Mg-Zr-Dy-W-Yb-Y-Ho-Re-Be-Rb-La-Sn-Cs-Pb-Pr-Bi-Tm-Sr-Ti-Hf-Ir-Nb-Pd-Hg-Th-Np-Lu-Rh-Pu_1_0_14,phimage_Cu-Mn-Ni-Mo-Fe-Pt-Zn-Ca-Er-Au-Cd-Co-Gd-Na-Sm-Eu-Tb-V-Ag-Nd-U-Ba-Ce-K-Ga-Cr-Al-Li-Sc-Ru-In-Mg-Zr-Dy-W-Yb-Y-Ho-Re-Be-Rb-La-Sn-Cs-Pb-Pr-Bi-Tm-Sr-Ti-Hf-Ir-Nb-Pd-Hg-Th-Np-Lu-Rh-Pu_1_0_15,phimage_Cu-Mn-Ni-Mo-Fe-Pt-Zn-Ca-Er-Au-Cd-Co-Gd-Na-Sm-Eu-Tb-V-Ag-Nd-U-Ba-Ce-K-Ga-Cr-Al-Li-Sc-Ru-In-Mg-Zr-Dy-W-Yb-Y-Ho-Re-Be-Rb-La-Sn-Cs-Pb-Pr-Bi-Tm-Sr-Ti-Hf-Ir-Nb-Pd-Hg-Th-Np-Lu-Rh-Pu_1_0_16,phimage_Cu-Mn-Ni-Mo-Fe-Pt-Zn-Ca-Er-Au-Cd-Co-Gd-Na-Sm-Eu-Tb-V-Ag-Nd-U-Ba-Ce-K-Ga-Cr-Al-Li-Sc-Ru-In-Mg-Zr-Dy-W-Yb-Y-Ho-Re-Be-Rb-La-Sn-Cs-Pb-Pr-Bi-Tm-Sr-Ti-Hf-Ir-Nb-Pd-Hg-Th-Np-Lu-Rh-Pu_1_0_17,phimage_Cu-Mn-Ni-Mo-Fe-Pt-Zn-Ca-Er-Au-Cd-Co-Gd-Na-Sm-Eu-Tb-V-Ag-Nd-U-Ba-Ce-K-Ga-Cr-Al-Li-Sc-Ru-In-Mg-Zr-Dy-W-Yb-Y-Ho-Re-Be-Rb-La-Sn-Cs-Pb-Pr-Bi-Tm-Sr-Ti-Hf-Ir-Nb-Pd-Hg-Th-Np-Lu-Rh-Pu_1_0_18,phimage_Cu-Mn-Ni-Mo-Fe-Pt-Zn-Ca-Er-Au-Cd-Co-Gd-Na-Sm-Eu-Tb-V-Ag-Nd-U-Ba-Ce-K-Ga-Cr-Al-Li-Sc-Ru-In-Mg-Zr-Dy-W-Yb-Y-Ho-Re-Be-Rb-La-Sn-Cs-Pb-Pr-Bi-Tm-Sr-Ti-Hf-Ir-Nb-Pd-Hg-Th-Np-Lu-Rh-Pu_1_0_19,phimage_Cu-Mn-Ni-Mo-Fe-Pt-Zn-Ca-Er-Au-Cd-Co-Gd-Na-Sm-Eu-Tb-V-Ag-Nd-U-Ba-Ce-K-Ga-Cr-Al-Li-Sc-Ru-In-Mg-Zr-Dy-W-Yb-Y-Ho-Re-Be-Rb-La-Sn-Cs-Pb-Pr-Bi-Tm-Sr-Ti-Hf-Ir-Nb-Pd-Hg-Th-Np-Lu-Rh-Pu_1_1_0,phimage_Cu-Mn-Ni-Mo-Fe-Pt-Zn-Ca-Er-Au-Cd-Co-Gd-Na-Sm-Eu-Tb-V-Ag-Nd-U-Ba-Ce-K-Ga-Cr-Al-Li-Sc-Ru-In-Mg-Zr-Dy-W-Yb-Y-Ho-Re-Be-Rb-La-Sn-Cs-Pb-Pr-Bi-Tm-Sr-Ti-Hf-Ir-Nb-Pd-Hg-Th-Np-Lu-Rh-Pu_1_1_1,phimage_Cu-Mn-Ni-Mo-Fe-Pt-Zn-Ca-Er-Au-Cd-Co-Gd-Na-Sm-Eu-Tb-V-Ag-Nd-U-Ba-Ce-K-Ga-Cr-Al-Li-Sc-Ru-In-Mg-Zr-Dy-W-Yb-Y-Ho-Re-Be-Rb-La-Sn-Cs-Pb-Pr-Bi-Tm-Sr-Ti-Hf-Ir-Nb-Pd-Hg-Th-Np-Lu-Rh-Pu_1_1_2,phimage_Cu-Mn-Ni-Mo-Fe-Pt-Zn-Ca-Er-Au-Cd-Co-Gd-Na-Sm-Eu-Tb-V-Ag-Nd-U-Ba-Ce-K-Ga-Cr-Al-Li-Sc-Ru-In-Mg-Zr-Dy-W-Yb-Y-Ho-Re-Be-Rb-La-Sn-Cs-Pb-Pr-Bi-Tm-Sr-Ti-Hf-Ir-Nb-Pd-Hg-Th-Np-Lu-Rh-Pu_1_1_3,phimage_Cu-Mn-Ni-Mo-Fe-Pt-Zn-Ca-Er-Au-Cd-Co-Gd-Na-Sm-Eu-Tb-V-Ag-Nd-U-Ba-Ce-K-Ga-Cr-Al-Li-Sc-Ru-In-Mg-Zr-Dy-W-Yb-Y-Ho-Re-Be-Rb-La-Sn-Cs-Pb-Pr-Bi-Tm-Sr-Ti-Hf-Ir-Nb-Pd-Hg-Th-Np-Lu-Rh-Pu_1_1_4,phimage_Cu-Mn-Ni-Mo-Fe-Pt-Zn-Ca-Er-Au-Cd-Co-Gd-Na-Sm-Eu-Tb-V-Ag-Nd-U-Ba-Ce-K-Ga-Cr-Al-Li-Sc-Ru-In-Mg-Zr-Dy-W-Yb-Y-Ho-Re-Be-Rb-La-Sn-Cs-Pb-Pr-Bi-Tm-Sr-Ti-Hf-Ir-Nb-Pd-Hg-Th-Np-Lu-Rh-Pu_1_1_5,phimage_Cu-Mn-Ni-Mo-Fe-Pt-Zn-Ca-Er-Au-Cd-Co-Gd-Na-Sm-Eu-Tb-V-Ag-Nd-U-Ba-Ce-K-Ga-Cr-Al-Li-Sc-Ru-In-Mg-Zr-Dy-W-Yb-Y-Ho-Re-Be-Rb-La-Sn-Cs-Pb-Pr-Bi-Tm-Sr-Ti-Hf-Ir-Nb-Pd-Hg-Th-Np-Lu-Rh-Pu_1_1_6,phimage_Cu-Mn-Ni-Mo-Fe-Pt-Zn-Ca-Er-Au-Cd-Co-Gd-Na-Sm-Eu-Tb-V-Ag-Nd-U-Ba-Ce-K-Ga-Cr-Al-Li-Sc-Ru-In-Mg-Zr-Dy-W-Yb-Y-Ho-Re-Be-Rb-La-Sn-Cs-Pb-Pr-Bi-Tm-Sr-Ti-Hf-Ir-Nb-Pd-Hg-Th-Np-Lu-Rh-Pu_1_1_7,phimage_Cu-Mn-Ni-Mo-Fe-Pt-Zn-Ca-Er-Au-Cd-Co-Gd-Na-Sm-Eu-Tb-V-Ag-Nd-U-Ba-Ce-K-Ga-Cr-Al-Li-Sc-Ru-In-Mg-Zr-Dy-W-Yb-Y-Ho-Re-Be-Rb-La-Sn-Cs-Pb-Pr-Bi-Tm-Sr-Ti-Hf-Ir-Nb-Pd-Hg-Th-Np-Lu-Rh-Pu_1_1_8,phimage_Cu-Mn-Ni-Mo-Fe-Pt-Zn-Ca-Er-Au-Cd-Co-Gd-Na-Sm-Eu-Tb-V-Ag-Nd-U-Ba-Ce-K-Ga-Cr-Al-Li-Sc-Ru-In-Mg-Zr-Dy-W-Yb-Y-Ho-Re-Be-Rb-La-Sn-Cs-Pb-Pr-Bi-Tm-Sr-Ti-Hf-Ir-Nb-Pd-Hg-Th-Np-Lu-Rh-Pu_1_1_9,phimage_Cu-Mn-Ni-Mo-Fe-Pt-Zn-Ca-Er-Au-Cd-Co-Gd-Na-Sm-Eu-Tb-V-Ag-Nd-U-Ba-Ce-K-Ga-Cr-Al-Li-Sc-Ru-In-Mg-Zr-Dy-W-Yb-Y-Ho-Re-Be-Rb-La-Sn-Cs-Pb-Pr-Bi-Tm-Sr-Ti-Hf-Ir-Nb-Pd-Hg-Th-Np-Lu-Rh-Pu_1_1_10,phimage_Cu-Mn-Ni-Mo-Fe-Pt-Zn-Ca-Er-Au-Cd-Co-Gd-Na-Sm-Eu-Tb-V-Ag-Nd-U-Ba-Ce-K-Ga-Cr-Al-Li-Sc-Ru-In-Mg-Zr-Dy-W-Yb-Y-Ho-Re-Be-Rb-La-Sn-Cs-Pb-Pr-Bi-Tm-Sr-Ti-Hf-Ir-Nb-Pd-Hg-Th-Np-Lu-Rh-Pu_1_1_11,phimage_Cu-Mn-Ni-Mo-Fe-Pt-Zn-Ca-Er-Au-Cd-Co-Gd-Na-Sm-Eu-Tb-V-Ag-Nd-U-Ba-Ce-K-Ga-Cr-Al-Li-Sc-Ru-In-Mg-Zr-Dy-W-Yb-Y-Ho-Re-Be-Rb-La-Sn-Cs-Pb-Pr-Bi-Tm-Sr-Ti-Hf-Ir-Nb-Pd-Hg-Th-Np-Lu-Rh-Pu_1_1_12,phimage_Cu-Mn-Ni-Mo-Fe-Pt-Zn-Ca-Er-Au-Cd-Co-Gd-Na-Sm-Eu-Tb-V-Ag-Nd-U-Ba-Ce-K-Ga-Cr-Al-Li-Sc-Ru-In-Mg-Zr-Dy-W-Yb-Y-Ho-Re-Be-Rb-La-Sn-Cs-Pb-Pr-Bi-Tm-Sr-Ti-Hf-Ir-Nb-Pd-Hg-Th-Np-Lu-Rh-Pu_1_1_13,phimage_Cu-Mn-Ni-Mo-Fe-Pt-Zn-Ca-Er-Au-Cd-Co-Gd-Na-Sm-Eu-Tb-V-Ag-Nd-U-Ba-Ce-K-Ga-Cr-Al-Li-Sc-Ru-In-Mg-Zr-Dy-W-Yb-Y-Ho-Re-Be-Rb-La-Sn-Cs-Pb-Pr-Bi-Tm-Sr-Ti-Hf-Ir-Nb-Pd-Hg-Th-Np-Lu-Rh-Pu_1_1_14,phimage_Cu-Mn-Ni-Mo-Fe-Pt-Zn-Ca-Er-Au-Cd-Co-Gd-Na-Sm-Eu-Tb-V-Ag-Nd-U-Ba-Ce-K-Ga-Cr-Al-Li-Sc-Ru-In-Mg-Zr-Dy-W-Yb-Y-Ho-Re-Be-Rb-La-Sn-Cs-Pb-Pr-Bi-Tm-Sr-Ti-Hf-Ir-Nb-Pd-Hg-Th-Np-Lu-Rh-Pu_1_1_15,phimage_Cu-Mn-Ni-Mo-Fe-Pt-Zn-Ca-Er-Au-Cd-Co-Gd-Na-Sm-Eu-Tb-V-Ag-Nd-U-Ba-Ce-K-Ga-Cr-Al-Li-Sc-Ru-In-Mg-Zr-Dy-W-Yb-Y-Ho-Re-Be-Rb-La-Sn-Cs-Pb-Pr-Bi-Tm-Sr-Ti-Hf-Ir-Nb-Pd-Hg-Th-Np-Lu-Rh-Pu_1_1_16,phimage_Cu-Mn-Ni-Mo-Fe-Pt-Zn-Ca-Er-Au-Cd-Co-Gd-Na-Sm-Eu-Tb-V-Ag-Nd-U-Ba-Ce-K-Ga-Cr-Al-Li-Sc-Ru-In-Mg-Zr-Dy-W-Yb-Y-Ho-Re-Be-Rb-La-Sn-Cs-Pb-Pr-Bi-Tm-Sr-Ti-Hf-Ir-Nb-Pd-Hg-Th-Np-Lu-Rh-Pu_1_1_17,phimage_Cu-Mn-Ni-Mo-Fe-Pt-Zn-Ca-Er-Au-Cd-Co-Gd-Na-Sm-Eu-Tb-V-Ag-Nd-U-Ba-Ce-K-Ga-Cr-Al-Li-Sc-Ru-In-Mg-Zr-Dy-W-Yb-Y-Ho-Re-Be-Rb-La-Sn-Cs-Pb-Pr-Bi-Tm-Sr-Ti-Hf-Ir-Nb-Pd-Hg-Th-Np-Lu-Rh-Pu_1_1_18,phimage_Cu-Mn-Ni-Mo-Fe-Pt-Zn-Ca-Er-Au-Cd-Co-Gd-Na-Sm-Eu-Tb-V-Ag-Nd-U-Ba-Ce-K-Ga-Cr-Al-Li-Sc-Ru-In-Mg-Zr-Dy-W-Yb-Y-Ho-Re-Be-Rb-La-Sn-Cs-Pb-Pr-Bi-Tm-Sr-Ti-Hf-Ir-Nb-Pd-Hg-Th-Np-Lu-Rh-Pu_1_1_19,phimage_Cu-Mn-Ni-Mo-Fe-Pt-Zn-Ca-Er-Au-Cd-Co-Gd-Na-Sm-Eu-Tb-V-Ag-Nd-U-Ba-Ce-K-Ga-Cr-Al-Li-Sc-Ru-In-Mg-Zr-Dy-W-Yb-Y-Ho-Re-Be-Rb-La-Sn-Cs-Pb-Pr-Bi-Tm-Sr-Ti-Hf-Ir-Nb-Pd-Hg-Th-Np-Lu-Rh-Pu_1_2_0,phimage_Cu-Mn-Ni-Mo-Fe-Pt-Zn-Ca-Er-Au-Cd-Co-Gd-Na-Sm-Eu-Tb-V-Ag-Nd-U-Ba-Ce-K-Ga-Cr-Al-Li-Sc-Ru-In-Mg-Zr-Dy-W-Yb-Y-Ho-Re-Be-Rb-La-Sn-Cs-Pb-Pr-Bi-Tm-Sr-Ti-Hf-Ir-Nb-Pd-Hg-Th-Np-Lu-Rh-Pu_1_2_1,phimage_Cu-Mn-Ni-Mo-Fe-Pt-Zn-Ca-Er-Au-Cd-Co-Gd-Na-Sm-Eu-Tb-V-Ag-Nd-U-Ba-Ce-K-Ga-Cr-Al-Li-Sc-Ru-In-Mg-Zr-Dy-W-Yb-Y-Ho-Re-Be-Rb-La-Sn-Cs-Pb-Pr-Bi-Tm-Sr-Ti-Hf-Ir-Nb-Pd-Hg-Th-Np-Lu-Rh-Pu_1_2_2,phimage_Cu-Mn-Ni-Mo-Fe-Pt-Zn-Ca-Er-Au-Cd-Co-Gd-Na-Sm-Eu-Tb-V-Ag-Nd-U-Ba-Ce-K-Ga-Cr-Al-Li-Sc-Ru-In-Mg-Zr-Dy-W-Yb-Y-Ho-Re-Be-Rb-La-Sn-Cs-Pb-Pr-Bi-Tm-Sr-Ti-Hf-Ir-Nb-Pd-Hg-Th-Np-Lu-Rh-Pu_1_2_3,phimage_Cu-Mn-Ni-Mo-Fe-Pt-Zn-Ca-Er-Au-Cd-Co-Gd-Na-Sm-Eu-Tb-V-Ag-Nd-U-Ba-Ce-K-Ga-Cr-Al-Li-Sc-Ru-In-Mg-Zr-Dy-W-Yb-Y-Ho-Re-Be-Rb-La-Sn-Cs-Pb-Pr-Bi-Tm-Sr-Ti-Hf-Ir-Nb-Pd-Hg-Th-Np-Lu-Rh-Pu_1_2_4,phimage_Cu-Mn-Ni-Mo-Fe-Pt-Zn-Ca-Er-Au-Cd-Co-Gd-Na-Sm-Eu-Tb-V-Ag-Nd-U-Ba-Ce-K-Ga-Cr-Al-Li-Sc-Ru-In-Mg-Zr-Dy-W-Yb-Y-Ho-Re-Be-Rb-La-Sn-Cs-Pb-Pr-Bi-Tm-Sr-Ti-Hf-Ir-Nb-Pd-Hg-Th-Np-Lu-Rh-Pu_1_2_5,phimage_Cu-Mn-Ni-Mo-Fe-Pt-Zn-Ca-Er-Au-Cd-Co-Gd-Na-Sm-Eu-Tb-V-Ag-Nd-U-Ba-Ce-K-Ga-Cr-Al-Li-Sc-Ru-In-Mg-Zr-Dy-W-Yb-Y-Ho-Re-Be-Rb-La-Sn-Cs-Pb-Pr-Bi-Tm-Sr-Ti-Hf-Ir-Nb-Pd-Hg-Th-Np-Lu-Rh-Pu_1_2_6,phimage_Cu-Mn-Ni-Mo-Fe-Pt-Zn-Ca-Er-Au-Cd-Co-Gd-Na-Sm-Eu-Tb-V-Ag-Nd-U-Ba-Ce-K-Ga-Cr-Al-Li-Sc-Ru-In-Mg-Zr-Dy-W-Yb-Y-Ho-Re-Be-Rb-La-Sn-Cs-Pb-Pr-Bi-Tm-Sr-Ti-Hf-Ir-Nb-Pd-Hg-Th-Np-Lu-Rh-Pu_1_2_7,phimage_Cu-Mn-Ni-Mo-Fe-Pt-Zn-Ca-Er-Au-Cd-Co-Gd-Na-Sm-Eu-Tb-V-Ag-Nd-U-Ba-Ce-K-Ga-Cr-Al-Li-Sc-Ru-In-Mg-Zr-Dy-W-Yb-Y-Ho-Re-Be-Rb-La-Sn-Cs-Pb-Pr-Bi-Tm-Sr-Ti-Hf-Ir-Nb-Pd-Hg-Th-Np-Lu-Rh-Pu_1_2_8,phimage_Cu-Mn-Ni-Mo-Fe-Pt-Zn-Ca-Er-Au-Cd-Co-Gd-Na-Sm-Eu-Tb-V-Ag-Nd-U-Ba-Ce-K-Ga-Cr-Al-Li-Sc-Ru-In-Mg-Zr-Dy-W-Yb-Y-Ho-Re-Be-Rb-La-Sn-Cs-Pb-Pr-Bi-Tm-Sr-Ti-Hf-Ir-Nb-Pd-Hg-Th-Np-Lu-Rh-Pu_1_2_9,phimage_Cu-Mn-Ni-Mo-Fe-Pt-Zn-Ca-Er-Au-Cd-Co-Gd-Na-Sm-Eu-Tb-V-Ag-Nd-U-Ba-Ce-K-Ga-Cr-Al-Li-Sc-Ru-In-Mg-Zr-Dy-W-Yb-Y-Ho-Re-Be-Rb-La-Sn-Cs-Pb-Pr-Bi-Tm-Sr-Ti-Hf-Ir-Nb-Pd-Hg-Th-Np-Lu-Rh-Pu_1_2_10,phimage_Cu-Mn-Ni-Mo-Fe-Pt-Zn-Ca-Er-Au-Cd-Co-Gd-Na-Sm-Eu-Tb-V-Ag-Nd-U-Ba-Ce-K-Ga-Cr-Al-Li-Sc-Ru-In-Mg-Zr-Dy-W-Yb-Y-Ho-Re-Be-Rb-La-Sn-Cs-Pb-Pr-Bi-Tm-Sr-Ti-Hf-Ir-Nb-Pd-Hg-Th-Np-Lu-Rh-Pu_1_2_11,phimage_Cu-Mn-Ni-Mo-Fe-Pt-Zn-Ca-Er-Au-Cd-Co-Gd-Na-Sm-Eu-Tb-V-Ag-Nd-U-Ba-Ce-K-Ga-Cr-Al-Li-Sc-Ru-In-Mg-Zr-Dy-W-Yb-Y-Ho-Re-Be-Rb-La-Sn-Cs-Pb-Pr-Bi-Tm-Sr-Ti-Hf-Ir-Nb-Pd-Hg-Th-Np-Lu-Rh-Pu_1_2_12,phimage_Cu-Mn-Ni-Mo-Fe-Pt-Zn-Ca-Er-Au-Cd-Co-Gd-Na-Sm-Eu-Tb-V-Ag-Nd-U-Ba-Ce-K-Ga-Cr-Al-Li-Sc-Ru-In-Mg-Zr-Dy-W-Yb-Y-Ho-Re-Be-Rb-La-Sn-Cs-Pb-Pr-Bi-Tm-Sr-Ti-Hf-Ir-Nb-Pd-Hg-Th-Np-Lu-Rh-Pu_1_2_13,phimage_Cu-Mn-Ni-Mo-Fe-Pt-Zn-Ca-Er-Au-Cd-Co-Gd-Na-Sm-Eu-Tb-V-Ag-Nd-U-Ba-Ce-K-Ga-Cr-Al-Li-Sc-Ru-In-Mg-Zr-Dy-W-Yb-Y-Ho-Re-Be-Rb-La-Sn-Cs-Pb-Pr-Bi-Tm-Sr-Ti-Hf-Ir-Nb-Pd-Hg-Th-Np-Lu-Rh-Pu_1_2_14,phimage_Cu-Mn-Ni-Mo-Fe-Pt-Zn-Ca-Er-Au-Cd-Co-Gd-Na-Sm-Eu-Tb-V-Ag-Nd-U-Ba-Ce-K-Ga-Cr-Al-Li-Sc-Ru-In-Mg-Zr-Dy-W-Yb-Y-Ho-Re-Be-Rb-La-Sn-Cs-Pb-Pr-Bi-Tm-Sr-Ti-Hf-Ir-Nb-Pd-Hg-Th-Np-Lu-Rh-Pu_1_2_15,phimage_Cu-Mn-Ni-Mo-Fe-Pt-Zn-Ca-Er-Au-Cd-Co-Gd-Na-Sm-Eu-Tb-V-Ag-Nd-U-Ba-Ce-K-Ga-Cr-Al-Li-Sc-Ru-In-Mg-Zr-Dy-W-Yb-Y-Ho-Re-Be-Rb-La-Sn-Cs-Pb-Pr-Bi-Tm-Sr-Ti-Hf-Ir-Nb-Pd-Hg-Th-Np-Lu-Rh-Pu_1_2_16,phimage_Cu-Mn-Ni-Mo-Fe-Pt-Zn-Ca-Er-Au-Cd-Co-Gd-Na-Sm-Eu-Tb-V-Ag-Nd-U-Ba-Ce-K-Ga-Cr-Al-Li-Sc-Ru-In-Mg-Zr-Dy-W-Yb-Y-Ho-Re-Be-Rb-La-Sn-Cs-Pb-Pr-Bi-Tm-Sr-Ti-Hf-Ir-Nb-Pd-Hg-Th-Np-Lu-Rh-Pu_1_2_17,phimage_Cu-Mn-Ni-Mo-Fe-Pt-Zn-Ca-Er-Au-Cd-Co-Gd-Na-Sm-Eu-Tb-V-Ag-Nd-U-Ba-Ce-K-Ga-Cr-Al-Li-Sc-Ru-In-Mg-Zr-Dy-W-Yb-Y-Ho-Re-Be-Rb-La-Sn-Cs-Pb-Pr-Bi-Tm-Sr-Ti-Hf-Ir-Nb-Pd-Hg-Th-Np-Lu-Rh-Pu_1_2_18,phimage_Cu-Mn-Ni-Mo-Fe-Pt-Zn-Ca-Er-Au-Cd-Co-Gd-Na-Sm-Eu-Tb-V-Ag-Nd-U-Ba-Ce-K-Ga-Cr-Al-Li-Sc-Ru-In-Mg-Zr-Dy-W-Yb-Y-Ho-Re-Be-Rb-La-Sn-Cs-Pb-Pr-Bi-Tm-Sr-Ti-Hf-Ir-Nb-Pd-Hg-Th-Np-Lu-Rh-Pu_1_2_19,phimage_Cu-Mn-Ni-Mo-Fe-Pt-Zn-Ca-Er-Au-Cd-Co-Gd-Na-Sm-Eu-Tb-V-Ag-Nd-U-Ba-Ce-K-Ga-Cr-Al-Li-Sc-Ru-In-Mg-Zr-Dy-W-Yb-Y-Ho-Re-Be-Rb-La-Sn-Cs-Pb-Pr-Bi-Tm-Sr-Ti-Hf-Ir-Nb-Pd-Hg-Th-Np-Lu-Rh-Pu_1_3_0,phimage_Cu-Mn-Ni-Mo-Fe-Pt-Zn-Ca-Er-Au-Cd-Co-Gd-Na-Sm-Eu-Tb-V-Ag-Nd-U-Ba-Ce-K-Ga-Cr-Al-Li-Sc-Ru-In-Mg-Zr-Dy-W-Yb-Y-Ho-Re-Be-Rb-La-Sn-Cs-Pb-Pr-Bi-Tm-Sr-Ti-Hf-Ir-Nb-Pd-Hg-Th-Np-Lu-Rh-Pu_1_3_1,phimage_Cu-Mn-Ni-Mo-Fe-Pt-Zn-Ca-Er-Au-Cd-Co-Gd-Na-Sm-Eu-Tb-V-Ag-Nd-U-Ba-Ce-K-Ga-Cr-Al-Li-Sc-Ru-In-Mg-Zr-Dy-W-Yb-Y-Ho-Re-Be-Rb-La-Sn-Cs-Pb-Pr-Bi-Tm-Sr-Ti-Hf-Ir-Nb-Pd-Hg-Th-Np-Lu-Rh-Pu_1_3_2,phimage_Cu-Mn-Ni-Mo-Fe-Pt-Zn-Ca-Er-Au-Cd-Co-Gd-Na-Sm-Eu-Tb-V-Ag-Nd-U-Ba-Ce-K-Ga-Cr-Al-Li-Sc-Ru-In-Mg-Zr-Dy-W-Yb-Y-Ho-Re-Be-Rb-La-Sn-Cs-Pb-Pr-Bi-Tm-Sr-Ti-Hf-Ir-Nb-Pd-Hg-Th-Np-Lu-Rh-Pu_1_3_3,phimage_Cu-Mn-Ni-Mo-Fe-Pt-Zn-Ca-Er-Au-Cd-Co-Gd-Na-Sm-Eu-Tb-V-Ag-Nd-U-Ba-Ce-K-Ga-Cr-Al-Li-Sc-Ru-In-Mg-Zr-Dy-W-Yb-Y-Ho-Re-Be-Rb-La-Sn-Cs-Pb-Pr-Bi-Tm-Sr-Ti-Hf-Ir-Nb-Pd-Hg-Th-Np-Lu-Rh-Pu_1_3_4,phimage_Cu-Mn-Ni-Mo-Fe-Pt-Zn-Ca-Er-Au-Cd-Co-Gd-Na-Sm-Eu-Tb-V-Ag-Nd-U-Ba-Ce-K-Ga-Cr-Al-Li-Sc-Ru-In-Mg-Zr-Dy-W-Yb-Y-Ho-Re-Be-Rb-La-Sn-Cs-Pb-Pr-Bi-Tm-Sr-Ti-Hf-Ir-Nb-Pd-Hg-Th-Np-Lu-Rh-Pu_1_3_5,phimage_Cu-Mn-Ni-Mo-Fe-Pt-Zn-Ca-Er-Au-Cd-Co-Gd-Na-Sm-Eu-Tb-V-Ag-Nd-U-Ba-Ce-K-Ga-Cr-Al-Li-Sc-Ru-In-Mg-Zr-Dy-W-Yb-Y-Ho-Re-Be-Rb-La-Sn-Cs-Pb-Pr-Bi-Tm-Sr-Ti-Hf-Ir-Nb-Pd-Hg-Th-Np-Lu-Rh-Pu_1_3_6,phimage_Cu-Mn-Ni-Mo-Fe-Pt-Zn-Ca-Er-Au-Cd-Co-Gd-Na-Sm-Eu-Tb-V-Ag-Nd-U-Ba-Ce-K-Ga-Cr-Al-Li-Sc-Ru-In-Mg-Zr-Dy-W-Yb-Y-Ho-Re-Be-Rb-La-Sn-Cs-Pb-Pr-Bi-Tm-Sr-Ti-Hf-Ir-Nb-Pd-Hg-Th-Np-Lu-Rh-Pu_1_3_7,phimage_Cu-Mn-Ni-Mo-Fe-Pt-Zn-Ca-Er-Au-Cd-Co-Gd-Na-Sm-Eu-Tb-V-Ag-Nd-U-Ba-Ce-K-Ga-Cr-Al-Li-Sc-Ru-In-Mg-Zr-Dy-W-Yb-Y-Ho-Re-Be-Rb-La-Sn-Cs-Pb-Pr-Bi-Tm-Sr-Ti-Hf-Ir-Nb-Pd-Hg-Th-Np-Lu-Rh-Pu_1_3_8,phimage_Cu-Mn-Ni-Mo-Fe-Pt-Zn-Ca-Er-Au-Cd-Co-Gd-Na-Sm-Eu-Tb-V-Ag-Nd-U-Ba-Ce-K-Ga-Cr-Al-Li-Sc-Ru-In-Mg-Zr-Dy-W-Yb-Y-Ho-Re-Be-Rb-La-Sn-Cs-Pb-Pr-Bi-Tm-Sr-Ti-Hf-Ir-Nb-Pd-Hg-Th-Np-Lu-Rh-Pu_1_3_9,phimage_Cu-Mn-Ni-Mo-Fe-Pt-Zn-Ca-Er-Au-Cd-Co-Gd-Na-Sm-Eu-Tb-V-Ag-Nd-U-Ba-Ce-K-Ga-Cr-Al-Li-Sc-Ru-In-Mg-Zr-Dy-W-Yb-Y-Ho-Re-Be-Rb-La-Sn-Cs-Pb-Pr-Bi-Tm-Sr-Ti-Hf-Ir-Nb-Pd-Hg-Th-Np-Lu-Rh-Pu_1_3_10,phimage_Cu-Mn-Ni-Mo-Fe-Pt-Zn-Ca-Er-Au-Cd-Co-Gd-Na-Sm-Eu-Tb-V-Ag-Nd-U-Ba-Ce-K-Ga-Cr-Al-Li-Sc-Ru-In-Mg-Zr-Dy-W-Yb-Y-Ho-Re-Be-Rb-La-Sn-Cs-Pb-Pr-Bi-Tm-Sr-Ti-Hf-Ir-Nb-Pd-Hg-Th-Np-Lu-Rh-Pu_1_3_11,phimage_Cu-Mn-Ni-Mo-Fe-Pt-Zn-Ca-Er-Au-Cd-Co-Gd-Na-Sm-Eu-Tb-V-Ag-Nd-U-Ba-Ce-K-Ga-Cr-Al-Li-Sc-Ru-In-Mg-Zr-Dy-W-Yb-Y-Ho-Re-Be-Rb-La-Sn-Cs-Pb-Pr-Bi-Tm-Sr-Ti-Hf-Ir-Nb-Pd-Hg-Th-Np-Lu-Rh-Pu_1_3_12,phimage_Cu-Mn-Ni-Mo-Fe-Pt-Zn-Ca-Er-Au-Cd-Co-Gd-Na-Sm-Eu-Tb-V-Ag-Nd-U-Ba-Ce-K-Ga-Cr-Al-Li-Sc-Ru-In-Mg-Zr-Dy-W-Yb-Y-Ho-Re-Be-Rb-La-Sn-Cs-Pb-Pr-Bi-Tm-Sr-Ti-Hf-Ir-Nb-Pd-Hg-Th-Np-Lu-Rh-Pu_1_3_13,phimage_Cu-Mn-Ni-Mo-Fe-Pt-Zn-Ca-Er-Au-Cd-Co-Gd-Na-Sm-Eu-Tb-V-Ag-Nd-U-Ba-Ce-K-Ga-Cr-Al-Li-Sc-Ru-In-Mg-Zr-Dy-W-Yb-Y-Ho-Re-Be-Rb-La-Sn-Cs-Pb-Pr-Bi-Tm-Sr-Ti-Hf-Ir-Nb-Pd-Hg-Th-Np-Lu-Rh-Pu_1_3_14,phimage_Cu-Mn-Ni-Mo-Fe-Pt-Zn-Ca-Er-Au-Cd-Co-Gd-Na-Sm-Eu-Tb-V-Ag-Nd-U-Ba-Ce-K-Ga-Cr-Al-Li-Sc-Ru-In-Mg-Zr-Dy-W-Yb-Y-Ho-Re-Be-Rb-La-Sn-Cs-Pb-Pr-Bi-Tm-Sr-Ti-Hf-Ir-Nb-Pd-Hg-Th-Np-Lu-Rh-Pu_1_3_15,phimage_Cu-Mn-Ni-Mo-Fe-Pt-Zn-Ca-Er-Au-Cd-Co-Gd-Na-Sm-Eu-Tb-V-Ag-Nd-U-Ba-Ce-K-Ga-Cr-Al-Li-Sc-Ru-In-Mg-Zr-Dy-W-Yb-Y-Ho-Re-Be-Rb-La-Sn-Cs-Pb-Pr-Bi-Tm-Sr-Ti-Hf-Ir-Nb-Pd-Hg-Th-Np-Lu-Rh-Pu_1_3_16,phimage_Cu-Mn-Ni-Mo-Fe-Pt-Zn-Ca-Er-Au-Cd-Co-Gd-Na-Sm-Eu-Tb-V-Ag-Nd-U-Ba-Ce-K-Ga-Cr-Al-Li-Sc-Ru-In-Mg-Zr-Dy-W-Yb-Y-Ho-Re-Be-Rb-La-Sn-Cs-Pb-Pr-Bi-Tm-Sr-Ti-Hf-Ir-Nb-Pd-Hg-Th-Np-Lu-Rh-Pu_1_3_17,phimage_Cu-Mn-Ni-Mo-Fe-Pt-Zn-Ca-Er-Au-Cd-Co-Gd-Na-Sm-Eu-Tb-V-Ag-Nd-U-Ba-Ce-K-Ga-Cr-Al-Li-Sc-Ru-In-Mg-Zr-Dy-W-Yb-Y-Ho-Re-Be-Rb-La-Sn-Cs-Pb-Pr-Bi-Tm-Sr-Ti-Hf-Ir-Nb-Pd-Hg-Th-Np-Lu-Rh-Pu_1_3_18,phimage_Cu-Mn-Ni-Mo-Fe-Pt-Zn-Ca-Er-Au-Cd-Co-Gd-Na-Sm-Eu-Tb-V-Ag-Nd-U-Ba-Ce-K-Ga-Cr-Al-Li-Sc-Ru-In-Mg-Zr-Dy-W-Yb-Y-Ho-Re-Be-Rb-La-Sn-Cs-Pb-Pr-Bi-Tm-Sr-Ti-Hf-Ir-Nb-Pd-Hg-Th-Np-Lu-Rh-Pu_1_3_19,phimage_Cu-Mn-Ni-Mo-Fe-Pt-Zn-Ca-Er-Au-Cd-Co-Gd-Na-Sm-Eu-Tb-V-Ag-Nd-U-Ba-Ce-K-Ga-Cr-Al-Li-Sc-Ru-In-Mg-Zr-Dy-W-Yb-Y-Ho-Re-Be-Rb-La-Sn-Cs-Pb-Pr-Bi-Tm-Sr-Ti-Hf-Ir-Nb-Pd-Hg-Th-Np-Lu-Rh-Pu_1_4_0,phimage_Cu-Mn-Ni-Mo-Fe-Pt-Zn-Ca-Er-Au-Cd-Co-Gd-Na-Sm-Eu-Tb-V-Ag-Nd-U-Ba-Ce-K-Ga-Cr-Al-Li-Sc-Ru-In-Mg-Zr-Dy-W-Yb-Y-Ho-Re-Be-Rb-La-Sn-Cs-Pb-Pr-Bi-Tm-Sr-Ti-Hf-Ir-Nb-Pd-Hg-Th-Np-Lu-Rh-Pu_1_4_1,phimage_Cu-Mn-Ni-Mo-Fe-Pt-Zn-Ca-Er-Au-Cd-Co-Gd-Na-Sm-Eu-Tb-V-Ag-Nd-U-Ba-Ce-K-Ga-Cr-Al-Li-Sc-Ru-In-Mg-Zr-Dy-W-Yb-Y-Ho-Re-Be-Rb-La-Sn-Cs-Pb-Pr-Bi-Tm-Sr-Ti-Hf-Ir-Nb-Pd-Hg-Th-Np-Lu-Rh-Pu_1_4_2,phimage_Cu-Mn-Ni-Mo-Fe-Pt-Zn-Ca-Er-Au-Cd-Co-Gd-Na-Sm-Eu-Tb-V-Ag-Nd-U-Ba-Ce-K-Ga-Cr-Al-Li-Sc-Ru-In-Mg-Zr-Dy-W-Yb-Y-Ho-Re-Be-Rb-La-Sn-Cs-Pb-Pr-Bi-Tm-Sr-Ti-Hf-Ir-Nb-Pd-Hg-Th-Np-Lu-Rh-Pu_1_4_3,phimage_Cu-Mn-Ni-Mo-Fe-Pt-Zn-Ca-Er-Au-Cd-Co-Gd-Na-Sm-Eu-Tb-V-Ag-Nd-U-Ba-Ce-K-Ga-Cr-Al-Li-Sc-Ru-In-Mg-Zr-Dy-W-Yb-Y-Ho-Re-Be-Rb-La-Sn-Cs-Pb-Pr-Bi-Tm-Sr-Ti-Hf-Ir-Nb-Pd-Hg-Th-Np-Lu-Rh-Pu_1_4_4,phimage_Cu-Mn-Ni-Mo-Fe-Pt-Zn-Ca-Er-Au-Cd-Co-Gd-Na-Sm-Eu-Tb-V-Ag-Nd-U-Ba-Ce-K-Ga-Cr-Al-Li-Sc-Ru-In-Mg-Zr-Dy-W-Yb-Y-Ho-Re-Be-Rb-La-Sn-Cs-Pb-Pr-Bi-Tm-Sr-Ti-Hf-Ir-Nb-Pd-Hg-Th-Np-Lu-Rh-Pu_1_4_5,phimage_Cu-Mn-Ni-Mo-Fe-Pt-Zn-Ca-Er-Au-Cd-Co-Gd-Na-Sm-Eu-Tb-V-Ag-Nd-U-Ba-Ce-K-Ga-Cr-Al-Li-Sc-Ru-In-Mg-Zr-Dy-W-Yb-Y-Ho-Re-Be-Rb-La-Sn-Cs-Pb-Pr-Bi-Tm-Sr-Ti-Hf-Ir-Nb-Pd-Hg-Th-Np-Lu-Rh-Pu_1_4_6,phimage_Cu-Mn-Ni-Mo-Fe-Pt-Zn-Ca-Er-Au-Cd-Co-Gd-Na-Sm-Eu-Tb-V-Ag-Nd-U-Ba-Ce-K-Ga-Cr-Al-Li-Sc-Ru-In-Mg-Zr-Dy-W-Yb-Y-Ho-Re-Be-Rb-La-Sn-Cs-Pb-Pr-Bi-Tm-Sr-Ti-Hf-Ir-Nb-Pd-Hg-Th-Np-Lu-Rh-Pu_1_4_7,phimage_Cu-Mn-Ni-Mo-Fe-Pt-Zn-Ca-Er-Au-Cd-Co-Gd-Na-Sm-Eu-Tb-V-Ag-Nd-U-Ba-Ce-K-Ga-Cr-Al-Li-Sc-Ru-In-Mg-Zr-Dy-W-Yb-Y-Ho-Re-Be-Rb-La-Sn-Cs-Pb-Pr-Bi-Tm-Sr-Ti-Hf-Ir-Nb-Pd-Hg-Th-Np-Lu-Rh-Pu_1_4_8,phimage_Cu-Mn-Ni-Mo-Fe-Pt-Zn-Ca-Er-Au-Cd-Co-Gd-Na-Sm-Eu-Tb-V-Ag-Nd-U-Ba-Ce-K-Ga-Cr-Al-Li-Sc-Ru-In-Mg-Zr-Dy-W-Yb-Y-Ho-Re-Be-Rb-La-Sn-Cs-Pb-Pr-Bi-Tm-Sr-Ti-Hf-Ir-Nb-Pd-Hg-Th-Np-Lu-Rh-Pu_1_4_9,phimage_Cu-Mn-Ni-Mo-Fe-Pt-Zn-Ca-Er-Au-Cd-Co-Gd-Na-Sm-Eu-Tb-V-Ag-Nd-U-Ba-Ce-K-Ga-Cr-Al-Li-Sc-Ru-In-Mg-Zr-Dy-W-Yb-Y-Ho-Re-Be-Rb-La-Sn-Cs-Pb-Pr-Bi-Tm-Sr-Ti-Hf-Ir-Nb-Pd-Hg-Th-Np-Lu-Rh-Pu_1_4_10,phimage_Cu-Mn-Ni-Mo-Fe-Pt-Zn-Ca-Er-Au-Cd-Co-Gd-Na-Sm-Eu-Tb-V-Ag-Nd-U-Ba-Ce-K-Ga-Cr-Al-Li-Sc-Ru-In-Mg-Zr-Dy-W-Yb-Y-Ho-Re-Be-Rb-La-Sn-Cs-Pb-Pr-Bi-Tm-Sr-Ti-Hf-Ir-Nb-Pd-Hg-Th-Np-Lu-Rh-Pu_1_4_11,phimage_Cu-Mn-Ni-Mo-Fe-Pt-Zn-Ca-Er-Au-Cd-Co-Gd-Na-Sm-Eu-Tb-V-Ag-Nd-U-Ba-Ce-K-Ga-Cr-Al-Li-Sc-Ru-In-Mg-Zr-Dy-W-Yb-Y-Ho-Re-Be-Rb-La-Sn-Cs-Pb-Pr-Bi-Tm-Sr-Ti-Hf-Ir-Nb-Pd-Hg-Th-Np-Lu-Rh-Pu_1_4_12,phimage_Cu-Mn-Ni-Mo-Fe-Pt-Zn-Ca-Er-Au-Cd-Co-Gd-Na-Sm-Eu-Tb-V-Ag-Nd-U-Ba-Ce-K-Ga-Cr-Al-Li-Sc-Ru-In-Mg-Zr-Dy-W-Yb-Y-Ho-Re-Be-Rb-La-Sn-Cs-Pb-Pr-Bi-Tm-Sr-Ti-Hf-Ir-Nb-Pd-Hg-Th-Np-Lu-Rh-Pu_1_4_13,phimage_Cu-Mn-Ni-Mo-Fe-Pt-Zn-Ca-Er-Au-Cd-Co-Gd-Na-Sm-Eu-Tb-V-Ag-Nd-U-Ba-Ce-K-Ga-Cr-Al-Li-Sc-Ru-In-Mg-Zr-Dy-W-Yb-Y-Ho-Re-Be-Rb-La-Sn-Cs-Pb-Pr-Bi-Tm-Sr-Ti-Hf-Ir-Nb-Pd-Hg-Th-Np-Lu-Rh-Pu_1_4_14,phimage_Cu-Mn-Ni-Mo-Fe-Pt-Zn-Ca-Er-Au-Cd-Co-Gd-Na-Sm-Eu-Tb-V-Ag-Nd-U-Ba-Ce-K-Ga-Cr-Al-Li-Sc-Ru-In-Mg-Zr-Dy-W-Yb-Y-Ho-Re-Be-Rb-La-Sn-Cs-Pb-Pr-Bi-Tm-Sr-Ti-Hf-Ir-Nb-Pd-Hg-Th-Np-Lu-Rh-Pu_1_4_15,phimage_Cu-Mn-Ni-Mo-Fe-Pt-Zn-Ca-Er-Au-Cd-Co-Gd-Na-Sm-Eu-Tb-V-Ag-Nd-U-Ba-Ce-K-Ga-Cr-Al-Li-Sc-Ru-In-Mg-Zr-Dy-W-Yb-Y-Ho-Re-Be-Rb-La-Sn-Cs-Pb-Pr-Bi-Tm-Sr-Ti-Hf-Ir-Nb-Pd-Hg-Th-Np-Lu-Rh-Pu_1_4_16,phimage_Cu-Mn-Ni-Mo-Fe-Pt-Zn-Ca-Er-Au-Cd-Co-Gd-Na-Sm-Eu-Tb-V-Ag-Nd-U-Ba-Ce-K-Ga-Cr-Al-Li-Sc-Ru-In-Mg-Zr-Dy-W-Yb-Y-Ho-Re-Be-Rb-La-Sn-Cs-Pb-Pr-Bi-Tm-Sr-Ti-Hf-Ir-Nb-Pd-Hg-Th-Np-Lu-Rh-Pu_1_4_17,phimage_Cu-Mn-Ni-Mo-Fe-Pt-Zn-Ca-Er-Au-Cd-Co-Gd-Na-Sm-Eu-Tb-V-Ag-Nd-U-Ba-Ce-K-Ga-Cr-Al-Li-Sc-Ru-In-Mg-Zr-Dy-W-Yb-Y-Ho-Re-Be-Rb-La-Sn-Cs-Pb-Pr-Bi-Tm-Sr-Ti-Hf-Ir-Nb-Pd-Hg-Th-Np-Lu-Rh-Pu_1_4_18,phimage_Cu-Mn-Ni-Mo-Fe-Pt-Zn-Ca-Er-Au-Cd-Co-Gd-Na-Sm-Eu-Tb-V-Ag-Nd-U-Ba-Ce-K-Ga-Cr-Al-Li-Sc-Ru-In-Mg-Zr-Dy-W-Yb-Y-Ho-Re-Be-Rb-La-Sn-Cs-Pb-Pr-Bi-Tm-Sr-Ti-Hf-Ir-Nb-Pd-Hg-Th-Np-Lu-Rh-Pu_1_4_19,phimage_Cu-Mn-Ni-Mo-Fe-Pt-Zn-Ca-Er-Au-Cd-Co-Gd-Na-Sm-Eu-Tb-V-Ag-Nd-U-Ba-Ce-K-Ga-Cr-Al-Li-Sc-Ru-In-Mg-Zr-Dy-W-Yb-Y-Ho-Re-Be-Rb-La-Sn-Cs-Pb-Pr-Bi-Tm-Sr-Ti-Hf-Ir-Nb-Pd-Hg-Th-Np-Lu-Rh-Pu_1_5_0,phimage_Cu-Mn-Ni-Mo-Fe-Pt-Zn-Ca-Er-Au-Cd-Co-Gd-Na-Sm-Eu-Tb-V-Ag-Nd-U-Ba-Ce-K-Ga-Cr-Al-Li-Sc-Ru-In-Mg-Zr-Dy-W-Yb-Y-Ho-Re-Be-Rb-La-Sn-Cs-Pb-Pr-Bi-Tm-Sr-Ti-Hf-Ir-Nb-Pd-Hg-Th-Np-Lu-Rh-Pu_1_5_1,phimage_Cu-Mn-Ni-Mo-Fe-Pt-Zn-Ca-Er-Au-Cd-Co-Gd-Na-Sm-Eu-Tb-V-Ag-Nd-U-Ba-Ce-K-Ga-Cr-Al-Li-Sc-Ru-In-Mg-Zr-Dy-W-Yb-Y-Ho-Re-Be-Rb-La-Sn-Cs-Pb-Pr-Bi-Tm-Sr-Ti-Hf-Ir-Nb-Pd-Hg-Th-Np-Lu-Rh-Pu_1_5_2,phimage_Cu-Mn-Ni-Mo-Fe-Pt-Zn-Ca-Er-Au-Cd-Co-Gd-Na-Sm-Eu-Tb-V-Ag-Nd-U-Ba-Ce-K-Ga-Cr-Al-Li-Sc-Ru-In-Mg-Zr-Dy-W-Yb-Y-Ho-Re-Be-Rb-La-Sn-Cs-Pb-Pr-Bi-Tm-Sr-Ti-Hf-Ir-Nb-Pd-Hg-Th-Np-Lu-Rh-Pu_1_5_3,phimage_Cu-Mn-Ni-Mo-Fe-Pt-Zn-Ca-Er-Au-Cd-Co-Gd-Na-Sm-Eu-Tb-V-Ag-Nd-U-Ba-Ce-K-Ga-Cr-Al-Li-Sc-Ru-In-Mg-Zr-Dy-W-Yb-Y-Ho-Re-Be-Rb-La-Sn-Cs-Pb-Pr-Bi-Tm-Sr-Ti-Hf-Ir-Nb-Pd-Hg-Th-Np-Lu-Rh-Pu_1_5_4,phimage_Cu-Mn-Ni-Mo-Fe-Pt-Zn-Ca-Er-Au-Cd-Co-Gd-Na-Sm-Eu-Tb-V-Ag-Nd-U-Ba-Ce-K-Ga-Cr-Al-Li-Sc-Ru-In-Mg-Zr-Dy-W-Yb-Y-Ho-Re-Be-Rb-La-Sn-Cs-Pb-Pr-Bi-Tm-Sr-Ti-Hf-Ir-Nb-Pd-Hg-Th-Np-Lu-Rh-Pu_1_5_5,phimage_Cu-Mn-Ni-Mo-Fe-Pt-Zn-Ca-Er-Au-Cd-Co-Gd-Na-Sm-Eu-Tb-V-Ag-Nd-U-Ba-Ce-K-Ga-Cr-Al-Li-Sc-Ru-In-Mg-Zr-Dy-W-Yb-Y-Ho-Re-Be-Rb-La-Sn-Cs-Pb-Pr-Bi-Tm-Sr-Ti-Hf-Ir-Nb-Pd-Hg-Th-Np-Lu-Rh-Pu_1_5_6,phimage_Cu-Mn-Ni-Mo-Fe-Pt-Zn-Ca-Er-Au-Cd-Co-Gd-Na-Sm-Eu-Tb-V-Ag-Nd-U-Ba-Ce-K-Ga-Cr-Al-Li-Sc-Ru-In-Mg-Zr-Dy-W-Yb-Y-Ho-Re-Be-Rb-La-Sn-Cs-Pb-Pr-Bi-Tm-Sr-Ti-Hf-Ir-Nb-Pd-Hg-Th-Np-Lu-Rh-Pu_1_5_7,phimage_Cu-Mn-Ni-Mo-Fe-Pt-Zn-Ca-Er-Au-Cd-Co-Gd-Na-Sm-Eu-Tb-V-Ag-Nd-U-Ba-Ce-K-Ga-Cr-Al-Li-Sc-Ru-In-Mg-Zr-Dy-W-Yb-Y-Ho-Re-Be-Rb-La-Sn-Cs-Pb-Pr-Bi-Tm-Sr-Ti-Hf-Ir-Nb-Pd-Hg-Th-Np-Lu-Rh-Pu_1_5_8,phimage_Cu-Mn-Ni-Mo-Fe-Pt-Zn-Ca-Er-Au-Cd-Co-Gd-Na-Sm-Eu-Tb-V-Ag-Nd-U-Ba-Ce-K-Ga-Cr-Al-Li-Sc-Ru-In-Mg-Zr-Dy-W-Yb-Y-Ho-Re-Be-Rb-La-Sn-Cs-Pb-Pr-Bi-Tm-Sr-Ti-Hf-Ir-Nb-Pd-Hg-Th-Np-Lu-Rh-Pu_1_5_9,phimage_Cu-Mn-Ni-Mo-Fe-Pt-Zn-Ca-Er-Au-Cd-Co-Gd-Na-Sm-Eu-Tb-V-Ag-Nd-U-Ba-Ce-K-Ga-Cr-Al-Li-Sc-Ru-In-Mg-Zr-Dy-W-Yb-Y-Ho-Re-Be-Rb-La-Sn-Cs-Pb-Pr-Bi-Tm-Sr-Ti-Hf-Ir-Nb-Pd-Hg-Th-Np-Lu-Rh-Pu_1_5_10,phimage_Cu-Mn-Ni-Mo-Fe-Pt-Zn-Ca-Er-Au-Cd-Co-Gd-Na-Sm-Eu-Tb-V-Ag-Nd-U-Ba-Ce-K-Ga-Cr-Al-Li-Sc-Ru-In-Mg-Zr-Dy-W-Yb-Y-Ho-Re-Be-Rb-La-Sn-Cs-Pb-Pr-Bi-Tm-Sr-Ti-Hf-Ir-Nb-Pd-Hg-Th-Np-Lu-Rh-Pu_1_5_11,phimage_Cu-Mn-Ni-Mo-Fe-Pt-Zn-Ca-Er-Au-Cd-Co-Gd-Na-Sm-Eu-Tb-V-Ag-Nd-U-Ba-Ce-K-Ga-Cr-Al-Li-Sc-Ru-In-Mg-Zr-Dy-W-Yb-Y-Ho-Re-Be-Rb-La-Sn-Cs-Pb-Pr-Bi-Tm-Sr-Ti-Hf-Ir-Nb-Pd-Hg-Th-Np-Lu-Rh-Pu_1_5_12,phimage_Cu-Mn-Ni-Mo-Fe-Pt-Zn-Ca-Er-Au-Cd-Co-Gd-Na-Sm-Eu-Tb-V-Ag-Nd-U-Ba-Ce-K-Ga-Cr-Al-Li-Sc-Ru-In-Mg-Zr-Dy-W-Yb-Y-Ho-Re-Be-Rb-La-Sn-Cs-Pb-Pr-Bi-Tm-Sr-Ti-Hf-Ir-Nb-Pd-Hg-Th-Np-Lu-Rh-Pu_1_5_13,phimage_Cu-Mn-Ni-Mo-Fe-Pt-Zn-Ca-Er-Au-Cd-Co-Gd-Na-Sm-Eu-Tb-V-Ag-Nd-U-Ba-Ce-K-Ga-Cr-Al-Li-Sc-Ru-In-Mg-Zr-Dy-W-Yb-Y-Ho-Re-Be-Rb-La-Sn-Cs-Pb-Pr-Bi-Tm-Sr-Ti-Hf-Ir-Nb-Pd-Hg-Th-Np-Lu-Rh-Pu_1_5_14,phimage_Cu-Mn-Ni-Mo-Fe-Pt-Zn-Ca-Er-Au-Cd-Co-Gd-Na-Sm-Eu-Tb-V-Ag-Nd-U-Ba-Ce-K-Ga-Cr-Al-Li-Sc-Ru-In-Mg-Zr-Dy-W-Yb-Y-Ho-Re-Be-Rb-La-Sn-Cs-Pb-Pr-Bi-Tm-Sr-Ti-Hf-Ir-Nb-Pd-Hg-Th-Np-Lu-Rh-Pu_1_5_15,phimage_Cu-Mn-Ni-Mo-Fe-Pt-Zn-Ca-Er-Au-Cd-Co-Gd-Na-Sm-Eu-Tb-V-Ag-Nd-U-Ba-Ce-K-Ga-Cr-Al-Li-Sc-Ru-In-Mg-Zr-Dy-W-Yb-Y-Ho-Re-Be-Rb-La-Sn-Cs-Pb-Pr-Bi-Tm-Sr-Ti-Hf-Ir-Nb-Pd-Hg-Th-Np-Lu-Rh-Pu_1_5_16,phimage_Cu-Mn-Ni-Mo-Fe-Pt-Zn-Ca-Er-Au-Cd-Co-Gd-Na-Sm-Eu-Tb-V-Ag-Nd-U-Ba-Ce-K-Ga-Cr-Al-Li-Sc-Ru-In-Mg-Zr-Dy-W-Yb-Y-Ho-Re-Be-Rb-La-Sn-Cs-Pb-Pr-Bi-Tm-Sr-Ti-Hf-Ir-Nb-Pd-Hg-Th-Np-Lu-Rh-Pu_1_5_17,phimage_Cu-Mn-Ni-Mo-Fe-Pt-Zn-Ca-Er-Au-Cd-Co-Gd-Na-Sm-Eu-Tb-V-Ag-Nd-U-Ba-Ce-K-Ga-Cr-Al-Li-Sc-Ru-In-Mg-Zr-Dy-W-Yb-Y-Ho-Re-Be-Rb-La-Sn-Cs-Pb-Pr-Bi-Tm-Sr-Ti-Hf-Ir-Nb-Pd-Hg-Th-Np-Lu-Rh-Pu_1_5_18,phimage_Cu-Mn-Ni-Mo-Fe-Pt-Zn-Ca-Er-Au-Cd-Co-Gd-Na-Sm-Eu-Tb-V-Ag-Nd-U-Ba-Ce-K-Ga-Cr-Al-Li-Sc-Ru-In-Mg-Zr-Dy-W-Yb-Y-Ho-Re-Be-Rb-La-Sn-Cs-Pb-Pr-Bi-Tm-Sr-Ti-Hf-Ir-Nb-Pd-Hg-Th-Np-Lu-Rh-Pu_1_5_19,phimage_Cu-Mn-Ni-Mo-Fe-Pt-Zn-Ca-Er-Au-Cd-Co-Gd-Na-Sm-Eu-Tb-V-Ag-Nd-U-Ba-Ce-K-Ga-Cr-Al-Li-Sc-Ru-In-Mg-Zr-Dy-W-Yb-Y-Ho-Re-Be-Rb-La-Sn-Cs-Pb-Pr-Bi-Tm-Sr-Ti-Hf-Ir-Nb-Pd-Hg-Th-Np-Lu-Rh-Pu_1_6_0,phimage_Cu-Mn-Ni-Mo-Fe-Pt-Zn-Ca-Er-Au-Cd-Co-Gd-Na-Sm-Eu-Tb-V-Ag-Nd-U-Ba-Ce-K-Ga-Cr-Al-Li-Sc-Ru-In-Mg-Zr-Dy-W-Yb-Y-Ho-Re-Be-Rb-La-Sn-Cs-Pb-Pr-Bi-Tm-Sr-Ti-Hf-Ir-Nb-Pd-Hg-Th-Np-Lu-Rh-Pu_1_6_1,phimage_Cu-Mn-Ni-Mo-Fe-Pt-Zn-Ca-Er-Au-Cd-Co-Gd-Na-Sm-Eu-Tb-V-Ag-Nd-U-Ba-Ce-K-Ga-Cr-Al-Li-Sc-Ru-In-Mg-Zr-Dy-W-Yb-Y-Ho-Re-Be-Rb-La-Sn-Cs-Pb-Pr-Bi-Tm-Sr-Ti-Hf-Ir-Nb-Pd-Hg-Th-Np-Lu-Rh-Pu_1_6_2,phimage_Cu-Mn-Ni-Mo-Fe-Pt-Zn-Ca-Er-Au-Cd-Co-Gd-Na-Sm-Eu-Tb-V-Ag-Nd-U-Ba-Ce-K-Ga-Cr-Al-Li-Sc-Ru-In-Mg-Zr-Dy-W-Yb-Y-Ho-Re-Be-Rb-La-Sn-Cs-Pb-Pr-Bi-Tm-Sr-Ti-Hf-Ir-Nb-Pd-Hg-Th-Np-Lu-Rh-Pu_1_6_3,phimage_Cu-Mn-Ni-Mo-Fe-Pt-Zn-Ca-Er-Au-Cd-Co-Gd-Na-Sm-Eu-Tb-V-Ag-Nd-U-Ba-Ce-K-Ga-Cr-Al-Li-Sc-Ru-In-Mg-Zr-Dy-W-Yb-Y-Ho-Re-Be-Rb-La-Sn-Cs-Pb-Pr-Bi-Tm-Sr-Ti-Hf-Ir-Nb-Pd-Hg-Th-Np-Lu-Rh-Pu_1_6_4,phimage_Cu-Mn-Ni-Mo-Fe-Pt-Zn-Ca-Er-Au-Cd-Co-Gd-Na-Sm-Eu-Tb-V-Ag-Nd-U-Ba-Ce-K-Ga-Cr-Al-Li-Sc-Ru-In-Mg-Zr-Dy-W-Yb-Y-Ho-Re-Be-Rb-La-Sn-Cs-Pb-Pr-Bi-Tm-Sr-Ti-Hf-Ir-Nb-Pd-Hg-Th-Np-Lu-Rh-Pu_1_6_5,phimage_Cu-Mn-Ni-Mo-Fe-Pt-Zn-Ca-Er-Au-Cd-Co-Gd-Na-Sm-Eu-Tb-V-Ag-Nd-U-Ba-Ce-K-Ga-Cr-Al-Li-Sc-Ru-In-Mg-Zr-Dy-W-Yb-Y-Ho-Re-Be-Rb-La-Sn-Cs-Pb-Pr-Bi-Tm-Sr-Ti-Hf-Ir-Nb-Pd-Hg-Th-Np-Lu-Rh-Pu_1_6_6,phimage_Cu-Mn-Ni-Mo-Fe-Pt-Zn-Ca-Er-Au-Cd-Co-Gd-Na-Sm-Eu-Tb-V-Ag-Nd-U-Ba-Ce-K-Ga-Cr-Al-Li-Sc-Ru-In-Mg-Zr-Dy-W-Yb-Y-Ho-Re-Be-Rb-La-Sn-Cs-Pb-Pr-Bi-Tm-Sr-Ti-Hf-Ir-Nb-Pd-Hg-Th-Np-Lu-Rh-Pu_1_6_7,phimage_Cu-Mn-Ni-Mo-Fe-Pt-Zn-Ca-Er-Au-Cd-Co-Gd-Na-Sm-Eu-Tb-V-Ag-Nd-U-Ba-Ce-K-Ga-Cr-Al-Li-Sc-Ru-In-Mg-Zr-Dy-W-Yb-Y-Ho-Re-Be-Rb-La-Sn-Cs-Pb-Pr-Bi-Tm-Sr-Ti-Hf-Ir-Nb-Pd-Hg-Th-Np-Lu-Rh-Pu_1_6_8,phimage_Cu-Mn-Ni-Mo-Fe-Pt-Zn-Ca-Er-Au-Cd-Co-Gd-Na-Sm-Eu-Tb-V-Ag-Nd-U-Ba-Ce-K-Ga-Cr-Al-Li-Sc-Ru-In-Mg-Zr-Dy-W-Yb-Y-Ho-Re-Be-Rb-La-Sn-Cs-Pb-Pr-Bi-Tm-Sr-Ti-Hf-Ir-Nb-Pd-Hg-Th-Np-Lu-Rh-Pu_1_6_9,phimage_Cu-Mn-Ni-Mo-Fe-Pt-Zn-Ca-Er-Au-Cd-Co-Gd-Na-Sm-Eu-Tb-V-Ag-Nd-U-Ba-Ce-K-Ga-Cr-Al-Li-Sc-Ru-In-Mg-Zr-Dy-W-Yb-Y-Ho-Re-Be-Rb-La-Sn-Cs-Pb-Pr-Bi-Tm-Sr-Ti-Hf-Ir-Nb-Pd-Hg-Th-Np-Lu-Rh-Pu_1_6_10,phimage_Cu-Mn-Ni-Mo-Fe-Pt-Zn-Ca-Er-Au-Cd-Co-Gd-Na-Sm-Eu-Tb-V-Ag-Nd-U-Ba-Ce-K-Ga-Cr-Al-Li-Sc-Ru-In-Mg-Zr-Dy-W-Yb-Y-Ho-Re-Be-Rb-La-Sn-Cs-Pb-Pr-Bi-Tm-Sr-Ti-Hf-Ir-Nb-Pd-Hg-Th-Np-Lu-Rh-Pu_1_6_11,phimage_Cu-Mn-Ni-Mo-Fe-Pt-Zn-Ca-Er-Au-Cd-Co-Gd-Na-Sm-Eu-Tb-V-Ag-Nd-U-Ba-Ce-K-Ga-Cr-Al-Li-Sc-Ru-In-Mg-Zr-Dy-W-Yb-Y-Ho-Re-Be-Rb-La-Sn-Cs-Pb-Pr-Bi-Tm-Sr-Ti-Hf-Ir-Nb-Pd-Hg-Th-Np-Lu-Rh-Pu_1_6_12,phimage_Cu-Mn-Ni-Mo-Fe-Pt-Zn-Ca-Er-Au-Cd-Co-Gd-Na-Sm-Eu-Tb-V-Ag-Nd-U-Ba-Ce-K-Ga-Cr-Al-Li-Sc-Ru-In-Mg-Zr-Dy-W-Yb-Y-Ho-Re-Be-Rb-La-Sn-Cs-Pb-Pr-Bi-Tm-Sr-Ti-Hf-Ir-Nb-Pd-Hg-Th-Np-Lu-Rh-Pu_1_6_13,phimage_Cu-Mn-Ni-Mo-Fe-Pt-Zn-Ca-Er-Au-Cd-Co-Gd-Na-Sm-Eu-Tb-V-Ag-Nd-U-Ba-Ce-K-Ga-Cr-Al-Li-Sc-Ru-In-Mg-Zr-Dy-W-Yb-Y-Ho-Re-Be-Rb-La-Sn-Cs-Pb-Pr-Bi-Tm-Sr-Ti-Hf-Ir-Nb-Pd-Hg-Th-Np-Lu-Rh-Pu_1_6_14,phimage_Cu-Mn-Ni-Mo-Fe-Pt-Zn-Ca-Er-Au-Cd-Co-Gd-Na-Sm-Eu-Tb-V-Ag-Nd-U-Ba-Ce-K-Ga-Cr-Al-Li-Sc-Ru-In-Mg-Zr-Dy-W-Yb-Y-Ho-Re-Be-Rb-La-Sn-Cs-Pb-Pr-Bi-Tm-Sr-Ti-Hf-Ir-Nb-Pd-Hg-Th-Np-Lu-Rh-Pu_1_6_15,phimage_Cu-Mn-Ni-Mo-Fe-Pt-Zn-Ca-Er-Au-Cd-Co-Gd-Na-Sm-Eu-Tb-V-Ag-Nd-U-Ba-Ce-K-Ga-Cr-Al-Li-Sc-Ru-In-Mg-Zr-Dy-W-Yb-Y-Ho-Re-Be-Rb-La-Sn-Cs-Pb-Pr-Bi-Tm-Sr-Ti-Hf-Ir-Nb-Pd-Hg-Th-Np-Lu-Rh-Pu_1_6_16,phimage_Cu-Mn-Ni-Mo-Fe-Pt-Zn-Ca-Er-Au-Cd-Co-Gd-Na-Sm-Eu-Tb-V-Ag-Nd-U-Ba-Ce-K-Ga-Cr-Al-Li-Sc-Ru-In-Mg-Zr-Dy-W-Yb-Y-Ho-Re-Be-Rb-La-Sn-Cs-Pb-Pr-Bi-Tm-Sr-Ti-Hf-Ir-Nb-Pd-Hg-Th-Np-Lu-Rh-Pu_1_6_17,phimage_Cu-Mn-Ni-Mo-Fe-Pt-Zn-Ca-Er-Au-Cd-Co-Gd-Na-Sm-Eu-Tb-V-Ag-Nd-U-Ba-Ce-K-Ga-Cr-Al-Li-Sc-Ru-In-Mg-Zr-Dy-W-Yb-Y-Ho-Re-Be-Rb-La-Sn-Cs-Pb-Pr-Bi-Tm-Sr-Ti-Hf-Ir-Nb-Pd-Hg-Th-Np-Lu-Rh-Pu_1_6_18,phimage_Cu-Mn-Ni-Mo-Fe-Pt-Zn-Ca-Er-Au-Cd-Co-Gd-Na-Sm-Eu-Tb-V-Ag-Nd-U-Ba-Ce-K-Ga-Cr-Al-Li-Sc-Ru-In-Mg-Zr-Dy-W-Yb-Y-Ho-Re-Be-Rb-La-Sn-Cs-Pb-Pr-Bi-Tm-Sr-Ti-Hf-Ir-Nb-Pd-Hg-Th-Np-Lu-Rh-Pu_1_6_19,phimage_Cu-Mn-Ni-Mo-Fe-Pt-Zn-Ca-Er-Au-Cd-Co-Gd-Na-Sm-Eu-Tb-V-Ag-Nd-U-Ba-Ce-K-Ga-Cr-Al-Li-Sc-Ru-In-Mg-Zr-Dy-W-Yb-Y-Ho-Re-Be-Rb-La-Sn-Cs-Pb-Pr-Bi-Tm-Sr-Ti-Hf-Ir-Nb-Pd-Hg-Th-Np-Lu-Rh-Pu_1_7_0,phimage_Cu-Mn-Ni-Mo-Fe-Pt-Zn-Ca-Er-Au-Cd-Co-Gd-Na-Sm-Eu-Tb-V-Ag-Nd-U-Ba-Ce-K-Ga-Cr-Al-Li-Sc-Ru-In-Mg-Zr-Dy-W-Yb-Y-Ho-Re-Be-Rb-La-Sn-Cs-Pb-Pr-Bi-Tm-Sr-Ti-Hf-Ir-Nb-Pd-Hg-Th-Np-Lu-Rh-Pu_1_7_1,phimage_Cu-Mn-Ni-Mo-Fe-Pt-Zn-Ca-Er-Au-Cd-Co-Gd-Na-Sm-Eu-Tb-V-Ag-Nd-U-Ba-Ce-K-Ga-Cr-Al-Li-Sc-Ru-In-Mg-Zr-Dy-W-Yb-Y-Ho-Re-Be-Rb-La-Sn-Cs-Pb-Pr-Bi-Tm-Sr-Ti-Hf-Ir-Nb-Pd-Hg-Th-Np-Lu-Rh-Pu_1_7_2,phimage_Cu-Mn-Ni-Mo-Fe-Pt-Zn-Ca-Er-Au-Cd-Co-Gd-Na-Sm-Eu-Tb-V-Ag-Nd-U-Ba-Ce-K-Ga-Cr-Al-Li-Sc-Ru-In-Mg-Zr-Dy-W-Yb-Y-Ho-Re-Be-Rb-La-Sn-Cs-Pb-Pr-Bi-Tm-Sr-Ti-Hf-Ir-Nb-Pd-Hg-Th-Np-Lu-Rh-Pu_1_7_3,phimage_Cu-Mn-Ni-Mo-Fe-Pt-Zn-Ca-Er-Au-Cd-Co-Gd-Na-Sm-Eu-Tb-V-Ag-Nd-U-Ba-Ce-K-Ga-Cr-Al-Li-Sc-Ru-In-Mg-Zr-Dy-W-Yb-Y-Ho-Re-Be-Rb-La-Sn-Cs-Pb-Pr-Bi-Tm-Sr-Ti-Hf-Ir-Nb-Pd-Hg-Th-Np-Lu-Rh-Pu_1_7_4,phimage_Cu-Mn-Ni-Mo-Fe-Pt-Zn-Ca-Er-Au-Cd-Co-Gd-Na-Sm-Eu-Tb-V-Ag-Nd-U-Ba-Ce-K-Ga-Cr-Al-Li-Sc-Ru-In-Mg-Zr-Dy-W-Yb-Y-Ho-Re-Be-Rb-La-Sn-Cs-Pb-Pr-Bi-Tm-Sr-Ti-Hf-Ir-Nb-Pd-Hg-Th-Np-Lu-Rh-Pu_1_7_5,phimage_Cu-Mn-Ni-Mo-Fe-Pt-Zn-Ca-Er-Au-Cd-Co-Gd-Na-Sm-Eu-Tb-V-Ag-Nd-U-Ba-Ce-K-Ga-Cr-Al-Li-Sc-Ru-In-Mg-Zr-Dy-W-Yb-Y-Ho-Re-Be-Rb-La-Sn-Cs-Pb-Pr-Bi-Tm-Sr-Ti-Hf-Ir-Nb-Pd-Hg-Th-Np-Lu-Rh-Pu_1_7_6,phimage_Cu-Mn-Ni-Mo-Fe-Pt-Zn-Ca-Er-Au-Cd-Co-Gd-Na-Sm-Eu-Tb-V-Ag-Nd-U-Ba-Ce-K-Ga-Cr-Al-Li-Sc-Ru-In-Mg-Zr-Dy-W-Yb-Y-Ho-Re-Be-Rb-La-Sn-Cs-Pb-Pr-Bi-Tm-Sr-Ti-Hf-Ir-Nb-Pd-Hg-Th-Np-Lu-Rh-Pu_1_7_7,phimage_Cu-Mn-Ni-Mo-Fe-Pt-Zn-Ca-Er-Au-Cd-Co-Gd-Na-Sm-Eu-Tb-V-Ag-Nd-U-Ba-Ce-K-Ga-Cr-Al-Li-Sc-Ru-In-Mg-Zr-Dy-W-Yb-Y-Ho-Re-Be-Rb-La-Sn-Cs-Pb-Pr-Bi-Tm-Sr-Ti-Hf-Ir-Nb-Pd-Hg-Th-Np-Lu-Rh-Pu_1_7_8,phimage_Cu-Mn-Ni-Mo-Fe-Pt-Zn-Ca-Er-Au-Cd-Co-Gd-Na-Sm-Eu-Tb-V-Ag-Nd-U-Ba-Ce-K-Ga-Cr-Al-Li-Sc-Ru-In-Mg-Zr-Dy-W-Yb-Y-Ho-Re-Be-Rb-La-Sn-Cs-Pb-Pr-Bi-Tm-Sr-Ti-Hf-Ir-Nb-Pd-Hg-Th-Np-Lu-Rh-Pu_1_7_9,phimage_Cu-Mn-Ni-Mo-Fe-Pt-Zn-Ca-Er-Au-Cd-Co-Gd-Na-Sm-Eu-Tb-V-Ag-Nd-U-Ba-Ce-K-Ga-Cr-Al-Li-Sc-Ru-In-Mg-Zr-Dy-W-Yb-Y-Ho-Re-Be-Rb-La-Sn-Cs-Pb-Pr-Bi-Tm-Sr-Ti-Hf-Ir-Nb-Pd-Hg-Th-Np-Lu-Rh-Pu_1_7_10,phimage_Cu-Mn-Ni-Mo-Fe-Pt-Zn-Ca-Er-Au-Cd-Co-Gd-Na-Sm-Eu-Tb-V-Ag-Nd-U-Ba-Ce-K-Ga-Cr-Al-Li-Sc-Ru-In-Mg-Zr-Dy-W-Yb-Y-Ho-Re-Be-Rb-La-Sn-Cs-Pb-Pr-Bi-Tm-Sr-Ti-Hf-Ir-Nb-Pd-Hg-Th-Np-Lu-Rh-Pu_1_7_11,phimage_Cu-Mn-Ni-Mo-Fe-Pt-Zn-Ca-Er-Au-Cd-Co-Gd-Na-Sm-Eu-Tb-V-Ag-Nd-U-Ba-Ce-K-Ga-Cr-Al-Li-Sc-Ru-In-Mg-Zr-Dy-W-Yb-Y-Ho-Re-Be-Rb-La-Sn-Cs-Pb-Pr-Bi-Tm-Sr-Ti-Hf-Ir-Nb-Pd-Hg-Th-Np-Lu-Rh-Pu_1_7_12,phimage_Cu-Mn-Ni-Mo-Fe-Pt-Zn-Ca-Er-Au-Cd-Co-Gd-Na-Sm-Eu-Tb-V-Ag-Nd-U-Ba-Ce-K-Ga-Cr-Al-Li-Sc-Ru-In-Mg-Zr-Dy-W-Yb-Y-Ho-Re-Be-Rb-La-Sn-Cs-Pb-Pr-Bi-Tm-Sr-Ti-Hf-Ir-Nb-Pd-Hg-Th-Np-Lu-Rh-Pu_1_7_13,phimage_Cu-Mn-Ni-Mo-Fe-Pt-Zn-Ca-Er-Au-Cd-Co-Gd-Na-Sm-Eu-Tb-V-Ag-Nd-U-Ba-Ce-K-Ga-Cr-Al-Li-Sc-Ru-In-Mg-Zr-Dy-W-Yb-Y-Ho-Re-Be-Rb-La-Sn-Cs-Pb-Pr-Bi-Tm-Sr-Ti-Hf-Ir-Nb-Pd-Hg-Th-Np-Lu-Rh-Pu_1_7_14,phimage_Cu-Mn-Ni-Mo-Fe-Pt-Zn-Ca-Er-Au-Cd-Co-Gd-Na-Sm-Eu-Tb-V-Ag-Nd-U-Ba-Ce-K-Ga-Cr-Al-Li-Sc-Ru-In-Mg-Zr-Dy-W-Yb-Y-Ho-Re-Be-Rb-La-Sn-Cs-Pb-Pr-Bi-Tm-Sr-Ti-Hf-Ir-Nb-Pd-Hg-Th-Np-Lu-Rh-Pu_1_7_15,phimage_Cu-Mn-Ni-Mo-Fe-Pt-Zn-Ca-Er-Au-Cd-Co-Gd-Na-Sm-Eu-Tb-V-Ag-Nd-U-Ba-Ce-K-Ga-Cr-Al-Li-Sc-Ru-In-Mg-Zr-Dy-W-Yb-Y-Ho-Re-Be-Rb-La-Sn-Cs-Pb-Pr-Bi-Tm-Sr-Ti-Hf-Ir-Nb-Pd-Hg-Th-Np-Lu-Rh-Pu_1_7_16,phimage_Cu-Mn-Ni-Mo-Fe-Pt-Zn-Ca-Er-Au-Cd-Co-Gd-Na-Sm-Eu-Tb-V-Ag-Nd-U-Ba-Ce-K-Ga-Cr-Al-Li-Sc-Ru-In-Mg-Zr-Dy-W-Yb-Y-Ho-Re-Be-Rb-La-Sn-Cs-Pb-Pr-Bi-Tm-Sr-Ti-Hf-Ir-Nb-Pd-Hg-Th-Np-Lu-Rh-Pu_1_7_17,phimage_Cu-Mn-Ni-Mo-Fe-Pt-Zn-Ca-Er-Au-Cd-Co-Gd-Na-Sm-Eu-Tb-V-Ag-Nd-U-Ba-Ce-K-Ga-Cr-Al-Li-Sc-Ru-In-Mg-Zr-Dy-W-Yb-Y-Ho-Re-Be-Rb-La-Sn-Cs-Pb-Pr-Bi-Tm-Sr-Ti-Hf-Ir-Nb-Pd-Hg-Th-Np-Lu-Rh-Pu_1_7_18,phimage_Cu-Mn-Ni-Mo-Fe-Pt-Zn-Ca-Er-Au-Cd-Co-Gd-Na-Sm-Eu-Tb-V-Ag-Nd-U-Ba-Ce-K-Ga-Cr-Al-Li-Sc-Ru-In-Mg-Zr-Dy-W-Yb-Y-Ho-Re-Be-Rb-La-Sn-Cs-Pb-Pr-Bi-Tm-Sr-Ti-Hf-Ir-Nb-Pd-Hg-Th-Np-Lu-Rh-Pu_1_7_19,phimage_Cu-Mn-Ni-Mo-Fe-Pt-Zn-Ca-Er-Au-Cd-Co-Gd-Na-Sm-Eu-Tb-V-Ag-Nd-U-Ba-Ce-K-Ga-Cr-Al-Li-Sc-Ru-In-Mg-Zr-Dy-W-Yb-Y-Ho-Re-Be-Rb-La-Sn-Cs-Pb-Pr-Bi-Tm-Sr-Ti-Hf-Ir-Nb-Pd-Hg-Th-Np-Lu-Rh-Pu_1_8_0,phimage_Cu-Mn-Ni-Mo-Fe-Pt-Zn-Ca-Er-Au-Cd-Co-Gd-Na-Sm-Eu-Tb-V-Ag-Nd-U-Ba-Ce-K-Ga-Cr-Al-Li-Sc-Ru-In-Mg-Zr-Dy-W-Yb-Y-Ho-Re-Be-Rb-La-Sn-Cs-Pb-Pr-Bi-Tm-Sr-Ti-Hf-Ir-Nb-Pd-Hg-Th-Np-Lu-Rh-Pu_1_8_1,phimage_Cu-Mn-Ni-Mo-Fe-Pt-Zn-Ca-Er-Au-Cd-Co-Gd-Na-Sm-Eu-Tb-V-Ag-Nd-U-Ba-Ce-K-Ga-Cr-Al-Li-Sc-Ru-In-Mg-Zr-Dy-W-Yb-Y-Ho-Re-Be-Rb-La-Sn-Cs-Pb-Pr-Bi-Tm-Sr-Ti-Hf-Ir-Nb-Pd-Hg-Th-Np-Lu-Rh-Pu_1_8_2,phimage_Cu-Mn-Ni-Mo-Fe-Pt-Zn-Ca-Er-Au-Cd-Co-Gd-Na-Sm-Eu-Tb-V-Ag-Nd-U-Ba-Ce-K-Ga-Cr-Al-Li-Sc-Ru-In-Mg-Zr-Dy-W-Yb-Y-Ho-Re-Be-Rb-La-Sn-Cs-Pb-Pr-Bi-Tm-Sr-Ti-Hf-Ir-Nb-Pd-Hg-Th-Np-Lu-Rh-Pu_1_8_3,phimage_Cu-Mn-Ni-Mo-Fe-Pt-Zn-Ca-Er-Au-Cd-Co-Gd-Na-Sm-Eu-Tb-V-Ag-Nd-U-Ba-Ce-K-Ga-Cr-Al-Li-Sc-Ru-In-Mg-Zr-Dy-W-Yb-Y-Ho-Re-Be-Rb-La-Sn-Cs-Pb-Pr-Bi-Tm-Sr-Ti-Hf-Ir-Nb-Pd-Hg-Th-Np-Lu-Rh-Pu_1_8_4,phimage_Cu-Mn-Ni-Mo-Fe-Pt-Zn-Ca-Er-Au-Cd-Co-Gd-Na-Sm-Eu-Tb-V-Ag-Nd-U-Ba-Ce-K-Ga-Cr-Al-Li-Sc-Ru-In-Mg-Zr-Dy-W-Yb-Y-Ho-Re-Be-Rb-La-Sn-Cs-Pb-Pr-Bi-Tm-Sr-Ti-Hf-Ir-Nb-Pd-Hg-Th-Np-Lu-Rh-Pu_1_8_5,phimage_Cu-Mn-Ni-Mo-Fe-Pt-Zn-Ca-Er-Au-Cd-Co-Gd-Na-Sm-Eu-Tb-V-Ag-Nd-U-Ba-Ce-K-Ga-Cr-Al-Li-Sc-Ru-In-Mg-Zr-Dy-W-Yb-Y-Ho-Re-Be-Rb-La-Sn-Cs-Pb-Pr-Bi-Tm-Sr-Ti-Hf-Ir-Nb-Pd-Hg-Th-Np-Lu-Rh-Pu_1_8_6,phimage_Cu-Mn-Ni-Mo-Fe-Pt-Zn-Ca-Er-Au-Cd-Co-Gd-Na-Sm-Eu-Tb-V-Ag-Nd-U-Ba-Ce-K-Ga-Cr-Al-Li-Sc-Ru-In-Mg-Zr-Dy-W-Yb-Y-Ho-Re-Be-Rb-La-Sn-Cs-Pb-Pr-Bi-Tm-Sr-Ti-Hf-Ir-Nb-Pd-Hg-Th-Np-Lu-Rh-Pu_1_8_7,phimage_Cu-Mn-Ni-Mo-Fe-Pt-Zn-Ca-Er-Au-Cd-Co-Gd-Na-Sm-Eu-Tb-V-Ag-Nd-U-Ba-Ce-K-Ga-Cr-Al-Li-Sc-Ru-In-Mg-Zr-Dy-W-Yb-Y-Ho-Re-Be-Rb-La-Sn-Cs-Pb-Pr-Bi-Tm-Sr-Ti-Hf-Ir-Nb-Pd-Hg-Th-Np-Lu-Rh-Pu_1_8_8,phimage_Cu-Mn-Ni-Mo-Fe-Pt-Zn-Ca-Er-Au-Cd-Co-Gd-Na-Sm-Eu-Tb-V-Ag-Nd-U-Ba-Ce-K-Ga-Cr-Al-Li-Sc-Ru-In-Mg-Zr-Dy-W-Yb-Y-Ho-Re-Be-Rb-La-Sn-Cs-Pb-Pr-Bi-Tm-Sr-Ti-Hf-Ir-Nb-Pd-Hg-Th-Np-Lu-Rh-Pu_1_8_9,phimage_Cu-Mn-Ni-Mo-Fe-Pt-Zn-Ca-Er-Au-Cd-Co-Gd-Na-Sm-Eu-Tb-V-Ag-Nd-U-Ba-Ce-K-Ga-Cr-Al-Li-Sc-Ru-In-Mg-Zr-Dy-W-Yb-Y-Ho-Re-Be-Rb-La-Sn-Cs-Pb-Pr-Bi-Tm-Sr-Ti-Hf-Ir-Nb-Pd-Hg-Th-Np-Lu-Rh-Pu_1_8_10,phimage_Cu-Mn-Ni-Mo-Fe-Pt-Zn-Ca-Er-Au-Cd-Co-Gd-Na-Sm-Eu-Tb-V-Ag-Nd-U-Ba-Ce-K-Ga-Cr-Al-Li-Sc-Ru-In-Mg-Zr-Dy-W-Yb-Y-Ho-Re-Be-Rb-La-Sn-Cs-Pb-Pr-Bi-Tm-Sr-Ti-Hf-Ir-Nb-Pd-Hg-Th-Np-Lu-Rh-Pu_1_8_11,phimage_Cu-Mn-Ni-Mo-Fe-Pt-Zn-Ca-Er-Au-Cd-Co-Gd-Na-Sm-Eu-Tb-V-Ag-Nd-U-Ba-Ce-K-Ga-Cr-Al-Li-Sc-Ru-In-Mg-Zr-Dy-W-Yb-Y-Ho-Re-Be-Rb-La-Sn-Cs-Pb-Pr-Bi-Tm-Sr-Ti-Hf-Ir-Nb-Pd-Hg-Th-Np-Lu-Rh-Pu_1_8_12,phimage_Cu-Mn-Ni-Mo-Fe-Pt-Zn-Ca-Er-Au-Cd-Co-Gd-Na-Sm-Eu-Tb-V-Ag-Nd-U-Ba-Ce-K-Ga-Cr-Al-Li-Sc-Ru-In-Mg-Zr-Dy-W-Yb-Y-Ho-Re-Be-Rb-La-Sn-Cs-Pb-Pr-Bi-Tm-Sr-Ti-Hf-Ir-Nb-Pd-Hg-Th-Np-Lu-Rh-Pu_1_8_13,phimage_Cu-Mn-Ni-Mo-Fe-Pt-Zn-Ca-Er-Au-Cd-Co-Gd-Na-Sm-Eu-Tb-V-Ag-Nd-U-Ba-Ce-K-Ga-Cr-Al-Li-Sc-Ru-In-Mg-Zr-Dy-W-Yb-Y-Ho-Re-Be-Rb-La-Sn-Cs-Pb-Pr-Bi-Tm-Sr-Ti-Hf-Ir-Nb-Pd-Hg-Th-Np-Lu-Rh-Pu_1_8_14,phimage_Cu-Mn-Ni-Mo-Fe-Pt-Zn-Ca-Er-Au-Cd-Co-Gd-Na-Sm-Eu-Tb-V-Ag-Nd-U-Ba-Ce-K-Ga-Cr-Al-Li-Sc-Ru-In-Mg-Zr-Dy-W-Yb-Y-Ho-Re-Be-Rb-La-Sn-Cs-Pb-Pr-Bi-Tm-Sr-Ti-Hf-Ir-Nb-Pd-Hg-Th-Np-Lu-Rh-Pu_1_8_15,phimage_Cu-Mn-Ni-Mo-Fe-Pt-Zn-Ca-Er-Au-Cd-Co-Gd-Na-Sm-Eu-Tb-V-Ag-Nd-U-Ba-Ce-K-Ga-Cr-Al-Li-Sc-Ru-In-Mg-Zr-Dy-W-Yb-Y-Ho-Re-Be-Rb-La-Sn-Cs-Pb-Pr-Bi-Tm-Sr-Ti-Hf-Ir-Nb-Pd-Hg-Th-Np-Lu-Rh-Pu_1_8_16,phimage_Cu-Mn-Ni-Mo-Fe-Pt-Zn-Ca-Er-Au-Cd-Co-Gd-Na-Sm-Eu-Tb-V-Ag-Nd-U-Ba-Ce-K-Ga-Cr-Al-Li-Sc-Ru-In-Mg-Zr-Dy-W-Yb-Y-Ho-Re-Be-Rb-La-Sn-Cs-Pb-Pr-Bi-Tm-Sr-Ti-Hf-Ir-Nb-Pd-Hg-Th-Np-Lu-Rh-Pu_1_8_17,phimage_Cu-Mn-Ni-Mo-Fe-Pt-Zn-Ca-Er-Au-Cd-Co-Gd-Na-Sm-Eu-Tb-V-Ag-Nd-U-Ba-Ce-K-Ga-Cr-Al-Li-Sc-Ru-In-Mg-Zr-Dy-W-Yb-Y-Ho-Re-Be-Rb-La-Sn-Cs-Pb-Pr-Bi-Tm-Sr-Ti-Hf-Ir-Nb-Pd-Hg-Th-Np-Lu-Rh-Pu_1_8_18,phimage_Cu-Mn-Ni-Mo-Fe-Pt-Zn-Ca-Er-Au-Cd-Co-Gd-Na-Sm-Eu-Tb-V-Ag-Nd-U-Ba-Ce-K-Ga-Cr-Al-Li-Sc-Ru-In-Mg-Zr-Dy-W-Yb-Y-Ho-Re-Be-Rb-La-Sn-Cs-Pb-Pr-Bi-Tm-Sr-Ti-Hf-Ir-Nb-Pd-Hg-Th-Np-Lu-Rh-Pu_1_8_19,phimage_Cu-Mn-Ni-Mo-Fe-Pt-Zn-Ca-Er-Au-Cd-Co-Gd-Na-Sm-Eu-Tb-V-Ag-Nd-U-Ba-Ce-K-Ga-Cr-Al-Li-Sc-Ru-In-Mg-Zr-Dy-W-Yb-Y-Ho-Re-Be-Rb-La-Sn-Cs-Pb-Pr-Bi-Tm-Sr-Ti-Hf-Ir-Nb-Pd-Hg-Th-Np-Lu-Rh-Pu_1_9_0,phimage_Cu-Mn-Ni-Mo-Fe-Pt-Zn-Ca-Er-Au-Cd-Co-Gd-Na-Sm-Eu-Tb-V-Ag-Nd-U-Ba-Ce-K-Ga-Cr-Al-Li-Sc-Ru-In-Mg-Zr-Dy-W-Yb-Y-Ho-Re-Be-Rb-La-Sn-Cs-Pb-Pr-Bi-Tm-Sr-Ti-Hf-Ir-Nb-Pd-Hg-Th-Np-Lu-Rh-Pu_1_9_1,phimage_Cu-Mn-Ni-Mo-Fe-Pt-Zn-Ca-Er-Au-Cd-Co-Gd-Na-Sm-Eu-Tb-V-Ag-Nd-U-Ba-Ce-K-Ga-Cr-Al-Li-Sc-Ru-In-Mg-Zr-Dy-W-Yb-Y-Ho-Re-Be-Rb-La-Sn-Cs-Pb-Pr-Bi-Tm-Sr-Ti-Hf-Ir-Nb-Pd-Hg-Th-Np-Lu-Rh-Pu_1_9_2,phimage_Cu-Mn-Ni-Mo-Fe-Pt-Zn-Ca-Er-Au-Cd-Co-Gd-Na-Sm-Eu-Tb-V-Ag-Nd-U-Ba-Ce-K-Ga-Cr-Al-Li-Sc-Ru-In-Mg-Zr-Dy-W-Yb-Y-Ho-Re-Be-Rb-La-Sn-Cs-Pb-Pr-Bi-Tm-Sr-Ti-Hf-Ir-Nb-Pd-Hg-Th-Np-Lu-Rh-Pu_1_9_3,phimage_Cu-Mn-Ni-Mo-Fe-Pt-Zn-Ca-Er-Au-Cd-Co-Gd-Na-Sm-Eu-Tb-V-Ag-Nd-U-Ba-Ce-K-Ga-Cr-Al-Li-Sc-Ru-In-Mg-Zr-Dy-W-Yb-Y-Ho-Re-Be-Rb-La-Sn-Cs-Pb-Pr-Bi-Tm-Sr-Ti-Hf-Ir-Nb-Pd-Hg-Th-Np-Lu-Rh-Pu_1_9_4,phimage_Cu-Mn-Ni-Mo-Fe-Pt-Zn-Ca-Er-Au-Cd-Co-Gd-Na-Sm-Eu-Tb-V-Ag-Nd-U-Ba-Ce-K-Ga-Cr-Al-Li-Sc-Ru-In-Mg-Zr-Dy-W-Yb-Y-Ho-Re-Be-Rb-La-Sn-Cs-Pb-Pr-Bi-Tm-Sr-Ti-Hf-Ir-Nb-Pd-Hg-Th-Np-Lu-Rh-Pu_1_9_5,phimage_Cu-Mn-Ni-Mo-Fe-Pt-Zn-Ca-Er-Au-Cd-Co-Gd-Na-Sm-Eu-Tb-V-Ag-Nd-U-Ba-Ce-K-Ga-Cr-Al-Li-Sc-Ru-In-Mg-Zr-Dy-W-Yb-Y-Ho-Re-Be-Rb-La-Sn-Cs-Pb-Pr-Bi-Tm-Sr-Ti-Hf-Ir-Nb-Pd-Hg-Th-Np-Lu-Rh-Pu_1_9_6,phimage_Cu-Mn-Ni-Mo-Fe-Pt-Zn-Ca-Er-Au-Cd-Co-Gd-Na-Sm-Eu-Tb-V-Ag-Nd-U-Ba-Ce-K-Ga-Cr-Al-Li-Sc-Ru-In-Mg-Zr-Dy-W-Yb-Y-Ho-Re-Be-Rb-La-Sn-Cs-Pb-Pr-Bi-Tm-Sr-Ti-Hf-Ir-Nb-Pd-Hg-Th-Np-Lu-Rh-Pu_1_9_7,phimage_Cu-Mn-Ni-Mo-Fe-Pt-Zn-Ca-Er-Au-Cd-Co-Gd-Na-Sm-Eu-Tb-V-Ag-Nd-U-Ba-Ce-K-Ga-Cr-Al-Li-Sc-Ru-In-Mg-Zr-Dy-W-Yb-Y-Ho-Re-Be-Rb-La-Sn-Cs-Pb-Pr-Bi-Tm-Sr-Ti-Hf-Ir-Nb-Pd-Hg-Th-Np-Lu-Rh-Pu_1_9_8,phimage_Cu-Mn-Ni-Mo-Fe-Pt-Zn-Ca-Er-Au-Cd-Co-Gd-Na-Sm-Eu-Tb-V-Ag-Nd-U-Ba-Ce-K-Ga-Cr-Al-Li-Sc-Ru-In-Mg-Zr-Dy-W-Yb-Y-Ho-Re-Be-Rb-La-Sn-Cs-Pb-Pr-Bi-Tm-Sr-Ti-Hf-Ir-Nb-Pd-Hg-Th-Np-Lu-Rh-Pu_1_9_9,phimage_Cu-Mn-Ni-Mo-Fe-Pt-Zn-Ca-Er-Au-Cd-Co-Gd-Na-Sm-Eu-Tb-V-Ag-Nd-U-Ba-Ce-K-Ga-Cr-Al-Li-Sc-Ru-In-Mg-Zr-Dy-W-Yb-Y-Ho-Re-Be-Rb-La-Sn-Cs-Pb-Pr-Bi-Tm-Sr-Ti-Hf-Ir-Nb-Pd-Hg-Th-Np-Lu-Rh-Pu_1_9_10,phimage_Cu-Mn-Ni-Mo-Fe-Pt-Zn-Ca-Er-Au-Cd-Co-Gd-Na-Sm-Eu-Tb-V-Ag-Nd-U-Ba-Ce-K-Ga-Cr-Al-Li-Sc-Ru-In-Mg-Zr-Dy-W-Yb-Y-Ho-Re-Be-Rb-La-Sn-Cs-Pb-Pr-Bi-Tm-Sr-Ti-Hf-Ir-Nb-Pd-Hg-Th-Np-Lu-Rh-Pu_1_9_11,phimage_Cu-Mn-Ni-Mo-Fe-Pt-Zn-Ca-Er-Au-Cd-Co-Gd-Na-Sm-Eu-Tb-V-Ag-Nd-U-Ba-Ce-K-Ga-Cr-Al-Li-Sc-Ru-In-Mg-Zr-Dy-W-Yb-Y-Ho-Re-Be-Rb-La-Sn-Cs-Pb-Pr-Bi-Tm-Sr-Ti-Hf-Ir-Nb-Pd-Hg-Th-Np-Lu-Rh-Pu_1_9_12,phimage_Cu-Mn-Ni-Mo-Fe-Pt-Zn-Ca-Er-Au-Cd-Co-Gd-Na-Sm-Eu-Tb-V-Ag-Nd-U-Ba-Ce-K-Ga-Cr-Al-Li-Sc-Ru-In-Mg-Zr-Dy-W-Yb-Y-Ho-Re-Be-Rb-La-Sn-Cs-Pb-Pr-Bi-Tm-Sr-Ti-Hf-Ir-Nb-Pd-Hg-Th-Np-Lu-Rh-Pu_1_9_13,phimage_Cu-Mn-Ni-Mo-Fe-Pt-Zn-Ca-Er-Au-Cd-Co-Gd-Na-Sm-Eu-Tb-V-Ag-Nd-U-Ba-Ce-K-Ga-Cr-Al-Li-Sc-Ru-In-Mg-Zr-Dy-W-Yb-Y-Ho-Re-Be-Rb-La-Sn-Cs-Pb-Pr-Bi-Tm-Sr-Ti-Hf-Ir-Nb-Pd-Hg-Th-Np-Lu-Rh-Pu_1_9_14,phimage_Cu-Mn-Ni-Mo-Fe-Pt-Zn-Ca-Er-Au-Cd-Co-Gd-Na-Sm-Eu-Tb-V-Ag-Nd-U-Ba-Ce-K-Ga-Cr-Al-Li-Sc-Ru-In-Mg-Zr-Dy-W-Yb-Y-Ho-Re-Be-Rb-La-Sn-Cs-Pb-Pr-Bi-Tm-Sr-Ti-Hf-Ir-Nb-Pd-Hg-Th-Np-Lu-Rh-Pu_1_9_15,phimage_Cu-Mn-Ni-Mo-Fe-Pt-Zn-Ca-Er-Au-Cd-Co-Gd-Na-Sm-Eu-Tb-V-Ag-Nd-U-Ba-Ce-K-Ga-Cr-Al-Li-Sc-Ru-In-Mg-Zr-Dy-W-Yb-Y-Ho-Re-Be-Rb-La-Sn-Cs-Pb-Pr-Bi-Tm-Sr-Ti-Hf-Ir-Nb-Pd-Hg-Th-Np-Lu-Rh-Pu_1_9_16,phimage_Cu-Mn-Ni-Mo-Fe-Pt-Zn-Ca-Er-Au-Cd-Co-Gd-Na-Sm-Eu-Tb-V-Ag-Nd-U-Ba-Ce-K-Ga-Cr-Al-Li-Sc-Ru-In-Mg-Zr-Dy-W-Yb-Y-Ho-Re-Be-Rb-La-Sn-Cs-Pb-Pr-Bi-Tm-Sr-Ti-Hf-Ir-Nb-Pd-Hg-Th-Np-Lu-Rh-Pu_1_9_17,phimage_Cu-Mn-Ni-Mo-Fe-Pt-Zn-Ca-Er-Au-Cd-Co-Gd-Na-Sm-Eu-Tb-V-Ag-Nd-U-Ba-Ce-K-Ga-Cr-Al-Li-Sc-Ru-In-Mg-Zr-Dy-W-Yb-Y-Ho-Re-Be-Rb-La-Sn-Cs-Pb-Pr-Bi-Tm-Sr-Ti-Hf-Ir-Nb-Pd-Hg-Th-Np-Lu-Rh-Pu_1_9_18,phimage_Cu-Mn-Ni-Mo-Fe-Pt-Zn-Ca-Er-Au-Cd-Co-Gd-Na-Sm-Eu-Tb-V-Ag-Nd-U-Ba-Ce-K-Ga-Cr-Al-Li-Sc-Ru-In-Mg-Zr-Dy-W-Yb-Y-Ho-Re-Be-Rb-La-Sn-Cs-Pb-Pr-Bi-Tm-Sr-Ti-Hf-Ir-Nb-Pd-Hg-Th-Np-Lu-Rh-Pu_1_9_19,phimage_Cu-Mn-Ni-Mo-Fe-Pt-Zn-Ca-Er-Au-Cd-Co-Gd-Na-Sm-Eu-Tb-V-Ag-Nd-U-Ba-Ce-K-Ga-Cr-Al-Li-Sc-Ru-In-Mg-Zr-Dy-W-Yb-Y-Ho-Re-Be-Rb-La-Sn-Cs-Pb-Pr-Bi-Tm-Sr-Ti-Hf-Ir-Nb-Pd-Hg-Th-Np-Lu-Rh-Pu_1_10_0,phimage_Cu-Mn-Ni-Mo-Fe-Pt-Zn-Ca-Er-Au-Cd-Co-Gd-Na-Sm-Eu-Tb-V-Ag-Nd-U-Ba-Ce-K-Ga-Cr-Al-Li-Sc-Ru-In-Mg-Zr-Dy-W-Yb-Y-Ho-Re-Be-Rb-La-Sn-Cs-Pb-Pr-Bi-Tm-Sr-Ti-Hf-Ir-Nb-Pd-Hg-Th-Np-Lu-Rh-Pu_1_10_1,phimage_Cu-Mn-Ni-Mo-Fe-Pt-Zn-Ca-Er-Au-Cd-Co-Gd-Na-Sm-Eu-Tb-V-Ag-Nd-U-Ba-Ce-K-Ga-Cr-Al-Li-Sc-Ru-In-Mg-Zr-Dy-W-Yb-Y-Ho-Re-Be-Rb-La-Sn-Cs-Pb-Pr-Bi-Tm-Sr-Ti-Hf-Ir-Nb-Pd-Hg-Th-Np-Lu-Rh-Pu_1_10_2,phimage_Cu-Mn-Ni-Mo-Fe-Pt-Zn-Ca-Er-Au-Cd-Co-Gd-Na-Sm-Eu-Tb-V-Ag-Nd-U-Ba-Ce-K-Ga-Cr-Al-Li-Sc-Ru-In-Mg-Zr-Dy-W-Yb-Y-Ho-Re-Be-Rb-La-Sn-Cs-Pb-Pr-Bi-Tm-Sr-Ti-Hf-Ir-Nb-Pd-Hg-Th-Np-Lu-Rh-Pu_1_10_3,phimage_Cu-Mn-Ni-Mo-Fe-Pt-Zn-Ca-Er-Au-Cd-Co-Gd-Na-Sm-Eu-Tb-V-Ag-Nd-U-Ba-Ce-K-Ga-Cr-Al-Li-Sc-Ru-In-Mg-Zr-Dy-W-Yb-Y-Ho-Re-Be-Rb-La-Sn-Cs-Pb-Pr-Bi-Tm-Sr-Ti-Hf-Ir-Nb-Pd-Hg-Th-Np-Lu-Rh-Pu_1_10_4,phimage_Cu-Mn-Ni-Mo-Fe-Pt-Zn-Ca-Er-Au-Cd-Co-Gd-Na-Sm-Eu-Tb-V-Ag-Nd-U-Ba-Ce-K-Ga-Cr-Al-Li-Sc-Ru-In-Mg-Zr-Dy-W-Yb-Y-Ho-Re-Be-Rb-La-Sn-Cs-Pb-Pr-Bi-Tm-Sr-Ti-Hf-Ir-Nb-Pd-Hg-Th-Np-Lu-Rh-Pu_1_10_5,phimage_Cu-Mn-Ni-Mo-Fe-Pt-Zn-Ca-Er-Au-Cd-Co-Gd-Na-Sm-Eu-Tb-V-Ag-Nd-U-Ba-Ce-K-Ga-Cr-Al-Li-Sc-Ru-In-Mg-Zr-Dy-W-Yb-Y-Ho-Re-Be-Rb-La-Sn-Cs-Pb-Pr-Bi-Tm-Sr-Ti-Hf-Ir-Nb-Pd-Hg-Th-Np-Lu-Rh-Pu_1_10_6,phimage_Cu-Mn-Ni-Mo-Fe-Pt-Zn-Ca-Er-Au-Cd-Co-Gd-Na-Sm-Eu-Tb-V-Ag-Nd-U-Ba-Ce-K-Ga-Cr-Al-Li-Sc-Ru-In-Mg-Zr-Dy-W-Yb-Y-Ho-Re-Be-Rb-La-Sn-Cs-Pb-Pr-Bi-Tm-Sr-Ti-Hf-Ir-Nb-Pd-Hg-Th-Np-Lu-Rh-Pu_1_10_7,phimage_Cu-Mn-Ni-Mo-Fe-Pt-Zn-Ca-Er-Au-Cd-Co-Gd-Na-Sm-Eu-Tb-V-Ag-Nd-U-Ba-Ce-K-Ga-Cr-Al-Li-Sc-Ru-In-Mg-Zr-Dy-W-Yb-Y-Ho-Re-Be-Rb-La-Sn-Cs-Pb-Pr-Bi-Tm-Sr-Ti-Hf-Ir-Nb-Pd-Hg-Th-Np-Lu-Rh-Pu_1_10_8,phimage_Cu-Mn-Ni-Mo-Fe-Pt-Zn-Ca-Er-Au-Cd-Co-Gd-Na-Sm-Eu-Tb-V-Ag-Nd-U-Ba-Ce-K-Ga-Cr-Al-Li-Sc-Ru-In-Mg-Zr-Dy-W-Yb-Y-Ho-Re-Be-Rb-La-Sn-Cs-Pb-Pr-Bi-Tm-Sr-Ti-Hf-Ir-Nb-Pd-Hg-Th-Np-Lu-Rh-Pu_1_10_9,phimage_Cu-Mn-Ni-Mo-Fe-Pt-Zn-Ca-Er-Au-Cd-Co-Gd-Na-Sm-Eu-Tb-V-Ag-Nd-U-Ba-Ce-K-Ga-Cr-Al-Li-Sc-Ru-In-Mg-Zr-Dy-W-Yb-Y-Ho-Re-Be-Rb-La-Sn-Cs-Pb-Pr-Bi-Tm-Sr-Ti-Hf-Ir-Nb-Pd-Hg-Th-Np-Lu-Rh-Pu_1_10_10,phimage_Cu-Mn-Ni-Mo-Fe-Pt-Zn-Ca-Er-Au-Cd-Co-Gd-Na-Sm-Eu-Tb-V-Ag-Nd-U-Ba-Ce-K-Ga-Cr-Al-Li-Sc-Ru-In-Mg-Zr-Dy-W-Yb-Y-Ho-Re-Be-Rb-La-Sn-Cs-Pb-Pr-Bi-Tm-Sr-Ti-Hf-Ir-Nb-Pd-Hg-Th-Np-Lu-Rh-Pu_1_10_11,phimage_Cu-Mn-Ni-Mo-Fe-Pt-Zn-Ca-Er-Au-Cd-Co-Gd-Na-Sm-Eu-Tb-V-Ag-Nd-U-Ba-Ce-K-Ga-Cr-Al-Li-Sc-Ru-In-Mg-Zr-Dy-W-Yb-Y-Ho-Re-Be-Rb-La-Sn-Cs-Pb-Pr-Bi-Tm-Sr-Ti-Hf-Ir-Nb-Pd-Hg-Th-Np-Lu-Rh-Pu_1_10_12,phimage_Cu-Mn-Ni-Mo-Fe-Pt-Zn-Ca-Er-Au-Cd-Co-Gd-Na-Sm-Eu-Tb-V-Ag-Nd-U-Ba-Ce-K-Ga-Cr-Al-Li-Sc-Ru-In-Mg-Zr-Dy-W-Yb-Y-Ho-Re-Be-Rb-La-Sn-Cs-Pb-Pr-Bi-Tm-Sr-Ti-Hf-Ir-Nb-Pd-Hg-Th-Np-Lu-Rh-Pu_1_10_13,phimage_Cu-Mn-Ni-Mo-Fe-Pt-Zn-Ca-Er-Au-Cd-Co-Gd-Na-Sm-Eu-Tb-V-Ag-Nd-U-Ba-Ce-K-Ga-Cr-Al-Li-Sc-Ru-In-Mg-Zr-Dy-W-Yb-Y-Ho-Re-Be-Rb-La-Sn-Cs-Pb-Pr-Bi-Tm-Sr-Ti-Hf-Ir-Nb-Pd-Hg-Th-Np-Lu-Rh-Pu_1_10_14,phimage_Cu-Mn-Ni-Mo-Fe-Pt-Zn-Ca-Er-Au-Cd-Co-Gd-Na-Sm-Eu-Tb-V-Ag-Nd-U-Ba-Ce-K-Ga-Cr-Al-Li-Sc-Ru-In-Mg-Zr-Dy-W-Yb-Y-Ho-Re-Be-Rb-La-Sn-Cs-Pb-Pr-Bi-Tm-Sr-Ti-Hf-Ir-Nb-Pd-Hg-Th-Np-Lu-Rh-Pu_1_10_15,phimage_Cu-Mn-Ni-Mo-Fe-Pt-Zn-Ca-Er-Au-Cd-Co-Gd-Na-Sm-Eu-Tb-V-Ag-Nd-U-Ba-Ce-K-Ga-Cr-Al-Li-Sc-Ru-In-Mg-Zr-Dy-W-Yb-Y-Ho-Re-Be-Rb-La-Sn-Cs-Pb-Pr-Bi-Tm-Sr-Ti-Hf-Ir-Nb-Pd-Hg-Th-Np-Lu-Rh-Pu_1_10_16,phimage_Cu-Mn-Ni-Mo-Fe-Pt-Zn-Ca-Er-Au-Cd-Co-Gd-Na-Sm-Eu-Tb-V-Ag-Nd-U-Ba-Ce-K-Ga-Cr-Al-Li-Sc-Ru-In-Mg-Zr-Dy-W-Yb-Y-Ho-Re-Be-Rb-La-Sn-Cs-Pb-Pr-Bi-Tm-Sr-Ti-Hf-Ir-Nb-Pd-Hg-Th-Np-Lu-Rh-Pu_1_10_17,phimage_Cu-Mn-Ni-Mo-Fe-Pt-Zn-Ca-Er-Au-Cd-Co-Gd-Na-Sm-Eu-Tb-V-Ag-Nd-U-Ba-Ce-K-Ga-Cr-Al-Li-Sc-Ru-In-Mg-Zr-Dy-W-Yb-Y-Ho-Re-Be-Rb-La-Sn-Cs-Pb-Pr-Bi-Tm-Sr-Ti-Hf-Ir-Nb-Pd-Hg-Th-Np-Lu-Rh-Pu_1_10_18,phimage_Cu-Mn-Ni-Mo-Fe-Pt-Zn-Ca-Er-Au-Cd-Co-Gd-Na-Sm-Eu-Tb-V-Ag-Nd-U-Ba-Ce-K-Ga-Cr-Al-Li-Sc-Ru-In-Mg-Zr-Dy-W-Yb-Y-Ho-Re-Be-Rb-La-Sn-Cs-Pb-Pr-Bi-Tm-Sr-Ti-Hf-Ir-Nb-Pd-Hg-Th-Np-Lu-Rh-Pu_1_10_19,phimage_Cu-Mn-Ni-Mo-Fe-Pt-Zn-Ca-Er-Au-Cd-Co-Gd-Na-Sm-Eu-Tb-V-Ag-Nd-U-Ba-Ce-K-Ga-Cr-Al-Li-Sc-Ru-In-Mg-Zr-Dy-W-Yb-Y-Ho-Re-Be-Rb-La-Sn-Cs-Pb-Pr-Bi-Tm-Sr-Ti-Hf-Ir-Nb-Pd-Hg-Th-Np-Lu-Rh-Pu_1_11_0,phimage_Cu-Mn-Ni-Mo-Fe-Pt-Zn-Ca-Er-Au-Cd-Co-Gd-Na-Sm-Eu-Tb-V-Ag-Nd-U-Ba-Ce-K-Ga-Cr-Al-Li-Sc-Ru-In-Mg-Zr-Dy-W-Yb-Y-Ho-Re-Be-Rb-La-Sn-Cs-Pb-Pr-Bi-Tm-Sr-Ti-Hf-Ir-Nb-Pd-Hg-Th-Np-Lu-Rh-Pu_1_11_1,phimage_Cu-Mn-Ni-Mo-Fe-Pt-Zn-Ca-Er-Au-Cd-Co-Gd-Na-Sm-Eu-Tb-V-Ag-Nd-U-Ba-Ce-K-Ga-Cr-Al-Li-Sc-Ru-In-Mg-Zr-Dy-W-Yb-Y-Ho-Re-Be-Rb-La-Sn-Cs-Pb-Pr-Bi-Tm-Sr-Ti-Hf-Ir-Nb-Pd-Hg-Th-Np-Lu-Rh-Pu_1_11_2,phimage_Cu-Mn-Ni-Mo-Fe-Pt-Zn-Ca-Er-Au-Cd-Co-Gd-Na-Sm-Eu-Tb-V-Ag-Nd-U-Ba-Ce-K-Ga-Cr-Al-Li-Sc-Ru-In-Mg-Zr-Dy-W-Yb-Y-Ho-Re-Be-Rb-La-Sn-Cs-Pb-Pr-Bi-Tm-Sr-Ti-Hf-Ir-Nb-Pd-Hg-Th-Np-Lu-Rh-Pu_1_11_3,phimage_Cu-Mn-Ni-Mo-Fe-Pt-Zn-Ca-Er-Au-Cd-Co-Gd-Na-Sm-Eu-Tb-V-Ag-Nd-U-Ba-Ce-K-Ga-Cr-Al-Li-Sc-Ru-In-Mg-Zr-Dy-W-Yb-Y-Ho-Re-Be-Rb-La-Sn-Cs-Pb-Pr-Bi-Tm-Sr-Ti-Hf-Ir-Nb-Pd-Hg-Th-Np-Lu-Rh-Pu_1_11_4,phimage_Cu-Mn-Ni-Mo-Fe-Pt-Zn-Ca-Er-Au-Cd-Co-Gd-Na-Sm-Eu-Tb-V-Ag-Nd-U-Ba-Ce-K-Ga-Cr-Al-Li-Sc-Ru-In-Mg-Zr-Dy-W-Yb-Y-Ho-Re-Be-Rb-La-Sn-Cs-Pb-Pr-Bi-Tm-Sr-Ti-Hf-Ir-Nb-Pd-Hg-Th-Np-Lu-Rh-Pu_1_11_5,phimage_Cu-Mn-Ni-Mo-Fe-Pt-Zn-Ca-Er-Au-Cd-Co-Gd-Na-Sm-Eu-Tb-V-Ag-Nd-U-Ba-Ce-K-Ga-Cr-Al-Li-Sc-Ru-In-Mg-Zr-Dy-W-Yb-Y-Ho-Re-Be-Rb-La-Sn-Cs-Pb-Pr-Bi-Tm-Sr-Ti-Hf-Ir-Nb-Pd-Hg-Th-Np-Lu-Rh-Pu_1_11_6,phimage_Cu-Mn-Ni-Mo-Fe-Pt-Zn-Ca-Er-Au-Cd-Co-Gd-Na-Sm-Eu-Tb-V-Ag-Nd-U-Ba-Ce-K-Ga-Cr-Al-Li-Sc-Ru-In-Mg-Zr-Dy-W-Yb-Y-Ho-Re-Be-Rb-La-Sn-Cs-Pb-Pr-Bi-Tm-Sr-Ti-Hf-Ir-Nb-Pd-Hg-Th-Np-Lu-Rh-Pu_1_11_7,phimage_Cu-Mn-Ni-Mo-Fe-Pt-Zn-Ca-Er-Au-Cd-Co-Gd-Na-Sm-Eu-Tb-V-Ag-Nd-U-Ba-Ce-K-Ga-Cr-Al-Li-Sc-Ru-In-Mg-Zr-Dy-W-Yb-Y-Ho-Re-Be-Rb-La-Sn-Cs-Pb-Pr-Bi-Tm-Sr-Ti-Hf-Ir-Nb-Pd-Hg-Th-Np-Lu-Rh-Pu_1_11_8,phimage_Cu-Mn-Ni-Mo-Fe-Pt-Zn-Ca-Er-Au-Cd-Co-Gd-Na-Sm-Eu-Tb-V-Ag-Nd-U-Ba-Ce-K-Ga-Cr-Al-Li-Sc-Ru-In-Mg-Zr-Dy-W-Yb-Y-Ho-Re-Be-Rb-La-Sn-Cs-Pb-Pr-Bi-Tm-Sr-Ti-Hf-Ir-Nb-Pd-Hg-Th-Np-Lu-Rh-Pu_1_11_9,phimage_Cu-Mn-Ni-Mo-Fe-Pt-Zn-Ca-Er-Au-Cd-Co-Gd-Na-Sm-Eu-Tb-V-Ag-Nd-U-Ba-Ce-K-Ga-Cr-Al-Li-Sc-Ru-In-Mg-Zr-Dy-W-Yb-Y-Ho-Re-Be-Rb-La-Sn-Cs-Pb-Pr-Bi-Tm-Sr-Ti-Hf-Ir-Nb-Pd-Hg-Th-Np-Lu-Rh-Pu_1_11_10,phimage_Cu-Mn-Ni-Mo-Fe-Pt-Zn-Ca-Er-Au-Cd-Co-Gd-Na-Sm-Eu-Tb-V-Ag-Nd-U-Ba-Ce-K-Ga-Cr-Al-Li-Sc-Ru-In-Mg-Zr-Dy-W-Yb-Y-Ho-Re-Be-Rb-La-Sn-Cs-Pb-Pr-Bi-Tm-Sr-Ti-Hf-Ir-Nb-Pd-Hg-Th-Np-Lu-Rh-Pu_1_11_11,phimage_Cu-Mn-Ni-Mo-Fe-Pt-Zn-Ca-Er-Au-Cd-Co-Gd-Na-Sm-Eu-Tb-V-Ag-Nd-U-Ba-Ce-K-Ga-Cr-Al-Li-Sc-Ru-In-Mg-Zr-Dy-W-Yb-Y-Ho-Re-Be-Rb-La-Sn-Cs-Pb-Pr-Bi-Tm-Sr-Ti-Hf-Ir-Nb-Pd-Hg-Th-Np-Lu-Rh-Pu_1_11_12,phimage_Cu-Mn-Ni-Mo-Fe-Pt-Zn-Ca-Er-Au-Cd-Co-Gd-Na-Sm-Eu-Tb-V-Ag-Nd-U-Ba-Ce-K-Ga-Cr-Al-Li-Sc-Ru-In-Mg-Zr-Dy-W-Yb-Y-Ho-Re-Be-Rb-La-Sn-Cs-Pb-Pr-Bi-Tm-Sr-Ti-Hf-Ir-Nb-Pd-Hg-Th-Np-Lu-Rh-Pu_1_11_13,phimage_Cu-Mn-Ni-Mo-Fe-Pt-Zn-Ca-Er-Au-Cd-Co-Gd-Na-Sm-Eu-Tb-V-Ag-Nd-U-Ba-Ce-K-Ga-Cr-Al-Li-Sc-Ru-In-Mg-Zr-Dy-W-Yb-Y-Ho-Re-Be-Rb-La-Sn-Cs-Pb-Pr-Bi-Tm-Sr-Ti-Hf-Ir-Nb-Pd-Hg-Th-Np-Lu-Rh-Pu_1_11_14,phimage_Cu-Mn-Ni-Mo-Fe-Pt-Zn-Ca-Er-Au-Cd-Co-Gd-Na-Sm-Eu-Tb-V-Ag-Nd-U-Ba-Ce-K-Ga-Cr-Al-Li-Sc-Ru-In-Mg-Zr-Dy-W-Yb-Y-Ho-Re-Be-Rb-La-Sn-Cs-Pb-Pr-Bi-Tm-Sr-Ti-Hf-Ir-Nb-Pd-Hg-Th-Np-Lu-Rh-Pu_1_11_15,phimage_Cu-Mn-Ni-Mo-Fe-Pt-Zn-Ca-Er-Au-Cd-Co-Gd-Na-Sm-Eu-Tb-V-Ag-Nd-U-Ba-Ce-K-Ga-Cr-Al-Li-Sc-Ru-In-Mg-Zr-Dy-W-Yb-Y-Ho-Re-Be-Rb-La-Sn-Cs-Pb-Pr-Bi-Tm-Sr-Ti-Hf-Ir-Nb-Pd-Hg-Th-Np-Lu-Rh-Pu_1_11_16,phimage_Cu-Mn-Ni-Mo-Fe-Pt-Zn-Ca-Er-Au-Cd-Co-Gd-Na-Sm-Eu-Tb-V-Ag-Nd-U-Ba-Ce-K-Ga-Cr-Al-Li-Sc-Ru-In-Mg-Zr-Dy-W-Yb-Y-Ho-Re-Be-Rb-La-Sn-Cs-Pb-Pr-Bi-Tm-Sr-Ti-Hf-Ir-Nb-Pd-Hg-Th-Np-Lu-Rh-Pu_1_11_17,phimage_Cu-Mn-Ni-Mo-Fe-Pt-Zn-Ca-Er-Au-Cd-Co-Gd-Na-Sm-Eu-Tb-V-Ag-Nd-U-Ba-Ce-K-Ga-Cr-Al-Li-Sc-Ru-In-Mg-Zr-Dy-W-Yb-Y-Ho-Re-Be-Rb-La-Sn-Cs-Pb-Pr-Bi-Tm-Sr-Ti-Hf-Ir-Nb-Pd-Hg-Th-Np-Lu-Rh-Pu_1_11_18,phimage_Cu-Mn-Ni-Mo-Fe-Pt-Zn-Ca-Er-Au-Cd-Co-Gd-Na-Sm-Eu-Tb-V-Ag-Nd-U-Ba-Ce-K-Ga-Cr-Al-Li-Sc-Ru-In-Mg-Zr-Dy-W-Yb-Y-Ho-Re-Be-Rb-La-Sn-Cs-Pb-Pr-Bi-Tm-Sr-Ti-Hf-Ir-Nb-Pd-Hg-Th-Np-Lu-Rh-Pu_1_11_19,phimage_Cu-Mn-Ni-Mo-Fe-Pt-Zn-Ca-Er-Au-Cd-Co-Gd-Na-Sm-Eu-Tb-V-Ag-Nd-U-Ba-Ce-K-Ga-Cr-Al-Li-Sc-Ru-In-Mg-Zr-Dy-W-Yb-Y-Ho-Re-Be-Rb-La-Sn-Cs-Pb-Pr-Bi-Tm-Sr-Ti-Hf-Ir-Nb-Pd-Hg-Th-Np-Lu-Rh-Pu_1_12_0,phimage_Cu-Mn-Ni-Mo-Fe-Pt-Zn-Ca-Er-Au-Cd-Co-Gd-Na-Sm-Eu-Tb-V-Ag-Nd-U-Ba-Ce-K-Ga-Cr-Al-Li-Sc-Ru-In-Mg-Zr-Dy-W-Yb-Y-Ho-Re-Be-Rb-La-Sn-Cs-Pb-Pr-Bi-Tm-Sr-Ti-Hf-Ir-Nb-Pd-Hg-Th-Np-Lu-Rh-Pu_1_12_1,phimage_Cu-Mn-Ni-Mo-Fe-Pt-Zn-Ca-Er-Au-Cd-Co-Gd-Na-Sm-Eu-Tb-V-Ag-Nd-U-Ba-Ce-K-Ga-Cr-Al-Li-Sc-Ru-In-Mg-Zr-Dy-W-Yb-Y-Ho-Re-Be-Rb-La-Sn-Cs-Pb-Pr-Bi-Tm-Sr-Ti-Hf-Ir-Nb-Pd-Hg-Th-Np-Lu-Rh-Pu_1_12_2,phimage_Cu-Mn-Ni-Mo-Fe-Pt-Zn-Ca-Er-Au-Cd-Co-Gd-Na-Sm-Eu-Tb-V-Ag-Nd-U-Ba-Ce-K-Ga-Cr-Al-Li-Sc-Ru-In-Mg-Zr-Dy-W-Yb-Y-Ho-Re-Be-Rb-La-Sn-Cs-Pb-Pr-Bi-Tm-Sr-Ti-Hf-Ir-Nb-Pd-Hg-Th-Np-Lu-Rh-Pu_1_12_3,phimage_Cu-Mn-Ni-Mo-Fe-Pt-Zn-Ca-Er-Au-Cd-Co-Gd-Na-Sm-Eu-Tb-V-Ag-Nd-U-Ba-Ce-K-Ga-Cr-Al-Li-Sc-Ru-In-Mg-Zr-Dy-W-Yb-Y-Ho-Re-Be-Rb-La-Sn-Cs-Pb-Pr-Bi-Tm-Sr-Ti-Hf-Ir-Nb-Pd-Hg-Th-Np-Lu-Rh-Pu_1_12_4,phimage_Cu-Mn-Ni-Mo-Fe-Pt-Zn-Ca-Er-Au-Cd-Co-Gd-Na-Sm-Eu-Tb-V-Ag-Nd-U-Ba-Ce-K-Ga-Cr-Al-Li-Sc-Ru-In-Mg-Zr-Dy-W-Yb-Y-Ho-Re-Be-Rb-La-Sn-Cs-Pb-Pr-Bi-Tm-Sr-Ti-Hf-Ir-Nb-Pd-Hg-Th-Np-Lu-Rh-Pu_1_12_5,phimage_Cu-Mn-Ni-Mo-Fe-Pt-Zn-Ca-Er-Au-Cd-Co-Gd-Na-Sm-Eu-Tb-V-Ag-Nd-U-Ba-Ce-K-Ga-Cr-Al-Li-Sc-Ru-In-Mg-Zr-Dy-W-Yb-Y-Ho-Re-Be-Rb-La-Sn-Cs-Pb-Pr-Bi-Tm-Sr-Ti-Hf-Ir-Nb-Pd-Hg-Th-Np-Lu-Rh-Pu_1_12_6,phimage_Cu-Mn-Ni-Mo-Fe-Pt-Zn-Ca-Er-Au-Cd-Co-Gd-Na-Sm-Eu-Tb-V-Ag-Nd-U-Ba-Ce-K-Ga-Cr-Al-Li-Sc-Ru-In-Mg-Zr-Dy-W-Yb-Y-Ho-Re-Be-Rb-La-Sn-Cs-Pb-Pr-Bi-Tm-Sr-Ti-Hf-Ir-Nb-Pd-Hg-Th-Np-Lu-Rh-Pu_1_12_7,phimage_Cu-Mn-Ni-Mo-Fe-Pt-Zn-Ca-Er-Au-Cd-Co-Gd-Na-Sm-Eu-Tb-V-Ag-Nd-U-Ba-Ce-K-Ga-Cr-Al-Li-Sc-Ru-In-Mg-Zr-Dy-W-Yb-Y-Ho-Re-Be-Rb-La-Sn-Cs-Pb-Pr-Bi-Tm-Sr-Ti-Hf-Ir-Nb-Pd-Hg-Th-Np-Lu-Rh-Pu_1_12_8,phimage_Cu-Mn-Ni-Mo-Fe-Pt-Zn-Ca-Er-Au-Cd-Co-Gd-Na-Sm-Eu-Tb-V-Ag-Nd-U-Ba-Ce-K-Ga-Cr-Al-Li-Sc-Ru-In-Mg-Zr-Dy-W-Yb-Y-Ho-Re-Be-Rb-La-Sn-Cs-Pb-Pr-Bi-Tm-Sr-Ti-Hf-Ir-Nb-Pd-Hg-Th-Np-Lu-Rh-Pu_1_12_9,phimage_Cu-Mn-Ni-Mo-Fe-Pt-Zn-Ca-Er-Au-Cd-Co-Gd-Na-Sm-Eu-Tb-V-Ag-Nd-U-Ba-Ce-K-Ga-Cr-Al-Li-Sc-Ru-In-Mg-Zr-Dy-W-Yb-Y-Ho-Re-Be-Rb-La-Sn-Cs-Pb-Pr-Bi-Tm-Sr-Ti-Hf-Ir-Nb-Pd-Hg-Th-Np-Lu-Rh-Pu_1_12_10,phimage_Cu-Mn-Ni-Mo-Fe-Pt-Zn-Ca-Er-Au-Cd-Co-Gd-Na-Sm-Eu-Tb-V-Ag-Nd-U-Ba-Ce-K-Ga-Cr-Al-Li-Sc-Ru-In-Mg-Zr-Dy-W-Yb-Y-Ho-Re-Be-Rb-La-Sn-Cs-Pb-Pr-Bi-Tm-Sr-Ti-Hf-Ir-Nb-Pd-Hg-Th-Np-Lu-Rh-Pu_1_12_11,phimage_Cu-Mn-Ni-Mo-Fe-Pt-Zn-Ca-Er-Au-Cd-Co-Gd-Na-Sm-Eu-Tb-V-Ag-Nd-U-Ba-Ce-K-Ga-Cr-Al-Li-Sc-Ru-In-Mg-Zr-Dy-W-Yb-Y-Ho-Re-Be-Rb-La-Sn-Cs-Pb-Pr-Bi-Tm-Sr-Ti-Hf-Ir-Nb-Pd-Hg-Th-Np-Lu-Rh-Pu_1_12_12,phimage_Cu-Mn-Ni-Mo-Fe-Pt-Zn-Ca-Er-Au-Cd-Co-Gd-Na-Sm-Eu-Tb-V-Ag-Nd-U-Ba-Ce-K-Ga-Cr-Al-Li-Sc-Ru-In-Mg-Zr-Dy-W-Yb-Y-Ho-Re-Be-Rb-La-Sn-Cs-Pb-Pr-Bi-Tm-Sr-Ti-Hf-Ir-Nb-Pd-Hg-Th-Np-Lu-Rh-Pu_1_12_13,phimage_Cu-Mn-Ni-Mo-Fe-Pt-Zn-Ca-Er-Au-Cd-Co-Gd-Na-Sm-Eu-Tb-V-Ag-Nd-U-Ba-Ce-K-Ga-Cr-Al-Li-Sc-Ru-In-Mg-Zr-Dy-W-Yb-Y-Ho-Re-Be-Rb-La-Sn-Cs-Pb-Pr-Bi-Tm-Sr-Ti-Hf-Ir-Nb-Pd-Hg-Th-Np-Lu-Rh-Pu_1_12_14,phimage_Cu-Mn-Ni-Mo-Fe-Pt-Zn-Ca-Er-Au-Cd-Co-Gd-Na-Sm-Eu-Tb-V-Ag-Nd-U-Ba-Ce-K-Ga-Cr-Al-Li-Sc-Ru-In-Mg-Zr-Dy-W-Yb-Y-Ho-Re-Be-Rb-La-Sn-Cs-Pb-Pr-Bi-Tm-Sr-Ti-Hf-Ir-Nb-Pd-Hg-Th-Np-Lu-Rh-Pu_1_12_15,phimage_Cu-Mn-Ni-Mo-Fe-Pt-Zn-Ca-Er-Au-Cd-Co-Gd-Na-Sm-Eu-Tb-V-Ag-Nd-U-Ba-Ce-K-Ga-Cr-Al-Li-Sc-Ru-In-Mg-Zr-Dy-W-Yb-Y-Ho-Re-Be-Rb-La-Sn-Cs-Pb-Pr-Bi-Tm-Sr-Ti-Hf-Ir-Nb-Pd-Hg-Th-Np-Lu-Rh-Pu_1_12_16,phimage_Cu-Mn-Ni-Mo-Fe-Pt-Zn-Ca-Er-Au-Cd-Co-Gd-Na-Sm-Eu-Tb-V-Ag-Nd-U-Ba-Ce-K-Ga-Cr-Al-Li-Sc-Ru-In-Mg-Zr-Dy-W-Yb-Y-Ho-Re-Be-Rb-La-Sn-Cs-Pb-Pr-Bi-Tm-Sr-Ti-Hf-Ir-Nb-Pd-Hg-Th-Np-Lu-Rh-Pu_1_12_17,phimage_Cu-Mn-Ni-Mo-Fe-Pt-Zn-Ca-Er-Au-Cd-Co-Gd-Na-Sm-Eu-Tb-V-Ag-Nd-U-Ba-Ce-K-Ga-Cr-Al-Li-Sc-Ru-In-Mg-Zr-Dy-W-Yb-Y-Ho-Re-Be-Rb-La-Sn-Cs-Pb-Pr-Bi-Tm-Sr-Ti-Hf-Ir-Nb-Pd-Hg-Th-Np-Lu-Rh-Pu_1_12_18,phimage_Cu-Mn-Ni-Mo-Fe-Pt-Zn-Ca-Er-Au-Cd-Co-Gd-Na-Sm-Eu-Tb-V-Ag-Nd-U-Ba-Ce-K-Ga-Cr-Al-Li-Sc-Ru-In-Mg-Zr-Dy-W-Yb-Y-Ho-Re-Be-Rb-La-Sn-Cs-Pb-Pr-Bi-Tm-Sr-Ti-Hf-Ir-Nb-Pd-Hg-Th-Np-Lu-Rh-Pu_1_12_19,phimage_Cu-Mn-Ni-Mo-Fe-Pt-Zn-Ca-Er-Au-Cd-Co-Gd-Na-Sm-Eu-Tb-V-Ag-Nd-U-Ba-Ce-K-Ga-Cr-Al-Li-Sc-Ru-In-Mg-Zr-Dy-W-Yb-Y-Ho-Re-Be-Rb-La-Sn-Cs-Pb-Pr-Bi-Tm-Sr-Ti-Hf-Ir-Nb-Pd-Hg-Th-Np-Lu-Rh-Pu_1_13_0,phimage_Cu-Mn-Ni-Mo-Fe-Pt-Zn-Ca-Er-Au-Cd-Co-Gd-Na-Sm-Eu-Tb-V-Ag-Nd-U-Ba-Ce-K-Ga-Cr-Al-Li-Sc-Ru-In-Mg-Zr-Dy-W-Yb-Y-Ho-Re-Be-Rb-La-Sn-Cs-Pb-Pr-Bi-Tm-Sr-Ti-Hf-Ir-Nb-Pd-Hg-Th-Np-Lu-Rh-Pu_1_13_1,phimage_Cu-Mn-Ni-Mo-Fe-Pt-Zn-Ca-Er-Au-Cd-Co-Gd-Na-Sm-Eu-Tb-V-Ag-Nd-U-Ba-Ce-K-Ga-Cr-Al-Li-Sc-Ru-In-Mg-Zr-Dy-W-Yb-Y-Ho-Re-Be-Rb-La-Sn-Cs-Pb-Pr-Bi-Tm-Sr-Ti-Hf-Ir-Nb-Pd-Hg-Th-Np-Lu-Rh-Pu_1_13_2,phimage_Cu-Mn-Ni-Mo-Fe-Pt-Zn-Ca-Er-Au-Cd-Co-Gd-Na-Sm-Eu-Tb-V-Ag-Nd-U-Ba-Ce-K-Ga-Cr-Al-Li-Sc-Ru-In-Mg-Zr-Dy-W-Yb-Y-Ho-Re-Be-Rb-La-Sn-Cs-Pb-Pr-Bi-Tm-Sr-Ti-Hf-Ir-Nb-Pd-Hg-Th-Np-Lu-Rh-Pu_1_13_3,phimage_Cu-Mn-Ni-Mo-Fe-Pt-Zn-Ca-Er-Au-Cd-Co-Gd-Na-Sm-Eu-Tb-V-Ag-Nd-U-Ba-Ce-K-Ga-Cr-Al-Li-Sc-Ru-In-Mg-Zr-Dy-W-Yb-Y-Ho-Re-Be-Rb-La-Sn-Cs-Pb-Pr-Bi-Tm-Sr-Ti-Hf-Ir-Nb-Pd-Hg-Th-Np-Lu-Rh-Pu_1_13_4,phimage_Cu-Mn-Ni-Mo-Fe-Pt-Zn-Ca-Er-Au-Cd-Co-Gd-Na-Sm-Eu-Tb-V-Ag-Nd-U-Ba-Ce-K-Ga-Cr-Al-Li-Sc-Ru-In-Mg-Zr-Dy-W-Yb-Y-Ho-Re-Be-Rb-La-Sn-Cs-Pb-Pr-Bi-Tm-Sr-Ti-Hf-Ir-Nb-Pd-Hg-Th-Np-Lu-Rh-Pu_1_13_5,phimage_Cu-Mn-Ni-Mo-Fe-Pt-Zn-Ca-Er-Au-Cd-Co-Gd-Na-Sm-Eu-Tb-V-Ag-Nd-U-Ba-Ce-K-Ga-Cr-Al-Li-Sc-Ru-In-Mg-Zr-Dy-W-Yb-Y-Ho-Re-Be-Rb-La-Sn-Cs-Pb-Pr-Bi-Tm-Sr-Ti-Hf-Ir-Nb-Pd-Hg-Th-Np-Lu-Rh-Pu_1_13_6,phimage_Cu-Mn-Ni-Mo-Fe-Pt-Zn-Ca-Er-Au-Cd-Co-Gd-Na-Sm-Eu-Tb-V-Ag-Nd-U-Ba-Ce-K-Ga-Cr-Al-Li-Sc-Ru-In-Mg-Zr-Dy-W-Yb-Y-Ho-Re-Be-Rb-La-Sn-Cs-Pb-Pr-Bi-Tm-Sr-Ti-Hf-Ir-Nb-Pd-Hg-Th-Np-Lu-Rh-Pu_1_13_7,phimage_Cu-Mn-Ni-Mo-Fe-Pt-Zn-Ca-Er-Au-Cd-Co-Gd-Na-Sm-Eu-Tb-V-Ag-Nd-U-Ba-Ce-K-Ga-Cr-Al-Li-Sc-Ru-In-Mg-Zr-Dy-W-Yb-Y-Ho-Re-Be-Rb-La-Sn-Cs-Pb-Pr-Bi-Tm-Sr-Ti-Hf-Ir-Nb-Pd-Hg-Th-Np-Lu-Rh-Pu_1_13_8,phimage_Cu-Mn-Ni-Mo-Fe-Pt-Zn-Ca-Er-Au-Cd-Co-Gd-Na-Sm-Eu-Tb-V-Ag-Nd-U-Ba-Ce-K-Ga-Cr-Al-Li-Sc-Ru-In-Mg-Zr-Dy-W-Yb-Y-Ho-Re-Be-Rb-La-Sn-Cs-Pb-Pr-Bi-Tm-Sr-Ti-Hf-Ir-Nb-Pd-Hg-Th-Np-Lu-Rh-Pu_1_13_9,phimage_Cu-Mn-Ni-Mo-Fe-Pt-Zn-Ca-Er-Au-Cd-Co-Gd-Na-Sm-Eu-Tb-V-Ag-Nd-U-Ba-Ce-K-Ga-Cr-Al-Li-Sc-Ru-In-Mg-Zr-Dy-W-Yb-Y-Ho-Re-Be-Rb-La-Sn-Cs-Pb-Pr-Bi-Tm-Sr-Ti-Hf-Ir-Nb-Pd-Hg-Th-Np-Lu-Rh-Pu_1_13_10,phimage_Cu-Mn-Ni-Mo-Fe-Pt-Zn-Ca-Er-Au-Cd-Co-Gd-Na-Sm-Eu-Tb-V-Ag-Nd-U-Ba-Ce-K-Ga-Cr-Al-Li-Sc-Ru-In-Mg-Zr-Dy-W-Yb-Y-Ho-Re-Be-Rb-La-Sn-Cs-Pb-Pr-Bi-Tm-Sr-Ti-Hf-Ir-Nb-Pd-Hg-Th-Np-Lu-Rh-Pu_1_13_11,phimage_Cu-Mn-Ni-Mo-Fe-Pt-Zn-Ca-Er-Au-Cd-Co-Gd-Na-Sm-Eu-Tb-V-Ag-Nd-U-Ba-Ce-K-Ga-Cr-Al-Li-Sc-Ru-In-Mg-Zr-Dy-W-Yb-Y-Ho-Re-Be-Rb-La-Sn-Cs-Pb-Pr-Bi-Tm-Sr-Ti-Hf-Ir-Nb-Pd-Hg-Th-Np-Lu-Rh-Pu_1_13_12,phimage_Cu-Mn-Ni-Mo-Fe-Pt-Zn-Ca-Er-Au-Cd-Co-Gd-Na-Sm-Eu-Tb-V-Ag-Nd-U-Ba-Ce-K-Ga-Cr-Al-Li-Sc-Ru-In-Mg-Zr-Dy-W-Yb-Y-Ho-Re-Be-Rb-La-Sn-Cs-Pb-Pr-Bi-Tm-Sr-Ti-Hf-Ir-Nb-Pd-Hg-Th-Np-Lu-Rh-Pu_1_13_13,phimage_Cu-Mn-Ni-Mo-Fe-Pt-Zn-Ca-Er-Au-Cd-Co-Gd-Na-Sm-Eu-Tb-V-Ag-Nd-U-Ba-Ce-K-Ga-Cr-Al-Li-Sc-Ru-In-Mg-Zr-Dy-W-Yb-Y-Ho-Re-Be-Rb-La-Sn-Cs-Pb-Pr-Bi-Tm-Sr-Ti-Hf-Ir-Nb-Pd-Hg-Th-Np-Lu-Rh-Pu_1_13_14,phimage_Cu-Mn-Ni-Mo-Fe-Pt-Zn-Ca-Er-Au-Cd-Co-Gd-Na-Sm-Eu-Tb-V-Ag-Nd-U-Ba-Ce-K-Ga-Cr-Al-Li-Sc-Ru-In-Mg-Zr-Dy-W-Yb-Y-Ho-Re-Be-Rb-La-Sn-Cs-Pb-Pr-Bi-Tm-Sr-Ti-Hf-Ir-Nb-Pd-Hg-Th-Np-Lu-Rh-Pu_1_13_15,phimage_Cu-Mn-Ni-Mo-Fe-Pt-Zn-Ca-Er-Au-Cd-Co-Gd-Na-Sm-Eu-Tb-V-Ag-Nd-U-Ba-Ce-K-Ga-Cr-Al-Li-Sc-Ru-In-Mg-Zr-Dy-W-Yb-Y-Ho-Re-Be-Rb-La-Sn-Cs-Pb-Pr-Bi-Tm-Sr-Ti-Hf-Ir-Nb-Pd-Hg-Th-Np-Lu-Rh-Pu_1_13_16,phimage_Cu-Mn-Ni-Mo-Fe-Pt-Zn-Ca-Er-Au-Cd-Co-Gd-Na-Sm-Eu-Tb-V-Ag-Nd-U-Ba-Ce-K-Ga-Cr-Al-Li-Sc-Ru-In-Mg-Zr-Dy-W-Yb-Y-Ho-Re-Be-Rb-La-Sn-Cs-Pb-Pr-Bi-Tm-Sr-Ti-Hf-Ir-Nb-Pd-Hg-Th-Np-Lu-Rh-Pu_1_13_17,phimage_Cu-Mn-Ni-Mo-Fe-Pt-Zn-Ca-Er-Au-Cd-Co-Gd-Na-Sm-Eu-Tb-V-Ag-Nd-U-Ba-Ce-K-Ga-Cr-Al-Li-Sc-Ru-In-Mg-Zr-Dy-W-Yb-Y-Ho-Re-Be-Rb-La-Sn-Cs-Pb-Pr-Bi-Tm-Sr-Ti-Hf-Ir-Nb-Pd-Hg-Th-Np-Lu-Rh-Pu_1_13_18,phimage_Cu-Mn-Ni-Mo-Fe-Pt-Zn-Ca-Er-Au-Cd-Co-Gd-Na-Sm-Eu-Tb-V-Ag-Nd-U-Ba-Ce-K-Ga-Cr-Al-Li-Sc-Ru-In-Mg-Zr-Dy-W-Yb-Y-Ho-Re-Be-Rb-La-Sn-Cs-Pb-Pr-Bi-Tm-Sr-Ti-Hf-Ir-Nb-Pd-Hg-Th-Np-Lu-Rh-Pu_1_13_19,phimage_Cu-Mn-Ni-Mo-Fe-Pt-Zn-Ca-Er-Au-Cd-Co-Gd-Na-Sm-Eu-Tb-V-Ag-Nd-U-Ba-Ce-K-Ga-Cr-Al-Li-Sc-Ru-In-Mg-Zr-Dy-W-Yb-Y-Ho-Re-Be-Rb-La-Sn-Cs-Pb-Pr-Bi-Tm-Sr-Ti-Hf-Ir-Nb-Pd-Hg-Th-Np-Lu-Rh-Pu_1_14_0,phimage_Cu-Mn-Ni-Mo-Fe-Pt-Zn-Ca-Er-Au-Cd-Co-Gd-Na-Sm-Eu-Tb-V-Ag-Nd-U-Ba-Ce-K-Ga-Cr-Al-Li-Sc-Ru-In-Mg-Zr-Dy-W-Yb-Y-Ho-Re-Be-Rb-La-Sn-Cs-Pb-Pr-Bi-Tm-Sr-Ti-Hf-Ir-Nb-Pd-Hg-Th-Np-Lu-Rh-Pu_1_14_1,phimage_Cu-Mn-Ni-Mo-Fe-Pt-Zn-Ca-Er-Au-Cd-Co-Gd-Na-Sm-Eu-Tb-V-Ag-Nd-U-Ba-Ce-K-Ga-Cr-Al-Li-Sc-Ru-In-Mg-Zr-Dy-W-Yb-Y-Ho-Re-Be-Rb-La-Sn-Cs-Pb-Pr-Bi-Tm-Sr-Ti-Hf-Ir-Nb-Pd-Hg-Th-Np-Lu-Rh-Pu_1_14_2,phimage_Cu-Mn-Ni-Mo-Fe-Pt-Zn-Ca-Er-Au-Cd-Co-Gd-Na-Sm-Eu-Tb-V-Ag-Nd-U-Ba-Ce-K-Ga-Cr-Al-Li-Sc-Ru-In-Mg-Zr-Dy-W-Yb-Y-Ho-Re-Be-Rb-La-Sn-Cs-Pb-Pr-Bi-Tm-Sr-Ti-Hf-Ir-Nb-Pd-Hg-Th-Np-Lu-Rh-Pu_1_14_3,phimage_Cu-Mn-Ni-Mo-Fe-Pt-Zn-Ca-Er-Au-Cd-Co-Gd-Na-Sm-Eu-Tb-V-Ag-Nd-U-Ba-Ce-K-Ga-Cr-Al-Li-Sc-Ru-In-Mg-Zr-Dy-W-Yb-Y-Ho-Re-Be-Rb-La-Sn-Cs-Pb-Pr-Bi-Tm-Sr-Ti-Hf-Ir-Nb-Pd-Hg-Th-Np-Lu-Rh-Pu_1_14_4,phimage_Cu-Mn-Ni-Mo-Fe-Pt-Zn-Ca-Er-Au-Cd-Co-Gd-Na-Sm-Eu-Tb-V-Ag-Nd-U-Ba-Ce-K-Ga-Cr-Al-Li-Sc-Ru-In-Mg-Zr-Dy-W-Yb-Y-Ho-Re-Be-Rb-La-Sn-Cs-Pb-Pr-Bi-Tm-Sr-Ti-Hf-Ir-Nb-Pd-Hg-Th-Np-Lu-Rh-Pu_1_14_5,phimage_Cu-Mn-Ni-Mo-Fe-Pt-Zn-Ca-Er-Au-Cd-Co-Gd-Na-Sm-Eu-Tb-V-Ag-Nd-U-Ba-Ce-K-Ga-Cr-Al-Li-Sc-Ru-In-Mg-Zr-Dy-W-Yb-Y-Ho-Re-Be-Rb-La-Sn-Cs-Pb-Pr-Bi-Tm-Sr-Ti-Hf-Ir-Nb-Pd-Hg-Th-Np-Lu-Rh-Pu_1_14_6,phimage_Cu-Mn-Ni-Mo-Fe-Pt-Zn-Ca-Er-Au-Cd-Co-Gd-Na-Sm-Eu-Tb-V-Ag-Nd-U-Ba-Ce-K-Ga-Cr-Al-Li-Sc-Ru-In-Mg-Zr-Dy-W-Yb-Y-Ho-Re-Be-Rb-La-Sn-Cs-Pb-Pr-Bi-Tm-Sr-Ti-Hf-Ir-Nb-Pd-Hg-Th-Np-Lu-Rh-Pu_1_14_7,phimage_Cu-Mn-Ni-Mo-Fe-Pt-Zn-Ca-Er-Au-Cd-Co-Gd-Na-Sm-Eu-Tb-V-Ag-Nd-U-Ba-Ce-K-Ga-Cr-Al-Li-Sc-Ru-In-Mg-Zr-Dy-W-Yb-Y-Ho-Re-Be-Rb-La-Sn-Cs-Pb-Pr-Bi-Tm-Sr-Ti-Hf-Ir-Nb-Pd-Hg-Th-Np-Lu-Rh-Pu_1_14_8,phimage_Cu-Mn-Ni-Mo-Fe-Pt-Zn-Ca-Er-Au-Cd-Co-Gd-Na-Sm-Eu-Tb-V-Ag-Nd-U-Ba-Ce-K-Ga-Cr-Al-Li-Sc-Ru-In-Mg-Zr-Dy-W-Yb-Y-Ho-Re-Be-Rb-La-Sn-Cs-Pb-Pr-Bi-Tm-Sr-Ti-Hf-Ir-Nb-Pd-Hg-Th-Np-Lu-Rh-Pu_1_14_9,phimage_Cu-Mn-Ni-Mo-Fe-Pt-Zn-Ca-Er-Au-Cd-Co-Gd-Na-Sm-Eu-Tb-V-Ag-Nd-U-Ba-Ce-K-Ga-Cr-Al-Li-Sc-Ru-In-Mg-Zr-Dy-W-Yb-Y-Ho-Re-Be-Rb-La-Sn-Cs-Pb-Pr-Bi-Tm-Sr-Ti-Hf-Ir-Nb-Pd-Hg-Th-Np-Lu-Rh-Pu_1_14_10,phimage_Cu-Mn-Ni-Mo-Fe-Pt-Zn-Ca-Er-Au-Cd-Co-Gd-Na-Sm-Eu-Tb-V-Ag-Nd-U-Ba-Ce-K-Ga-Cr-Al-Li-Sc-Ru-In-Mg-Zr-Dy-W-Yb-Y-Ho-Re-Be-Rb-La-Sn-Cs-Pb-Pr-Bi-Tm-Sr-Ti-Hf-Ir-Nb-Pd-Hg-Th-Np-Lu-Rh-Pu_1_14_11,phimage_Cu-Mn-Ni-Mo-Fe-Pt-Zn-Ca-Er-Au-Cd-Co-Gd-Na-Sm-Eu-Tb-V-Ag-Nd-U-Ba-Ce-K-Ga-Cr-Al-Li-Sc-Ru-In-Mg-Zr-Dy-W-Yb-Y-Ho-Re-Be-Rb-La-Sn-Cs-Pb-Pr-Bi-Tm-Sr-Ti-Hf-Ir-Nb-Pd-Hg-Th-Np-Lu-Rh-Pu_1_14_12,phimage_Cu-Mn-Ni-Mo-Fe-Pt-Zn-Ca-Er-Au-Cd-Co-Gd-Na-Sm-Eu-Tb-V-Ag-Nd-U-Ba-Ce-K-Ga-Cr-Al-Li-Sc-Ru-In-Mg-Zr-Dy-W-Yb-Y-Ho-Re-Be-Rb-La-Sn-Cs-Pb-Pr-Bi-Tm-Sr-Ti-Hf-Ir-Nb-Pd-Hg-Th-Np-Lu-Rh-Pu_1_14_13,phimage_Cu-Mn-Ni-Mo-Fe-Pt-Zn-Ca-Er-Au-Cd-Co-Gd-Na-Sm-Eu-Tb-V-Ag-Nd-U-Ba-Ce-K-Ga-Cr-Al-Li-Sc-Ru-In-Mg-Zr-Dy-W-Yb-Y-Ho-Re-Be-Rb-La-Sn-Cs-Pb-Pr-Bi-Tm-Sr-Ti-Hf-Ir-Nb-Pd-Hg-Th-Np-Lu-Rh-Pu_1_14_14,phimage_Cu-Mn-Ni-Mo-Fe-Pt-Zn-Ca-Er-Au-Cd-Co-Gd-Na-Sm-Eu-Tb-V-Ag-Nd-U-Ba-Ce-K-Ga-Cr-Al-Li-Sc-Ru-In-Mg-Zr-Dy-W-Yb-Y-Ho-Re-Be-Rb-La-Sn-Cs-Pb-Pr-Bi-Tm-Sr-Ti-Hf-Ir-Nb-Pd-Hg-Th-Np-Lu-Rh-Pu_1_14_15,phimage_Cu-Mn-Ni-Mo-Fe-Pt-Zn-Ca-Er-Au-Cd-Co-Gd-Na-Sm-Eu-Tb-V-Ag-Nd-U-Ba-Ce-K-Ga-Cr-Al-Li-Sc-Ru-In-Mg-Zr-Dy-W-Yb-Y-Ho-Re-Be-Rb-La-Sn-Cs-Pb-Pr-Bi-Tm-Sr-Ti-Hf-Ir-Nb-Pd-Hg-Th-Np-Lu-Rh-Pu_1_14_16,phimage_Cu-Mn-Ni-Mo-Fe-Pt-Zn-Ca-Er-Au-Cd-Co-Gd-Na-Sm-Eu-Tb-V-Ag-Nd-U-Ba-Ce-K-Ga-Cr-Al-Li-Sc-Ru-In-Mg-Zr-Dy-W-Yb-Y-Ho-Re-Be-Rb-La-Sn-Cs-Pb-Pr-Bi-Tm-Sr-Ti-Hf-Ir-Nb-Pd-Hg-Th-Np-Lu-Rh-Pu_1_14_17,phimage_Cu-Mn-Ni-Mo-Fe-Pt-Zn-Ca-Er-Au-Cd-Co-Gd-Na-Sm-Eu-Tb-V-Ag-Nd-U-Ba-Ce-K-Ga-Cr-Al-Li-Sc-Ru-In-Mg-Zr-Dy-W-Yb-Y-Ho-Re-Be-Rb-La-Sn-Cs-Pb-Pr-Bi-Tm-Sr-Ti-Hf-Ir-Nb-Pd-Hg-Th-Np-Lu-Rh-Pu_1_14_18,phimage_Cu-Mn-Ni-Mo-Fe-Pt-Zn-Ca-Er-Au-Cd-Co-Gd-Na-Sm-Eu-Tb-V-Ag-Nd-U-Ba-Ce-K-Ga-Cr-Al-Li-Sc-Ru-In-Mg-Zr-Dy-W-Yb-Y-Ho-Re-Be-Rb-La-Sn-Cs-Pb-Pr-Bi-Tm-Sr-Ti-Hf-Ir-Nb-Pd-Hg-Th-Np-Lu-Rh-Pu_1_14_19,phimage_Cu-Mn-Ni-Mo-Fe-Pt-Zn-Ca-Er-Au-Cd-Co-Gd-Na-Sm-Eu-Tb-V-Ag-Nd-U-Ba-Ce-K-Ga-Cr-Al-Li-Sc-Ru-In-Mg-Zr-Dy-W-Yb-Y-Ho-Re-Be-Rb-La-Sn-Cs-Pb-Pr-Bi-Tm-Sr-Ti-Hf-Ir-Nb-Pd-Hg-Th-Np-Lu-Rh-Pu_1_15_0,phimage_Cu-Mn-Ni-Mo-Fe-Pt-Zn-Ca-Er-Au-Cd-Co-Gd-Na-Sm-Eu-Tb-V-Ag-Nd-U-Ba-Ce-K-Ga-Cr-Al-Li-Sc-Ru-In-Mg-Zr-Dy-W-Yb-Y-Ho-Re-Be-Rb-La-Sn-Cs-Pb-Pr-Bi-Tm-Sr-Ti-Hf-Ir-Nb-Pd-Hg-Th-Np-Lu-Rh-Pu_1_15_1,phimage_Cu-Mn-Ni-Mo-Fe-Pt-Zn-Ca-Er-Au-Cd-Co-Gd-Na-Sm-Eu-Tb-V-Ag-Nd-U-Ba-Ce-K-Ga-Cr-Al-Li-Sc-Ru-In-Mg-Zr-Dy-W-Yb-Y-Ho-Re-Be-Rb-La-Sn-Cs-Pb-Pr-Bi-Tm-Sr-Ti-Hf-Ir-Nb-Pd-Hg-Th-Np-Lu-Rh-Pu_1_15_2,phimage_Cu-Mn-Ni-Mo-Fe-Pt-Zn-Ca-Er-Au-Cd-Co-Gd-Na-Sm-Eu-Tb-V-Ag-Nd-U-Ba-Ce-K-Ga-Cr-Al-Li-Sc-Ru-In-Mg-Zr-Dy-W-Yb-Y-Ho-Re-Be-Rb-La-Sn-Cs-Pb-Pr-Bi-Tm-Sr-Ti-Hf-Ir-Nb-Pd-Hg-Th-Np-Lu-Rh-Pu_1_15_3,phimage_Cu-Mn-Ni-Mo-Fe-Pt-Zn-Ca-Er-Au-Cd-Co-Gd-Na-Sm-Eu-Tb-V-Ag-Nd-U-Ba-Ce-K-Ga-Cr-Al-Li-Sc-Ru-In-Mg-Zr-Dy-W-Yb-Y-Ho-Re-Be-Rb-La-Sn-Cs-Pb-Pr-Bi-Tm-Sr-Ti-Hf-Ir-Nb-Pd-Hg-Th-Np-Lu-Rh-Pu_1_15_4,phimage_Cu-Mn-Ni-Mo-Fe-Pt-Zn-Ca-Er-Au-Cd-Co-Gd-Na-Sm-Eu-Tb-V-Ag-Nd-U-Ba-Ce-K-Ga-Cr-Al-Li-Sc-Ru-In-Mg-Zr-Dy-W-Yb-Y-Ho-Re-Be-Rb-La-Sn-Cs-Pb-Pr-Bi-Tm-Sr-Ti-Hf-Ir-Nb-Pd-Hg-Th-Np-Lu-Rh-Pu_1_15_5,phimage_Cu-Mn-Ni-Mo-Fe-Pt-Zn-Ca-Er-Au-Cd-Co-Gd-Na-Sm-Eu-Tb-V-Ag-Nd-U-Ba-Ce-K-Ga-Cr-Al-Li-Sc-Ru-In-Mg-Zr-Dy-W-Yb-Y-Ho-Re-Be-Rb-La-Sn-Cs-Pb-Pr-Bi-Tm-Sr-Ti-Hf-Ir-Nb-Pd-Hg-Th-Np-Lu-Rh-Pu_1_15_6,phimage_Cu-Mn-Ni-Mo-Fe-Pt-Zn-Ca-Er-Au-Cd-Co-Gd-Na-Sm-Eu-Tb-V-Ag-Nd-U-Ba-Ce-K-Ga-Cr-Al-Li-Sc-Ru-In-Mg-Zr-Dy-W-Yb-Y-Ho-Re-Be-Rb-La-Sn-Cs-Pb-Pr-Bi-Tm-Sr-Ti-Hf-Ir-Nb-Pd-Hg-Th-Np-Lu-Rh-Pu_1_15_7,phimage_Cu-Mn-Ni-Mo-Fe-Pt-Zn-Ca-Er-Au-Cd-Co-Gd-Na-Sm-Eu-Tb-V-Ag-Nd-U-Ba-Ce-K-Ga-Cr-Al-Li-Sc-Ru-In-Mg-Zr-Dy-W-Yb-Y-Ho-Re-Be-Rb-La-Sn-Cs-Pb-Pr-Bi-Tm-Sr-Ti-Hf-Ir-Nb-Pd-Hg-Th-Np-Lu-Rh-Pu_1_15_8,phimage_Cu-Mn-Ni-Mo-Fe-Pt-Zn-Ca-Er-Au-Cd-Co-Gd-Na-Sm-Eu-Tb-V-Ag-Nd-U-Ba-Ce-K-Ga-Cr-Al-Li-Sc-Ru-In-Mg-Zr-Dy-W-Yb-Y-Ho-Re-Be-Rb-La-Sn-Cs-Pb-Pr-Bi-Tm-Sr-Ti-Hf-Ir-Nb-Pd-Hg-Th-Np-Lu-Rh-Pu_1_15_9,phimage_Cu-Mn-Ni-Mo-Fe-Pt-Zn-Ca-Er-Au-Cd-Co-Gd-Na-Sm-Eu-Tb-V-Ag-Nd-U-Ba-Ce-K-Ga-Cr-Al-Li-Sc-Ru-In-Mg-Zr-Dy-W-Yb-Y-Ho-Re-Be-Rb-La-Sn-Cs-Pb-Pr-Bi-Tm-Sr-Ti-Hf-Ir-Nb-Pd-Hg-Th-Np-Lu-Rh-Pu_1_15_10,phimage_Cu-Mn-Ni-Mo-Fe-Pt-Zn-Ca-Er-Au-Cd-Co-Gd-Na-Sm-Eu-Tb-V-Ag-Nd-U-Ba-Ce-K-Ga-Cr-Al-Li-Sc-Ru-In-Mg-Zr-Dy-W-Yb-Y-Ho-Re-Be-Rb-La-Sn-Cs-Pb-Pr-Bi-Tm-Sr-Ti-Hf-Ir-Nb-Pd-Hg-Th-Np-Lu-Rh-Pu_1_15_11,phimage_Cu-Mn-Ni-Mo-Fe-Pt-Zn-Ca-Er-Au-Cd-Co-Gd-Na-Sm-Eu-Tb-V-Ag-Nd-U-Ba-Ce-K-Ga-Cr-Al-Li-Sc-Ru-In-Mg-Zr-Dy-W-Yb-Y-Ho-Re-Be-Rb-La-Sn-Cs-Pb-Pr-Bi-Tm-Sr-Ti-Hf-Ir-Nb-Pd-Hg-Th-Np-Lu-Rh-Pu_1_15_12,phimage_Cu-Mn-Ni-Mo-Fe-Pt-Zn-Ca-Er-Au-Cd-Co-Gd-Na-Sm-Eu-Tb-V-Ag-Nd-U-Ba-Ce-K-Ga-Cr-Al-Li-Sc-Ru-In-Mg-Zr-Dy-W-Yb-Y-Ho-Re-Be-Rb-La-Sn-Cs-Pb-Pr-Bi-Tm-Sr-Ti-Hf-Ir-Nb-Pd-Hg-Th-Np-Lu-Rh-Pu_1_15_13,phimage_Cu-Mn-Ni-Mo-Fe-Pt-Zn-Ca-Er-Au-Cd-Co-Gd-Na-Sm-Eu-Tb-V-Ag-Nd-U-Ba-Ce-K-Ga-Cr-Al-Li-Sc-Ru-In-Mg-Zr-Dy-W-Yb-Y-Ho-Re-Be-Rb-La-Sn-Cs-Pb-Pr-Bi-Tm-Sr-Ti-Hf-Ir-Nb-Pd-Hg-Th-Np-Lu-Rh-Pu_1_15_14,phimage_Cu-Mn-Ni-Mo-Fe-Pt-Zn-Ca-Er-Au-Cd-Co-Gd-Na-Sm-Eu-Tb-V-Ag-Nd-U-Ba-Ce-K-Ga-Cr-Al-Li-Sc-Ru-In-Mg-Zr-Dy-W-Yb-Y-Ho-Re-Be-Rb-La-Sn-Cs-Pb-Pr-Bi-Tm-Sr-Ti-Hf-Ir-Nb-Pd-Hg-Th-Np-Lu-Rh-Pu_1_15_15,phimage_Cu-Mn-Ni-Mo-Fe-Pt-Zn-Ca-Er-Au-Cd-Co-Gd-Na-Sm-Eu-Tb-V-Ag-Nd-U-Ba-Ce-K-Ga-Cr-Al-Li-Sc-Ru-In-Mg-Zr-Dy-W-Yb-Y-Ho-Re-Be-Rb-La-Sn-Cs-Pb-Pr-Bi-Tm-Sr-Ti-Hf-Ir-Nb-Pd-Hg-Th-Np-Lu-Rh-Pu_1_15_16,phimage_Cu-Mn-Ni-Mo-Fe-Pt-Zn-Ca-Er-Au-Cd-Co-Gd-Na-Sm-Eu-Tb-V-Ag-Nd-U-Ba-Ce-K-Ga-Cr-Al-Li-Sc-Ru-In-Mg-Zr-Dy-W-Yb-Y-Ho-Re-Be-Rb-La-Sn-Cs-Pb-Pr-Bi-Tm-Sr-Ti-Hf-Ir-Nb-Pd-Hg-Th-Np-Lu-Rh-Pu_1_15_17,phimage_Cu-Mn-Ni-Mo-Fe-Pt-Zn-Ca-Er-Au-Cd-Co-Gd-Na-Sm-Eu-Tb-V-Ag-Nd-U-Ba-Ce-K-Ga-Cr-Al-Li-Sc-Ru-In-Mg-Zr-Dy-W-Yb-Y-Ho-Re-Be-Rb-La-Sn-Cs-Pb-Pr-Bi-Tm-Sr-Ti-Hf-Ir-Nb-Pd-Hg-Th-Np-Lu-Rh-Pu_1_15_18,phimage_Cu-Mn-Ni-Mo-Fe-Pt-Zn-Ca-Er-Au-Cd-Co-Gd-Na-Sm-Eu-Tb-V-Ag-Nd-U-Ba-Ce-K-Ga-Cr-Al-Li-Sc-Ru-In-Mg-Zr-Dy-W-Yb-Y-Ho-Re-Be-Rb-La-Sn-Cs-Pb-Pr-Bi-Tm-Sr-Ti-Hf-Ir-Nb-Pd-Hg-Th-Np-Lu-Rh-Pu_1_15_19,phimage_Cu-Mn-Ni-Mo-Fe-Pt-Zn-Ca-Er-Au-Cd-Co-Gd-Na-Sm-Eu-Tb-V-Ag-Nd-U-Ba-Ce-K-Ga-Cr-Al-Li-Sc-Ru-In-Mg-Zr-Dy-W-Yb-Y-Ho-Re-Be-Rb-La-Sn-Cs-Pb-Pr-Bi-Tm-Sr-Ti-Hf-Ir-Nb-Pd-Hg-Th-Np-Lu-Rh-Pu_1_16_0,phimage_Cu-Mn-Ni-Mo-Fe-Pt-Zn-Ca-Er-Au-Cd-Co-Gd-Na-Sm-Eu-Tb-V-Ag-Nd-U-Ba-Ce-K-Ga-Cr-Al-Li-Sc-Ru-In-Mg-Zr-Dy-W-Yb-Y-Ho-Re-Be-Rb-La-Sn-Cs-Pb-Pr-Bi-Tm-Sr-Ti-Hf-Ir-Nb-Pd-Hg-Th-Np-Lu-Rh-Pu_1_16_1,phimage_Cu-Mn-Ni-Mo-Fe-Pt-Zn-Ca-Er-Au-Cd-Co-Gd-Na-Sm-Eu-Tb-V-Ag-Nd-U-Ba-Ce-K-Ga-Cr-Al-Li-Sc-Ru-In-Mg-Zr-Dy-W-Yb-Y-Ho-Re-Be-Rb-La-Sn-Cs-Pb-Pr-Bi-Tm-Sr-Ti-Hf-Ir-Nb-Pd-Hg-Th-Np-Lu-Rh-Pu_1_16_2,phimage_Cu-Mn-Ni-Mo-Fe-Pt-Zn-Ca-Er-Au-Cd-Co-Gd-Na-Sm-Eu-Tb-V-Ag-Nd-U-Ba-Ce-K-Ga-Cr-Al-Li-Sc-Ru-In-Mg-Zr-Dy-W-Yb-Y-Ho-Re-Be-Rb-La-Sn-Cs-Pb-Pr-Bi-Tm-Sr-Ti-Hf-Ir-Nb-Pd-Hg-Th-Np-Lu-Rh-Pu_1_16_3,phimage_Cu-Mn-Ni-Mo-Fe-Pt-Zn-Ca-Er-Au-Cd-Co-Gd-Na-Sm-Eu-Tb-V-Ag-Nd-U-Ba-Ce-K-Ga-Cr-Al-Li-Sc-Ru-In-Mg-Zr-Dy-W-Yb-Y-Ho-Re-Be-Rb-La-Sn-Cs-Pb-Pr-Bi-Tm-Sr-Ti-Hf-Ir-Nb-Pd-Hg-Th-Np-Lu-Rh-Pu_1_16_4,phimage_Cu-Mn-Ni-Mo-Fe-Pt-Zn-Ca-Er-Au-Cd-Co-Gd-Na-Sm-Eu-Tb-V-Ag-Nd-U-Ba-Ce-K-Ga-Cr-Al-Li-Sc-Ru-In-Mg-Zr-Dy-W-Yb-Y-Ho-Re-Be-Rb-La-Sn-Cs-Pb-Pr-Bi-Tm-Sr-Ti-Hf-Ir-Nb-Pd-Hg-Th-Np-Lu-Rh-Pu_1_16_5,phimage_Cu-Mn-Ni-Mo-Fe-Pt-Zn-Ca-Er-Au-Cd-Co-Gd-Na-Sm-Eu-Tb-V-Ag-Nd-U-Ba-Ce-K-Ga-Cr-Al-Li-Sc-Ru-In-Mg-Zr-Dy-W-Yb-Y-Ho-Re-Be-Rb-La-Sn-Cs-Pb-Pr-Bi-Tm-Sr-Ti-Hf-Ir-Nb-Pd-Hg-Th-Np-Lu-Rh-Pu_1_16_6,phimage_Cu-Mn-Ni-Mo-Fe-Pt-Zn-Ca-Er-Au-Cd-Co-Gd-Na-Sm-Eu-Tb-V-Ag-Nd-U-Ba-Ce-K-Ga-Cr-Al-Li-Sc-Ru-In-Mg-Zr-Dy-W-Yb-Y-Ho-Re-Be-Rb-La-Sn-Cs-Pb-Pr-Bi-Tm-Sr-Ti-Hf-Ir-Nb-Pd-Hg-Th-Np-Lu-Rh-Pu_1_16_7,phimage_Cu-Mn-Ni-Mo-Fe-Pt-Zn-Ca-Er-Au-Cd-Co-Gd-Na-Sm-Eu-Tb-V-Ag-Nd-U-Ba-Ce-K-Ga-Cr-Al-Li-Sc-Ru-In-Mg-Zr-Dy-W-Yb-Y-Ho-Re-Be-Rb-La-Sn-Cs-Pb-Pr-Bi-Tm-Sr-Ti-Hf-Ir-Nb-Pd-Hg-Th-Np-Lu-Rh-Pu_1_16_8,phimage_Cu-Mn-Ni-Mo-Fe-Pt-Zn-Ca-Er-Au-Cd-Co-Gd-Na-Sm-Eu-Tb-V-Ag-Nd-U-Ba-Ce-K-Ga-Cr-Al-Li-Sc-Ru-In-Mg-Zr-Dy-W-Yb-Y-Ho-Re-Be-Rb-La-Sn-Cs-Pb-Pr-Bi-Tm-Sr-Ti-Hf-Ir-Nb-Pd-Hg-Th-Np-Lu-Rh-Pu_1_16_9,phimage_Cu-Mn-Ni-Mo-Fe-Pt-Zn-Ca-Er-Au-Cd-Co-Gd-Na-Sm-Eu-Tb-V-Ag-Nd-U-Ba-Ce-K-Ga-Cr-Al-Li-Sc-Ru-In-Mg-Zr-Dy-W-Yb-Y-Ho-Re-Be-Rb-La-Sn-Cs-Pb-Pr-Bi-Tm-Sr-Ti-Hf-Ir-Nb-Pd-Hg-Th-Np-Lu-Rh-Pu_1_16_10,phimage_Cu-Mn-Ni-Mo-Fe-Pt-Zn-Ca-Er-Au-Cd-Co-Gd-Na-Sm-Eu-Tb-V-Ag-Nd-U-Ba-Ce-K-Ga-Cr-Al-Li-Sc-Ru-In-Mg-Zr-Dy-W-Yb-Y-Ho-Re-Be-Rb-La-Sn-Cs-Pb-Pr-Bi-Tm-Sr-Ti-Hf-Ir-Nb-Pd-Hg-Th-Np-Lu-Rh-Pu_1_16_11,phimage_Cu-Mn-Ni-Mo-Fe-Pt-Zn-Ca-Er-Au-Cd-Co-Gd-Na-Sm-Eu-Tb-V-Ag-Nd-U-Ba-Ce-K-Ga-Cr-Al-Li-Sc-Ru-In-Mg-Zr-Dy-W-Yb-Y-Ho-Re-Be-Rb-La-Sn-Cs-Pb-Pr-Bi-Tm-Sr-Ti-Hf-Ir-Nb-Pd-Hg-Th-Np-Lu-Rh-Pu_1_16_12,phimage_Cu-Mn-Ni-Mo-Fe-Pt-Zn-Ca-Er-Au-Cd-Co-Gd-Na-Sm-Eu-Tb-V-Ag-Nd-U-Ba-Ce-K-Ga-Cr-Al-Li-Sc-Ru-In-Mg-Zr-Dy-W-Yb-Y-Ho-Re-Be-Rb-La-Sn-Cs-Pb-Pr-Bi-Tm-Sr-Ti-Hf-Ir-Nb-Pd-Hg-Th-Np-Lu-Rh-Pu_1_16_13,phimage_Cu-Mn-Ni-Mo-Fe-Pt-Zn-Ca-Er-Au-Cd-Co-Gd-Na-Sm-Eu-Tb-V-Ag-Nd-U-Ba-Ce-K-Ga-Cr-Al-Li-Sc-Ru-In-Mg-Zr-Dy-W-Yb-Y-Ho-Re-Be-Rb-La-Sn-Cs-Pb-Pr-Bi-Tm-Sr-Ti-Hf-Ir-Nb-Pd-Hg-Th-Np-Lu-Rh-Pu_1_16_14,phimage_Cu-Mn-Ni-Mo-Fe-Pt-Zn-Ca-Er-Au-Cd-Co-Gd-Na-Sm-Eu-Tb-V-Ag-Nd-U-Ba-Ce-K-Ga-Cr-Al-Li-Sc-Ru-In-Mg-Zr-Dy-W-Yb-Y-Ho-Re-Be-Rb-La-Sn-Cs-Pb-Pr-Bi-Tm-Sr-Ti-Hf-Ir-Nb-Pd-Hg-Th-Np-Lu-Rh-Pu_1_16_15,phimage_Cu-Mn-Ni-Mo-Fe-Pt-Zn-Ca-Er-Au-Cd-Co-Gd-Na-Sm-Eu-Tb-V-Ag-Nd-U-Ba-Ce-K-Ga-Cr-Al-Li-Sc-Ru-In-Mg-Zr-Dy-W-Yb-Y-Ho-Re-Be-Rb-La-Sn-Cs-Pb-Pr-Bi-Tm-Sr-Ti-Hf-Ir-Nb-Pd-Hg-Th-Np-Lu-Rh-Pu_1_16_16,phimage_Cu-Mn-Ni-Mo-Fe-Pt-Zn-Ca-Er-Au-Cd-Co-Gd-Na-Sm-Eu-Tb-V-Ag-Nd-U-Ba-Ce-K-Ga-Cr-Al-Li-Sc-Ru-In-Mg-Zr-Dy-W-Yb-Y-Ho-Re-Be-Rb-La-Sn-Cs-Pb-Pr-Bi-Tm-Sr-Ti-Hf-Ir-Nb-Pd-Hg-Th-Np-Lu-Rh-Pu_1_16_17,phimage_Cu-Mn-Ni-Mo-Fe-Pt-Zn-Ca-Er-Au-Cd-Co-Gd-Na-Sm-Eu-Tb-V-Ag-Nd-U-Ba-Ce-K-Ga-Cr-Al-Li-Sc-Ru-In-Mg-Zr-Dy-W-Yb-Y-Ho-Re-Be-Rb-La-Sn-Cs-Pb-Pr-Bi-Tm-Sr-Ti-Hf-Ir-Nb-Pd-Hg-Th-Np-Lu-Rh-Pu_1_16_18,phimage_Cu-Mn-Ni-Mo-Fe-Pt-Zn-Ca-Er-Au-Cd-Co-Gd-Na-Sm-Eu-Tb-V-Ag-Nd-U-Ba-Ce-K-Ga-Cr-Al-Li-Sc-Ru-In-Mg-Zr-Dy-W-Yb-Y-Ho-Re-Be-Rb-La-Sn-Cs-Pb-Pr-Bi-Tm-Sr-Ti-Hf-Ir-Nb-Pd-Hg-Th-Np-Lu-Rh-Pu_1_16_19,phimage_Cu-Mn-Ni-Mo-Fe-Pt-Zn-Ca-Er-Au-Cd-Co-Gd-Na-Sm-Eu-Tb-V-Ag-Nd-U-Ba-Ce-K-Ga-Cr-Al-Li-Sc-Ru-In-Mg-Zr-Dy-W-Yb-Y-Ho-Re-Be-Rb-La-Sn-Cs-Pb-Pr-Bi-Tm-Sr-Ti-Hf-Ir-Nb-Pd-Hg-Th-Np-Lu-Rh-Pu_1_17_0,phimage_Cu-Mn-Ni-Mo-Fe-Pt-Zn-Ca-Er-Au-Cd-Co-Gd-Na-Sm-Eu-Tb-V-Ag-Nd-U-Ba-Ce-K-Ga-Cr-Al-Li-Sc-Ru-In-Mg-Zr-Dy-W-Yb-Y-Ho-Re-Be-Rb-La-Sn-Cs-Pb-Pr-Bi-Tm-Sr-Ti-Hf-Ir-Nb-Pd-Hg-Th-Np-Lu-Rh-Pu_1_17_1,phimage_Cu-Mn-Ni-Mo-Fe-Pt-Zn-Ca-Er-Au-Cd-Co-Gd-Na-Sm-Eu-Tb-V-Ag-Nd-U-Ba-Ce-K-Ga-Cr-Al-Li-Sc-Ru-In-Mg-Zr-Dy-W-Yb-Y-Ho-Re-Be-Rb-La-Sn-Cs-Pb-Pr-Bi-Tm-Sr-Ti-Hf-Ir-Nb-Pd-Hg-Th-Np-Lu-Rh-Pu_1_17_2,phimage_Cu-Mn-Ni-Mo-Fe-Pt-Zn-Ca-Er-Au-Cd-Co-Gd-Na-Sm-Eu-Tb-V-Ag-Nd-U-Ba-Ce-K-Ga-Cr-Al-Li-Sc-Ru-In-Mg-Zr-Dy-W-Yb-Y-Ho-Re-Be-Rb-La-Sn-Cs-Pb-Pr-Bi-Tm-Sr-Ti-Hf-Ir-Nb-Pd-Hg-Th-Np-Lu-Rh-Pu_1_17_3,phimage_Cu-Mn-Ni-Mo-Fe-Pt-Zn-Ca-Er-Au-Cd-Co-Gd-Na-Sm-Eu-Tb-V-Ag-Nd-U-Ba-Ce-K-Ga-Cr-Al-Li-Sc-Ru-In-Mg-Zr-Dy-W-Yb-Y-Ho-Re-Be-Rb-La-Sn-Cs-Pb-Pr-Bi-Tm-Sr-Ti-Hf-Ir-Nb-Pd-Hg-Th-Np-Lu-Rh-Pu_1_17_4,phimage_Cu-Mn-Ni-Mo-Fe-Pt-Zn-Ca-Er-Au-Cd-Co-Gd-Na-Sm-Eu-Tb-V-Ag-Nd-U-Ba-Ce-K-Ga-Cr-Al-Li-Sc-Ru-In-Mg-Zr-Dy-W-Yb-Y-Ho-Re-Be-Rb-La-Sn-Cs-Pb-Pr-Bi-Tm-Sr-Ti-Hf-Ir-Nb-Pd-Hg-Th-Np-Lu-Rh-Pu_1_17_5,phimage_Cu-Mn-Ni-Mo-Fe-Pt-Zn-Ca-Er-Au-Cd-Co-Gd-Na-Sm-Eu-Tb-V-Ag-Nd-U-Ba-Ce-K-Ga-Cr-Al-Li-Sc-Ru-In-Mg-Zr-Dy-W-Yb-Y-Ho-Re-Be-Rb-La-Sn-Cs-Pb-Pr-Bi-Tm-Sr-Ti-Hf-Ir-Nb-Pd-Hg-Th-Np-Lu-Rh-Pu_1_17_6,phimage_Cu-Mn-Ni-Mo-Fe-Pt-Zn-Ca-Er-Au-Cd-Co-Gd-Na-Sm-Eu-Tb-V-Ag-Nd-U-Ba-Ce-K-Ga-Cr-Al-Li-Sc-Ru-In-Mg-Zr-Dy-W-Yb-Y-Ho-Re-Be-Rb-La-Sn-Cs-Pb-Pr-Bi-Tm-Sr-Ti-Hf-Ir-Nb-Pd-Hg-Th-Np-Lu-Rh-Pu_1_17_7,phimage_Cu-Mn-Ni-Mo-Fe-Pt-Zn-Ca-Er-Au-Cd-Co-Gd-Na-Sm-Eu-Tb-V-Ag-Nd-U-Ba-Ce-K-Ga-Cr-Al-Li-Sc-Ru-In-Mg-Zr-Dy-W-Yb-Y-Ho-Re-Be-Rb-La-Sn-Cs-Pb-Pr-Bi-Tm-Sr-Ti-Hf-Ir-Nb-Pd-Hg-Th-Np-Lu-Rh-Pu_1_17_8,phimage_Cu-Mn-Ni-Mo-Fe-Pt-Zn-Ca-Er-Au-Cd-Co-Gd-Na-Sm-Eu-Tb-V-Ag-Nd-U-Ba-Ce-K-Ga-Cr-Al-Li-Sc-Ru-In-Mg-Zr-Dy-W-Yb-Y-Ho-Re-Be-Rb-La-Sn-Cs-Pb-Pr-Bi-Tm-Sr-Ti-Hf-Ir-Nb-Pd-Hg-Th-Np-Lu-Rh-Pu_1_17_9,phimage_Cu-Mn-Ni-Mo-Fe-Pt-Zn-Ca-Er-Au-Cd-Co-Gd-Na-Sm-Eu-Tb-V-Ag-Nd-U-Ba-Ce-K-Ga-Cr-Al-Li-Sc-Ru-In-Mg-Zr-Dy-W-Yb-Y-Ho-Re-Be-Rb-La-Sn-Cs-Pb-Pr-Bi-Tm-Sr-Ti-Hf-Ir-Nb-Pd-Hg-Th-Np-Lu-Rh-Pu_1_17_10,phimage_Cu-Mn-Ni-Mo-Fe-Pt-Zn-Ca-Er-Au-Cd-Co-Gd-Na-Sm-Eu-Tb-V-Ag-Nd-U-Ba-Ce-K-Ga-Cr-Al-Li-Sc-Ru-In-Mg-Zr-Dy-W-Yb-Y-Ho-Re-Be-Rb-La-Sn-Cs-Pb-Pr-Bi-Tm-Sr-Ti-Hf-Ir-Nb-Pd-Hg-Th-Np-Lu-Rh-Pu_1_17_11,phimage_Cu-Mn-Ni-Mo-Fe-Pt-Zn-Ca-Er-Au-Cd-Co-Gd-Na-Sm-Eu-Tb-V-Ag-Nd-U-Ba-Ce-K-Ga-Cr-Al-Li-Sc-Ru-In-Mg-Zr-Dy-W-Yb-Y-Ho-Re-Be-Rb-La-Sn-Cs-Pb-Pr-Bi-Tm-Sr-Ti-Hf-Ir-Nb-Pd-Hg-Th-Np-Lu-Rh-Pu_1_17_12,phimage_Cu-Mn-Ni-Mo-Fe-Pt-Zn-Ca-Er-Au-Cd-Co-Gd-Na-Sm-Eu-Tb-V-Ag-Nd-U-Ba-Ce-K-Ga-Cr-Al-Li-Sc-Ru-In-Mg-Zr-Dy-W-Yb-Y-Ho-Re-Be-Rb-La-Sn-Cs-Pb-Pr-Bi-Tm-Sr-Ti-Hf-Ir-Nb-Pd-Hg-Th-Np-Lu-Rh-Pu_1_17_13,phimage_Cu-Mn-Ni-Mo-Fe-Pt-Zn-Ca-Er-Au-Cd-Co-Gd-Na-Sm-Eu-Tb-V-Ag-Nd-U-Ba-Ce-K-Ga-Cr-Al-Li-Sc-Ru-In-Mg-Zr-Dy-W-Yb-Y-Ho-Re-Be-Rb-La-Sn-Cs-Pb-Pr-Bi-Tm-Sr-Ti-Hf-Ir-Nb-Pd-Hg-Th-Np-Lu-Rh-Pu_1_17_14,phimage_Cu-Mn-Ni-Mo-Fe-Pt-Zn-Ca-Er-Au-Cd-Co-Gd-Na-Sm-Eu-Tb-V-Ag-Nd-U-Ba-Ce-K-Ga-Cr-Al-Li-Sc-Ru-In-Mg-Zr-Dy-W-Yb-Y-Ho-Re-Be-Rb-La-Sn-Cs-Pb-Pr-Bi-Tm-Sr-Ti-Hf-Ir-Nb-Pd-Hg-Th-Np-Lu-Rh-Pu_1_17_15,phimage_Cu-Mn-Ni-Mo-Fe-Pt-Zn-Ca-Er-Au-Cd-Co-Gd-Na-Sm-Eu-Tb-V-Ag-Nd-U-Ba-Ce-K-Ga-Cr-Al-Li-Sc-Ru-In-Mg-Zr-Dy-W-Yb-Y-Ho-Re-Be-Rb-La-Sn-Cs-Pb-Pr-Bi-Tm-Sr-Ti-Hf-Ir-Nb-Pd-Hg-Th-Np-Lu-Rh-Pu_1_17_16,phimage_Cu-Mn-Ni-Mo-Fe-Pt-Zn-Ca-Er-Au-Cd-Co-Gd-Na-Sm-Eu-Tb-V-Ag-Nd-U-Ba-Ce-K-Ga-Cr-Al-Li-Sc-Ru-In-Mg-Zr-Dy-W-Yb-Y-Ho-Re-Be-Rb-La-Sn-Cs-Pb-Pr-Bi-Tm-Sr-Ti-Hf-Ir-Nb-Pd-Hg-Th-Np-Lu-Rh-Pu_1_17_17,phimage_Cu-Mn-Ni-Mo-Fe-Pt-Zn-Ca-Er-Au-Cd-Co-Gd-Na-Sm-Eu-Tb-V-Ag-Nd-U-Ba-Ce-K-Ga-Cr-Al-Li-Sc-Ru-In-Mg-Zr-Dy-W-Yb-Y-Ho-Re-Be-Rb-La-Sn-Cs-Pb-Pr-Bi-Tm-Sr-Ti-Hf-Ir-Nb-Pd-Hg-Th-Np-Lu-Rh-Pu_1_17_18,phimage_Cu-Mn-Ni-Mo-Fe-Pt-Zn-Ca-Er-Au-Cd-Co-Gd-Na-Sm-Eu-Tb-V-Ag-Nd-U-Ba-Ce-K-Ga-Cr-Al-Li-Sc-Ru-In-Mg-Zr-Dy-W-Yb-Y-Ho-Re-Be-Rb-La-Sn-Cs-Pb-Pr-Bi-Tm-Sr-Ti-Hf-Ir-Nb-Pd-Hg-Th-Np-Lu-Rh-Pu_1_17_19,phimage_Cu-Mn-Ni-Mo-Fe-Pt-Zn-Ca-Er-Au-Cd-Co-Gd-Na-Sm-Eu-Tb-V-Ag-Nd-U-Ba-Ce-K-Ga-Cr-Al-Li-Sc-Ru-In-Mg-Zr-Dy-W-Yb-Y-Ho-Re-Be-Rb-La-Sn-Cs-Pb-Pr-Bi-Tm-Sr-Ti-Hf-Ir-Nb-Pd-Hg-Th-Np-Lu-Rh-Pu_1_18_0,phimage_Cu-Mn-Ni-Mo-Fe-Pt-Zn-Ca-Er-Au-Cd-Co-Gd-Na-Sm-Eu-Tb-V-Ag-Nd-U-Ba-Ce-K-Ga-Cr-Al-Li-Sc-Ru-In-Mg-Zr-Dy-W-Yb-Y-Ho-Re-Be-Rb-La-Sn-Cs-Pb-Pr-Bi-Tm-Sr-Ti-Hf-Ir-Nb-Pd-Hg-Th-Np-Lu-Rh-Pu_1_18_1,phimage_Cu-Mn-Ni-Mo-Fe-Pt-Zn-Ca-Er-Au-Cd-Co-Gd-Na-Sm-Eu-Tb-V-Ag-Nd-U-Ba-Ce-K-Ga-Cr-Al-Li-Sc-Ru-In-Mg-Zr-Dy-W-Yb-Y-Ho-Re-Be-Rb-La-Sn-Cs-Pb-Pr-Bi-Tm-Sr-Ti-Hf-Ir-Nb-Pd-Hg-Th-Np-Lu-Rh-Pu_1_18_2,phimage_Cu-Mn-Ni-Mo-Fe-Pt-Zn-Ca-Er-Au-Cd-Co-Gd-Na-Sm-Eu-Tb-V-Ag-Nd-U-Ba-Ce-K-Ga-Cr-Al-Li-Sc-Ru-In-Mg-Zr-Dy-W-Yb-Y-Ho-Re-Be-Rb-La-Sn-Cs-Pb-Pr-Bi-Tm-Sr-Ti-Hf-Ir-Nb-Pd-Hg-Th-Np-Lu-Rh-Pu_1_18_3,phimage_Cu-Mn-Ni-Mo-Fe-Pt-Zn-Ca-Er-Au-Cd-Co-Gd-Na-Sm-Eu-Tb-V-Ag-Nd-U-Ba-Ce-K-Ga-Cr-Al-Li-Sc-Ru-In-Mg-Zr-Dy-W-Yb-Y-Ho-Re-Be-Rb-La-Sn-Cs-Pb-Pr-Bi-Tm-Sr-Ti-Hf-Ir-Nb-Pd-Hg-Th-Np-Lu-Rh-Pu_1_18_4,phimage_Cu-Mn-Ni-Mo-Fe-Pt-Zn-Ca-Er-Au-Cd-Co-Gd-Na-Sm-Eu-Tb-V-Ag-Nd-U-Ba-Ce-K-Ga-Cr-Al-Li-Sc-Ru-In-Mg-Zr-Dy-W-Yb-Y-Ho-Re-Be-Rb-La-Sn-Cs-Pb-Pr-Bi-Tm-Sr-Ti-Hf-Ir-Nb-Pd-Hg-Th-Np-Lu-Rh-Pu_1_18_5,phimage_Cu-Mn-Ni-Mo-Fe-Pt-Zn-Ca-Er-Au-Cd-Co-Gd-Na-Sm-Eu-Tb-V-Ag-Nd-U-Ba-Ce-K-Ga-Cr-Al-Li-Sc-Ru-In-Mg-Zr-Dy-W-Yb-Y-Ho-Re-Be-Rb-La-Sn-Cs-Pb-Pr-Bi-Tm-Sr-Ti-Hf-Ir-Nb-Pd-Hg-Th-Np-Lu-Rh-Pu_1_18_6,phimage_Cu-Mn-Ni-Mo-Fe-Pt-Zn-Ca-Er-Au-Cd-Co-Gd-Na-Sm-Eu-Tb-V-Ag-Nd-U-Ba-Ce-K-Ga-Cr-Al-Li-Sc-Ru-In-Mg-Zr-Dy-W-Yb-Y-Ho-Re-Be-Rb-La-Sn-Cs-Pb-Pr-Bi-Tm-Sr-Ti-Hf-Ir-Nb-Pd-Hg-Th-Np-Lu-Rh-Pu_1_18_7,phimage_Cu-Mn-Ni-Mo-Fe-Pt-Zn-Ca-Er-Au-Cd-Co-Gd-Na-Sm-Eu-Tb-V-Ag-Nd-U-Ba-Ce-K-Ga-Cr-Al-Li-Sc-Ru-In-Mg-Zr-Dy-W-Yb-Y-Ho-Re-Be-Rb-La-Sn-Cs-Pb-Pr-Bi-Tm-Sr-Ti-Hf-Ir-Nb-Pd-Hg-Th-Np-Lu-Rh-Pu_1_18_8,phimage_Cu-Mn-Ni-Mo-Fe-Pt-Zn-Ca-Er-Au-Cd-Co-Gd-Na-Sm-Eu-Tb-V-Ag-Nd-U-Ba-Ce-K-Ga-Cr-Al-Li-Sc-Ru-In-Mg-Zr-Dy-W-Yb-Y-Ho-Re-Be-Rb-La-Sn-Cs-Pb-Pr-Bi-Tm-Sr-Ti-Hf-Ir-Nb-Pd-Hg-Th-Np-Lu-Rh-Pu_1_18_9,phimage_Cu-Mn-Ni-Mo-Fe-Pt-Zn-Ca-Er-Au-Cd-Co-Gd-Na-Sm-Eu-Tb-V-Ag-Nd-U-Ba-Ce-K-Ga-Cr-Al-Li-Sc-Ru-In-Mg-Zr-Dy-W-Yb-Y-Ho-Re-Be-Rb-La-Sn-Cs-Pb-Pr-Bi-Tm-Sr-Ti-Hf-Ir-Nb-Pd-Hg-Th-Np-Lu-Rh-Pu_1_18_10,phimage_Cu-Mn-Ni-Mo-Fe-Pt-Zn-Ca-Er-Au-Cd-Co-Gd-Na-Sm-Eu-Tb-V-Ag-Nd-U-Ba-Ce-K-Ga-Cr-Al-Li-Sc-Ru-In-Mg-Zr-Dy-W-Yb-Y-Ho-Re-Be-Rb-La-Sn-Cs-Pb-Pr-Bi-Tm-Sr-Ti-Hf-Ir-Nb-Pd-Hg-Th-Np-Lu-Rh-Pu_1_18_11,phimage_Cu-Mn-Ni-Mo-Fe-Pt-Zn-Ca-Er-Au-Cd-Co-Gd-Na-Sm-Eu-Tb-V-Ag-Nd-U-Ba-Ce-K-Ga-Cr-Al-Li-Sc-Ru-In-Mg-Zr-Dy-W-Yb-Y-Ho-Re-Be-Rb-La-Sn-Cs-Pb-Pr-Bi-Tm-Sr-Ti-Hf-Ir-Nb-Pd-Hg-Th-Np-Lu-Rh-Pu_1_18_12,phimage_Cu-Mn-Ni-Mo-Fe-Pt-Zn-Ca-Er-Au-Cd-Co-Gd-Na-Sm-Eu-Tb-V-Ag-Nd-U-Ba-Ce-K-Ga-Cr-Al-Li-Sc-Ru-In-Mg-Zr-Dy-W-Yb-Y-Ho-Re-Be-Rb-La-Sn-Cs-Pb-Pr-Bi-Tm-Sr-Ti-Hf-Ir-Nb-Pd-Hg-Th-Np-Lu-Rh-Pu_1_18_13,phimage_Cu-Mn-Ni-Mo-Fe-Pt-Zn-Ca-Er-Au-Cd-Co-Gd-Na-Sm-Eu-Tb-V-Ag-Nd-U-Ba-Ce-K-Ga-Cr-Al-Li-Sc-Ru-In-Mg-Zr-Dy-W-Yb-Y-Ho-Re-Be-Rb-La-Sn-Cs-Pb-Pr-Bi-Tm-Sr-Ti-Hf-Ir-Nb-Pd-Hg-Th-Np-Lu-Rh-Pu_1_18_14,phimage_Cu-Mn-Ni-Mo-Fe-Pt-Zn-Ca-Er-Au-Cd-Co-Gd-Na-Sm-Eu-Tb-V-Ag-Nd-U-Ba-Ce-K-Ga-Cr-Al-Li-Sc-Ru-In-Mg-Zr-Dy-W-Yb-Y-Ho-Re-Be-Rb-La-Sn-Cs-Pb-Pr-Bi-Tm-Sr-Ti-Hf-Ir-Nb-Pd-Hg-Th-Np-Lu-Rh-Pu_1_18_15,phimage_Cu-Mn-Ni-Mo-Fe-Pt-Zn-Ca-Er-Au-Cd-Co-Gd-Na-Sm-Eu-Tb-V-Ag-Nd-U-Ba-Ce-K-Ga-Cr-Al-Li-Sc-Ru-In-Mg-Zr-Dy-W-Yb-Y-Ho-Re-Be-Rb-La-Sn-Cs-Pb-Pr-Bi-Tm-Sr-Ti-Hf-Ir-Nb-Pd-Hg-Th-Np-Lu-Rh-Pu_1_18_16,phimage_Cu-Mn-Ni-Mo-Fe-Pt-Zn-Ca-Er-Au-Cd-Co-Gd-Na-Sm-Eu-Tb-V-Ag-Nd-U-Ba-Ce-K-Ga-Cr-Al-Li-Sc-Ru-In-Mg-Zr-Dy-W-Yb-Y-Ho-Re-Be-Rb-La-Sn-Cs-Pb-Pr-Bi-Tm-Sr-Ti-Hf-Ir-Nb-Pd-Hg-Th-Np-Lu-Rh-Pu_1_18_17,phimage_Cu-Mn-Ni-Mo-Fe-Pt-Zn-Ca-Er-Au-Cd-Co-Gd-Na-Sm-Eu-Tb-V-Ag-Nd-U-Ba-Ce-K-Ga-Cr-Al-Li-Sc-Ru-In-Mg-Zr-Dy-W-Yb-Y-Ho-Re-Be-Rb-La-Sn-Cs-Pb-Pr-Bi-Tm-Sr-Ti-Hf-Ir-Nb-Pd-Hg-Th-Np-Lu-Rh-Pu_1_18_18,phimage_Cu-Mn-Ni-Mo-Fe-Pt-Zn-Ca-Er-Au-Cd-Co-Gd-Na-Sm-Eu-Tb-V-Ag-Nd-U-Ba-Ce-K-Ga-Cr-Al-Li-Sc-Ru-In-Mg-Zr-Dy-W-Yb-Y-Ho-Re-Be-Rb-La-Sn-Cs-Pb-Pr-Bi-Tm-Sr-Ti-Hf-Ir-Nb-Pd-Hg-Th-Np-Lu-Rh-Pu_1_18_19,phimage_Cu-Mn-Ni-Mo-Fe-Pt-Zn-Ca-Er-Au-Cd-Co-Gd-Na-Sm-Eu-Tb-V-Ag-Nd-U-Ba-Ce-K-Ga-Cr-Al-Li-Sc-Ru-In-Mg-Zr-Dy-W-Yb-Y-Ho-Re-Be-Rb-La-Sn-Cs-Pb-Pr-Bi-Tm-Sr-Ti-Hf-Ir-Nb-Pd-Hg-Th-Np-Lu-Rh-Pu_1_19_0,phimage_Cu-Mn-Ni-Mo-Fe-Pt-Zn-Ca-Er-Au-Cd-Co-Gd-Na-Sm-Eu-Tb-V-Ag-Nd-U-Ba-Ce-K-Ga-Cr-Al-Li-Sc-Ru-In-Mg-Zr-Dy-W-Yb-Y-Ho-Re-Be-Rb-La-Sn-Cs-Pb-Pr-Bi-Tm-Sr-Ti-Hf-Ir-Nb-Pd-Hg-Th-Np-Lu-Rh-Pu_1_19_1,phimage_Cu-Mn-Ni-Mo-Fe-Pt-Zn-Ca-Er-Au-Cd-Co-Gd-Na-Sm-Eu-Tb-V-Ag-Nd-U-Ba-Ce-K-Ga-Cr-Al-Li-Sc-Ru-In-Mg-Zr-Dy-W-Yb-Y-Ho-Re-Be-Rb-La-Sn-Cs-Pb-Pr-Bi-Tm-Sr-Ti-Hf-Ir-Nb-Pd-Hg-Th-Np-Lu-Rh-Pu_1_19_2,phimage_Cu-Mn-Ni-Mo-Fe-Pt-Zn-Ca-Er-Au-Cd-Co-Gd-Na-Sm-Eu-Tb-V-Ag-Nd-U-Ba-Ce-K-Ga-Cr-Al-Li-Sc-Ru-In-Mg-Zr-Dy-W-Yb-Y-Ho-Re-Be-Rb-La-Sn-Cs-Pb-Pr-Bi-Tm-Sr-Ti-Hf-Ir-Nb-Pd-Hg-Th-Np-Lu-Rh-Pu_1_19_3,phimage_Cu-Mn-Ni-Mo-Fe-Pt-Zn-Ca-Er-Au-Cd-Co-Gd-Na-Sm-Eu-Tb-V-Ag-Nd-U-Ba-Ce-K-Ga-Cr-Al-Li-Sc-Ru-In-Mg-Zr-Dy-W-Yb-Y-Ho-Re-Be-Rb-La-Sn-Cs-Pb-Pr-Bi-Tm-Sr-Ti-Hf-Ir-Nb-Pd-Hg-Th-Np-Lu-Rh-Pu_1_19_4,phimage_Cu-Mn-Ni-Mo-Fe-Pt-Zn-Ca-Er-Au-Cd-Co-Gd-Na-Sm-Eu-Tb-V-Ag-Nd-U-Ba-Ce-K-Ga-Cr-Al-Li-Sc-Ru-In-Mg-Zr-Dy-W-Yb-Y-Ho-Re-Be-Rb-La-Sn-Cs-Pb-Pr-Bi-Tm-Sr-Ti-Hf-Ir-Nb-Pd-Hg-Th-Np-Lu-Rh-Pu_1_19_5,phimage_Cu-Mn-Ni-Mo-Fe-Pt-Zn-Ca-Er-Au-Cd-Co-Gd-Na-Sm-Eu-Tb-V-Ag-Nd-U-Ba-Ce-K-Ga-Cr-Al-Li-Sc-Ru-In-Mg-Zr-Dy-W-Yb-Y-Ho-Re-Be-Rb-La-Sn-Cs-Pb-Pr-Bi-Tm-Sr-Ti-Hf-Ir-Nb-Pd-Hg-Th-Np-Lu-Rh-Pu_1_19_6,phimage_Cu-Mn-Ni-Mo-Fe-Pt-Zn-Ca-Er-Au-Cd-Co-Gd-Na-Sm-Eu-Tb-V-Ag-Nd-U-Ba-Ce-K-Ga-Cr-Al-Li-Sc-Ru-In-Mg-Zr-Dy-W-Yb-Y-Ho-Re-Be-Rb-La-Sn-Cs-Pb-Pr-Bi-Tm-Sr-Ti-Hf-Ir-Nb-Pd-Hg-Th-Np-Lu-Rh-Pu_1_19_7,phimage_Cu-Mn-Ni-Mo-Fe-Pt-Zn-Ca-Er-Au-Cd-Co-Gd-Na-Sm-Eu-Tb-V-Ag-Nd-U-Ba-Ce-K-Ga-Cr-Al-Li-Sc-Ru-In-Mg-Zr-Dy-W-Yb-Y-Ho-Re-Be-Rb-La-Sn-Cs-Pb-Pr-Bi-Tm-Sr-Ti-Hf-Ir-Nb-Pd-Hg-Th-Np-Lu-Rh-Pu_1_19_8,phimage_Cu-Mn-Ni-Mo-Fe-Pt-Zn-Ca-Er-Au-Cd-Co-Gd-Na-Sm-Eu-Tb-V-Ag-Nd-U-Ba-Ce-K-Ga-Cr-Al-Li-Sc-Ru-In-Mg-Zr-Dy-W-Yb-Y-Ho-Re-Be-Rb-La-Sn-Cs-Pb-Pr-Bi-Tm-Sr-Ti-Hf-Ir-Nb-Pd-Hg-Th-Np-Lu-Rh-Pu_1_19_9,phimage_Cu-Mn-Ni-Mo-Fe-Pt-Zn-Ca-Er-Au-Cd-Co-Gd-Na-Sm-Eu-Tb-V-Ag-Nd-U-Ba-Ce-K-Ga-Cr-Al-Li-Sc-Ru-In-Mg-Zr-Dy-W-Yb-Y-Ho-Re-Be-Rb-La-Sn-Cs-Pb-Pr-Bi-Tm-Sr-Ti-Hf-Ir-Nb-Pd-Hg-Th-Np-Lu-Rh-Pu_1_19_10,phimage_Cu-Mn-Ni-Mo-Fe-Pt-Zn-Ca-Er-Au-Cd-Co-Gd-Na-Sm-Eu-Tb-V-Ag-Nd-U-Ba-Ce-K-Ga-Cr-Al-Li-Sc-Ru-In-Mg-Zr-Dy-W-Yb-Y-Ho-Re-Be-Rb-La-Sn-Cs-Pb-Pr-Bi-Tm-Sr-Ti-Hf-Ir-Nb-Pd-Hg-Th-Np-Lu-Rh-Pu_1_19_11,phimage_Cu-Mn-Ni-Mo-Fe-Pt-Zn-Ca-Er-Au-Cd-Co-Gd-Na-Sm-Eu-Tb-V-Ag-Nd-U-Ba-Ce-K-Ga-Cr-Al-Li-Sc-Ru-In-Mg-Zr-Dy-W-Yb-Y-Ho-Re-Be-Rb-La-Sn-Cs-Pb-Pr-Bi-Tm-Sr-Ti-Hf-Ir-Nb-Pd-Hg-Th-Np-Lu-Rh-Pu_1_19_12,phimage_Cu-Mn-Ni-Mo-Fe-Pt-Zn-Ca-Er-Au-Cd-Co-Gd-Na-Sm-Eu-Tb-V-Ag-Nd-U-Ba-Ce-K-Ga-Cr-Al-Li-Sc-Ru-In-Mg-Zr-Dy-W-Yb-Y-Ho-Re-Be-Rb-La-Sn-Cs-Pb-Pr-Bi-Tm-Sr-Ti-Hf-Ir-Nb-Pd-Hg-Th-Np-Lu-Rh-Pu_1_19_13,phimage_Cu-Mn-Ni-Mo-Fe-Pt-Zn-Ca-Er-Au-Cd-Co-Gd-Na-Sm-Eu-Tb-V-Ag-Nd-U-Ba-Ce-K-Ga-Cr-Al-Li-Sc-Ru-In-Mg-Zr-Dy-W-Yb-Y-Ho-Re-Be-Rb-La-Sn-Cs-Pb-Pr-Bi-Tm-Sr-Ti-Hf-Ir-Nb-Pd-Hg-Th-Np-Lu-Rh-Pu_1_19_14,phimage_Cu-Mn-Ni-Mo-Fe-Pt-Zn-Ca-Er-Au-Cd-Co-Gd-Na-Sm-Eu-Tb-V-Ag-Nd-U-Ba-Ce-K-Ga-Cr-Al-Li-Sc-Ru-In-Mg-Zr-Dy-W-Yb-Y-Ho-Re-Be-Rb-La-Sn-Cs-Pb-Pr-Bi-Tm-Sr-Ti-Hf-Ir-Nb-Pd-Hg-Th-Np-Lu-Rh-Pu_1_19_15,phimage_Cu-Mn-Ni-Mo-Fe-Pt-Zn-Ca-Er-Au-Cd-Co-Gd-Na-Sm-Eu-Tb-V-Ag-Nd-U-Ba-Ce-K-Ga-Cr-Al-Li-Sc-Ru-In-Mg-Zr-Dy-W-Yb-Y-Ho-Re-Be-Rb-La-Sn-Cs-Pb-Pr-Bi-Tm-Sr-Ti-Hf-Ir-Nb-Pd-Hg-Th-Np-Lu-Rh-Pu_1_19_16,phimage_Cu-Mn-Ni-Mo-Fe-Pt-Zn-Ca-Er-Au-Cd-Co-Gd-Na-Sm-Eu-Tb-V-Ag-Nd-U-Ba-Ce-K-Ga-Cr-Al-Li-Sc-Ru-In-Mg-Zr-Dy-W-Yb-Y-Ho-Re-Be-Rb-La-Sn-Cs-Pb-Pr-Bi-Tm-Sr-Ti-Hf-Ir-Nb-Pd-Hg-Th-Np-Lu-Rh-Pu_1_19_17,phimage_Cu-Mn-Ni-Mo-Fe-Pt-Zn-Ca-Er-Au-Cd-Co-Gd-Na-Sm-Eu-Tb-V-Ag-Nd-U-Ba-Ce-K-Ga-Cr-Al-Li-Sc-Ru-In-Mg-Zr-Dy-W-Yb-Y-Ho-Re-Be-Rb-La-Sn-Cs-Pb-Pr-Bi-Tm-Sr-Ti-Hf-Ir-Nb-Pd-Hg-Th-Np-Lu-Rh-Pu_1_19_18,phimage_Cu-Mn-Ni-Mo-Fe-Pt-Zn-Ca-Er-Au-Cd-Co-Gd-Na-Sm-Eu-Tb-V-Ag-Nd-U-Ba-Ce-K-Ga-Cr-Al-Li-Sc-Ru-In-Mg-Zr-Dy-W-Yb-Y-Ho-Re-Be-Rb-La-Sn-Cs-Pb-Pr-Bi-Tm-Sr-Ti-Hf-Ir-Nb-Pd-Hg-Th-Np-Lu-Rh-Pu_1_19_19,phimage_Cu-Mn-Ni-Mo-Fe-Pt-Zn-Ca-Er-Au-Cd-Co-Gd-Na-Sm-Eu-Tb-V-Ag-Nd-U-Ba-Ce-K-Ga-Cr-Al-Li-Sc-Ru-In-Mg-Zr-Dy-W-Yb-Y-Ho-Re-Be-Rb-La-Sn-Cs-Pb-Pr-Bi-Tm-Sr-Ti-Hf-Ir-Nb-Pd-Hg-Th-Np-Lu-Rh-Pu_2_0_0,phimage_Cu-Mn-Ni-Mo-Fe-Pt-Zn-Ca-Er-Au-Cd-Co-Gd-Na-Sm-Eu-Tb-V-Ag-Nd-U-Ba-Ce-K-Ga-Cr-Al-Li-Sc-Ru-In-Mg-Zr-Dy-W-Yb-Y-Ho-Re-Be-Rb-La-Sn-Cs-Pb-Pr-Bi-Tm-Sr-Ti-Hf-Ir-Nb-Pd-Hg-Th-Np-Lu-Rh-Pu_2_0_1,phimage_Cu-Mn-Ni-Mo-Fe-Pt-Zn-Ca-Er-Au-Cd-Co-Gd-Na-Sm-Eu-Tb-V-Ag-Nd-U-Ba-Ce-K-Ga-Cr-Al-Li-Sc-Ru-In-Mg-Zr-Dy-W-Yb-Y-Ho-Re-Be-Rb-La-Sn-Cs-Pb-Pr-Bi-Tm-Sr-Ti-Hf-Ir-Nb-Pd-Hg-Th-Np-Lu-Rh-Pu_2_0_2,phimage_Cu-Mn-Ni-Mo-Fe-Pt-Zn-Ca-Er-Au-Cd-Co-Gd-Na-Sm-Eu-Tb-V-Ag-Nd-U-Ba-Ce-K-Ga-Cr-Al-Li-Sc-Ru-In-Mg-Zr-Dy-W-Yb-Y-Ho-Re-Be-Rb-La-Sn-Cs-Pb-Pr-Bi-Tm-Sr-Ti-Hf-Ir-Nb-Pd-Hg-Th-Np-Lu-Rh-Pu_2_0_3,phimage_Cu-Mn-Ni-Mo-Fe-Pt-Zn-Ca-Er-Au-Cd-Co-Gd-Na-Sm-Eu-Tb-V-Ag-Nd-U-Ba-Ce-K-Ga-Cr-Al-Li-Sc-Ru-In-Mg-Zr-Dy-W-Yb-Y-Ho-Re-Be-Rb-La-Sn-Cs-Pb-Pr-Bi-Tm-Sr-Ti-Hf-Ir-Nb-Pd-Hg-Th-Np-Lu-Rh-Pu_2_0_4,phimage_Cu-Mn-Ni-Mo-Fe-Pt-Zn-Ca-Er-Au-Cd-Co-Gd-Na-Sm-Eu-Tb-V-Ag-Nd-U-Ba-Ce-K-Ga-Cr-Al-Li-Sc-Ru-In-Mg-Zr-Dy-W-Yb-Y-Ho-Re-Be-Rb-La-Sn-Cs-Pb-Pr-Bi-Tm-Sr-Ti-Hf-Ir-Nb-Pd-Hg-Th-Np-Lu-Rh-Pu_2_0_5,phimage_Cu-Mn-Ni-Mo-Fe-Pt-Zn-Ca-Er-Au-Cd-Co-Gd-Na-Sm-Eu-Tb-V-Ag-Nd-U-Ba-Ce-K-Ga-Cr-Al-Li-Sc-Ru-In-Mg-Zr-Dy-W-Yb-Y-Ho-Re-Be-Rb-La-Sn-Cs-Pb-Pr-Bi-Tm-Sr-Ti-Hf-Ir-Nb-Pd-Hg-Th-Np-Lu-Rh-Pu_2_0_6,phimage_Cu-Mn-Ni-Mo-Fe-Pt-Zn-Ca-Er-Au-Cd-Co-Gd-Na-Sm-Eu-Tb-V-Ag-Nd-U-Ba-Ce-K-Ga-Cr-Al-Li-Sc-Ru-In-Mg-Zr-Dy-W-Yb-Y-Ho-Re-Be-Rb-La-Sn-Cs-Pb-Pr-Bi-Tm-Sr-Ti-Hf-Ir-Nb-Pd-Hg-Th-Np-Lu-Rh-Pu_2_0_7,phimage_Cu-Mn-Ni-Mo-Fe-Pt-Zn-Ca-Er-Au-Cd-Co-Gd-Na-Sm-Eu-Tb-V-Ag-Nd-U-Ba-Ce-K-Ga-Cr-Al-Li-Sc-Ru-In-Mg-Zr-Dy-W-Yb-Y-Ho-Re-Be-Rb-La-Sn-Cs-Pb-Pr-Bi-Tm-Sr-Ti-Hf-Ir-Nb-Pd-Hg-Th-Np-Lu-Rh-Pu_2_0_8,phimage_Cu-Mn-Ni-Mo-Fe-Pt-Zn-Ca-Er-Au-Cd-Co-Gd-Na-Sm-Eu-Tb-V-Ag-Nd-U-Ba-Ce-K-Ga-Cr-Al-Li-Sc-Ru-In-Mg-Zr-Dy-W-Yb-Y-Ho-Re-Be-Rb-La-Sn-Cs-Pb-Pr-Bi-Tm-Sr-Ti-Hf-Ir-Nb-Pd-Hg-Th-Np-Lu-Rh-Pu_2_0_9,phimage_Cu-Mn-Ni-Mo-Fe-Pt-Zn-Ca-Er-Au-Cd-Co-Gd-Na-Sm-Eu-Tb-V-Ag-Nd-U-Ba-Ce-K-Ga-Cr-Al-Li-Sc-Ru-In-Mg-Zr-Dy-W-Yb-Y-Ho-Re-Be-Rb-La-Sn-Cs-Pb-Pr-Bi-Tm-Sr-Ti-Hf-Ir-Nb-Pd-Hg-Th-Np-Lu-Rh-Pu_2_0_10,phimage_Cu-Mn-Ni-Mo-Fe-Pt-Zn-Ca-Er-Au-Cd-Co-Gd-Na-Sm-Eu-Tb-V-Ag-Nd-U-Ba-Ce-K-Ga-Cr-Al-Li-Sc-Ru-In-Mg-Zr-Dy-W-Yb-Y-Ho-Re-Be-Rb-La-Sn-Cs-Pb-Pr-Bi-Tm-Sr-Ti-Hf-Ir-Nb-Pd-Hg-Th-Np-Lu-Rh-Pu_2_0_11,phimage_Cu-Mn-Ni-Mo-Fe-Pt-Zn-Ca-Er-Au-Cd-Co-Gd-Na-Sm-Eu-Tb-V-Ag-Nd-U-Ba-Ce-K-Ga-Cr-Al-Li-Sc-Ru-In-Mg-Zr-Dy-W-Yb-Y-Ho-Re-Be-Rb-La-Sn-Cs-Pb-Pr-Bi-Tm-Sr-Ti-Hf-Ir-Nb-Pd-Hg-Th-Np-Lu-Rh-Pu_2_0_12,phimage_Cu-Mn-Ni-Mo-Fe-Pt-Zn-Ca-Er-Au-Cd-Co-Gd-Na-Sm-Eu-Tb-V-Ag-Nd-U-Ba-Ce-K-Ga-Cr-Al-Li-Sc-Ru-In-Mg-Zr-Dy-W-Yb-Y-Ho-Re-Be-Rb-La-Sn-Cs-Pb-Pr-Bi-Tm-Sr-Ti-Hf-Ir-Nb-Pd-Hg-Th-Np-Lu-Rh-Pu_2_0_13,phimage_Cu-Mn-Ni-Mo-Fe-Pt-Zn-Ca-Er-Au-Cd-Co-Gd-Na-Sm-Eu-Tb-V-Ag-Nd-U-Ba-Ce-K-Ga-Cr-Al-Li-Sc-Ru-In-Mg-Zr-Dy-W-Yb-Y-Ho-Re-Be-Rb-La-Sn-Cs-Pb-Pr-Bi-Tm-Sr-Ti-Hf-Ir-Nb-Pd-Hg-Th-Np-Lu-Rh-Pu_2_0_14,phimage_Cu-Mn-Ni-Mo-Fe-Pt-Zn-Ca-Er-Au-Cd-Co-Gd-Na-Sm-Eu-Tb-V-Ag-Nd-U-Ba-Ce-K-Ga-Cr-Al-Li-Sc-Ru-In-Mg-Zr-Dy-W-Yb-Y-Ho-Re-Be-Rb-La-Sn-Cs-Pb-Pr-Bi-Tm-Sr-Ti-Hf-Ir-Nb-Pd-Hg-Th-Np-Lu-Rh-Pu_2_0_15,phimage_Cu-Mn-Ni-Mo-Fe-Pt-Zn-Ca-Er-Au-Cd-Co-Gd-Na-Sm-Eu-Tb-V-Ag-Nd-U-Ba-Ce-K-Ga-Cr-Al-Li-Sc-Ru-In-Mg-Zr-Dy-W-Yb-Y-Ho-Re-Be-Rb-La-Sn-Cs-Pb-Pr-Bi-Tm-Sr-Ti-Hf-Ir-Nb-Pd-Hg-Th-Np-Lu-Rh-Pu_2_0_16,phimage_Cu-Mn-Ni-Mo-Fe-Pt-Zn-Ca-Er-Au-Cd-Co-Gd-Na-Sm-Eu-Tb-V-Ag-Nd-U-Ba-Ce-K-Ga-Cr-Al-Li-Sc-Ru-In-Mg-Zr-Dy-W-Yb-Y-Ho-Re-Be-Rb-La-Sn-Cs-Pb-Pr-Bi-Tm-Sr-Ti-Hf-Ir-Nb-Pd-Hg-Th-Np-Lu-Rh-Pu_2_0_17,phimage_Cu-Mn-Ni-Mo-Fe-Pt-Zn-Ca-Er-Au-Cd-Co-Gd-Na-Sm-Eu-Tb-V-Ag-Nd-U-Ba-Ce-K-Ga-Cr-Al-Li-Sc-Ru-In-Mg-Zr-Dy-W-Yb-Y-Ho-Re-Be-Rb-La-Sn-Cs-Pb-Pr-Bi-Tm-Sr-Ti-Hf-Ir-Nb-Pd-Hg-Th-Np-Lu-Rh-Pu_2_0_18,phimage_Cu-Mn-Ni-Mo-Fe-Pt-Zn-Ca-Er-Au-Cd-Co-Gd-Na-Sm-Eu-Tb-V-Ag-Nd-U-Ba-Ce-K-Ga-Cr-Al-Li-Sc-Ru-In-Mg-Zr-Dy-W-Yb-Y-Ho-Re-Be-Rb-La-Sn-Cs-Pb-Pr-Bi-Tm-Sr-Ti-Hf-Ir-Nb-Pd-Hg-Th-Np-Lu-Rh-Pu_2_0_19,phimage_Cu-Mn-Ni-Mo-Fe-Pt-Zn-Ca-Er-Au-Cd-Co-Gd-Na-Sm-Eu-Tb-V-Ag-Nd-U-Ba-Ce-K-Ga-Cr-Al-Li-Sc-Ru-In-Mg-Zr-Dy-W-Yb-Y-Ho-Re-Be-Rb-La-Sn-Cs-Pb-Pr-Bi-Tm-Sr-Ti-Hf-Ir-Nb-Pd-Hg-Th-Np-Lu-Rh-Pu_2_1_0,phimage_Cu-Mn-Ni-Mo-Fe-Pt-Zn-Ca-Er-Au-Cd-Co-Gd-Na-Sm-Eu-Tb-V-Ag-Nd-U-Ba-Ce-K-Ga-Cr-Al-Li-Sc-Ru-In-Mg-Zr-Dy-W-Yb-Y-Ho-Re-Be-Rb-La-Sn-Cs-Pb-Pr-Bi-Tm-Sr-Ti-Hf-Ir-Nb-Pd-Hg-Th-Np-Lu-Rh-Pu_2_1_1,phimage_Cu-Mn-Ni-Mo-Fe-Pt-Zn-Ca-Er-Au-Cd-Co-Gd-Na-Sm-Eu-Tb-V-Ag-Nd-U-Ba-Ce-K-Ga-Cr-Al-Li-Sc-Ru-In-Mg-Zr-Dy-W-Yb-Y-Ho-Re-Be-Rb-La-Sn-Cs-Pb-Pr-Bi-Tm-Sr-Ti-Hf-Ir-Nb-Pd-Hg-Th-Np-Lu-Rh-Pu_2_1_2,phimage_Cu-Mn-Ni-Mo-Fe-Pt-Zn-Ca-Er-Au-Cd-Co-Gd-Na-Sm-Eu-Tb-V-Ag-Nd-U-Ba-Ce-K-Ga-Cr-Al-Li-Sc-Ru-In-Mg-Zr-Dy-W-Yb-Y-Ho-Re-Be-Rb-La-Sn-Cs-Pb-Pr-Bi-Tm-Sr-Ti-Hf-Ir-Nb-Pd-Hg-Th-Np-Lu-Rh-Pu_2_1_3,phimage_Cu-Mn-Ni-Mo-Fe-Pt-Zn-Ca-Er-Au-Cd-Co-Gd-Na-Sm-Eu-Tb-V-Ag-Nd-U-Ba-Ce-K-Ga-Cr-Al-Li-Sc-Ru-In-Mg-Zr-Dy-W-Yb-Y-Ho-Re-Be-Rb-La-Sn-Cs-Pb-Pr-Bi-Tm-Sr-Ti-Hf-Ir-Nb-Pd-Hg-Th-Np-Lu-Rh-Pu_2_1_4,phimage_Cu-Mn-Ni-Mo-Fe-Pt-Zn-Ca-Er-Au-Cd-Co-Gd-Na-Sm-Eu-Tb-V-Ag-Nd-U-Ba-Ce-K-Ga-Cr-Al-Li-Sc-Ru-In-Mg-Zr-Dy-W-Yb-Y-Ho-Re-Be-Rb-La-Sn-Cs-Pb-Pr-Bi-Tm-Sr-Ti-Hf-Ir-Nb-Pd-Hg-Th-Np-Lu-Rh-Pu_2_1_5,phimage_Cu-Mn-Ni-Mo-Fe-Pt-Zn-Ca-Er-Au-Cd-Co-Gd-Na-Sm-Eu-Tb-V-Ag-Nd-U-Ba-Ce-K-Ga-Cr-Al-Li-Sc-Ru-In-Mg-Zr-Dy-W-Yb-Y-Ho-Re-Be-Rb-La-Sn-Cs-Pb-Pr-Bi-Tm-Sr-Ti-Hf-Ir-Nb-Pd-Hg-Th-Np-Lu-Rh-Pu_2_1_6,phimage_Cu-Mn-Ni-Mo-Fe-Pt-Zn-Ca-Er-Au-Cd-Co-Gd-Na-Sm-Eu-Tb-V-Ag-Nd-U-Ba-Ce-K-Ga-Cr-Al-Li-Sc-Ru-In-Mg-Zr-Dy-W-Yb-Y-Ho-Re-Be-Rb-La-Sn-Cs-Pb-Pr-Bi-Tm-Sr-Ti-Hf-Ir-Nb-Pd-Hg-Th-Np-Lu-Rh-Pu_2_1_7,phimage_Cu-Mn-Ni-Mo-Fe-Pt-Zn-Ca-Er-Au-Cd-Co-Gd-Na-Sm-Eu-Tb-V-Ag-Nd-U-Ba-Ce-K-Ga-Cr-Al-Li-Sc-Ru-In-Mg-Zr-Dy-W-Yb-Y-Ho-Re-Be-Rb-La-Sn-Cs-Pb-Pr-Bi-Tm-Sr-Ti-Hf-Ir-Nb-Pd-Hg-Th-Np-Lu-Rh-Pu_2_1_8,phimage_Cu-Mn-Ni-Mo-Fe-Pt-Zn-Ca-Er-Au-Cd-Co-Gd-Na-Sm-Eu-Tb-V-Ag-Nd-U-Ba-Ce-K-Ga-Cr-Al-Li-Sc-Ru-In-Mg-Zr-Dy-W-Yb-Y-Ho-Re-Be-Rb-La-Sn-Cs-Pb-Pr-Bi-Tm-Sr-Ti-Hf-Ir-Nb-Pd-Hg-Th-Np-Lu-Rh-Pu_2_1_9,phimage_Cu-Mn-Ni-Mo-Fe-Pt-Zn-Ca-Er-Au-Cd-Co-Gd-Na-Sm-Eu-Tb-V-Ag-Nd-U-Ba-Ce-K-Ga-Cr-Al-Li-Sc-Ru-In-Mg-Zr-Dy-W-Yb-Y-Ho-Re-Be-Rb-La-Sn-Cs-Pb-Pr-Bi-Tm-Sr-Ti-Hf-Ir-Nb-Pd-Hg-Th-Np-Lu-Rh-Pu_2_1_10,phimage_Cu-Mn-Ni-Mo-Fe-Pt-Zn-Ca-Er-Au-Cd-Co-Gd-Na-Sm-Eu-Tb-V-Ag-Nd-U-Ba-Ce-K-Ga-Cr-Al-Li-Sc-Ru-In-Mg-Zr-Dy-W-Yb-Y-Ho-Re-Be-Rb-La-Sn-Cs-Pb-Pr-Bi-Tm-Sr-Ti-Hf-Ir-Nb-Pd-Hg-Th-Np-Lu-Rh-Pu_2_1_11,phimage_Cu-Mn-Ni-Mo-Fe-Pt-Zn-Ca-Er-Au-Cd-Co-Gd-Na-Sm-Eu-Tb-V-Ag-Nd-U-Ba-Ce-K-Ga-Cr-Al-Li-Sc-Ru-In-Mg-Zr-Dy-W-Yb-Y-Ho-Re-Be-Rb-La-Sn-Cs-Pb-Pr-Bi-Tm-Sr-Ti-Hf-Ir-Nb-Pd-Hg-Th-Np-Lu-Rh-Pu_2_1_12,phimage_Cu-Mn-Ni-Mo-Fe-Pt-Zn-Ca-Er-Au-Cd-Co-Gd-Na-Sm-Eu-Tb-V-Ag-Nd-U-Ba-Ce-K-Ga-Cr-Al-Li-Sc-Ru-In-Mg-Zr-Dy-W-Yb-Y-Ho-Re-Be-Rb-La-Sn-Cs-Pb-Pr-Bi-Tm-Sr-Ti-Hf-Ir-Nb-Pd-Hg-Th-Np-Lu-Rh-Pu_2_1_13,phimage_Cu-Mn-Ni-Mo-Fe-Pt-Zn-Ca-Er-Au-Cd-Co-Gd-Na-Sm-Eu-Tb-V-Ag-Nd-U-Ba-Ce-K-Ga-Cr-Al-Li-Sc-Ru-In-Mg-Zr-Dy-W-Yb-Y-Ho-Re-Be-Rb-La-Sn-Cs-Pb-Pr-Bi-Tm-Sr-Ti-Hf-Ir-Nb-Pd-Hg-Th-Np-Lu-Rh-Pu_2_1_14,phimage_Cu-Mn-Ni-Mo-Fe-Pt-Zn-Ca-Er-Au-Cd-Co-Gd-Na-Sm-Eu-Tb-V-Ag-Nd-U-Ba-Ce-K-Ga-Cr-Al-Li-Sc-Ru-In-Mg-Zr-Dy-W-Yb-Y-Ho-Re-Be-Rb-La-Sn-Cs-Pb-Pr-Bi-Tm-Sr-Ti-Hf-Ir-Nb-Pd-Hg-Th-Np-Lu-Rh-Pu_2_1_15,phimage_Cu-Mn-Ni-Mo-Fe-Pt-Zn-Ca-Er-Au-Cd-Co-Gd-Na-Sm-Eu-Tb-V-Ag-Nd-U-Ba-Ce-K-Ga-Cr-Al-Li-Sc-Ru-In-Mg-Zr-Dy-W-Yb-Y-Ho-Re-Be-Rb-La-Sn-Cs-Pb-Pr-Bi-Tm-Sr-Ti-Hf-Ir-Nb-Pd-Hg-Th-Np-Lu-Rh-Pu_2_1_16,phimage_Cu-Mn-Ni-Mo-Fe-Pt-Zn-Ca-Er-Au-Cd-Co-Gd-Na-Sm-Eu-Tb-V-Ag-Nd-U-Ba-Ce-K-Ga-Cr-Al-Li-Sc-Ru-In-Mg-Zr-Dy-W-Yb-Y-Ho-Re-Be-Rb-La-Sn-Cs-Pb-Pr-Bi-Tm-Sr-Ti-Hf-Ir-Nb-Pd-Hg-Th-Np-Lu-Rh-Pu_2_1_17,phimage_Cu-Mn-Ni-Mo-Fe-Pt-Zn-Ca-Er-Au-Cd-Co-Gd-Na-Sm-Eu-Tb-V-Ag-Nd-U-Ba-Ce-K-Ga-Cr-Al-Li-Sc-Ru-In-Mg-Zr-Dy-W-Yb-Y-Ho-Re-Be-Rb-La-Sn-Cs-Pb-Pr-Bi-Tm-Sr-Ti-Hf-Ir-Nb-Pd-Hg-Th-Np-Lu-Rh-Pu_2_1_18,phimage_Cu-Mn-Ni-Mo-Fe-Pt-Zn-Ca-Er-Au-Cd-Co-Gd-Na-Sm-Eu-Tb-V-Ag-Nd-U-Ba-Ce-K-Ga-Cr-Al-Li-Sc-Ru-In-Mg-Zr-Dy-W-Yb-Y-Ho-Re-Be-Rb-La-Sn-Cs-Pb-Pr-Bi-Tm-Sr-Ti-Hf-Ir-Nb-Pd-Hg-Th-Np-Lu-Rh-Pu_2_1_19,phimage_Cu-Mn-Ni-Mo-Fe-Pt-Zn-Ca-Er-Au-Cd-Co-Gd-Na-Sm-Eu-Tb-V-Ag-Nd-U-Ba-Ce-K-Ga-Cr-Al-Li-Sc-Ru-In-Mg-Zr-Dy-W-Yb-Y-Ho-Re-Be-Rb-La-Sn-Cs-Pb-Pr-Bi-Tm-Sr-Ti-Hf-Ir-Nb-Pd-Hg-Th-Np-Lu-Rh-Pu_2_2_0,phimage_Cu-Mn-Ni-Mo-Fe-Pt-Zn-Ca-Er-Au-Cd-Co-Gd-Na-Sm-Eu-Tb-V-Ag-Nd-U-Ba-Ce-K-Ga-Cr-Al-Li-Sc-Ru-In-Mg-Zr-Dy-W-Yb-Y-Ho-Re-Be-Rb-La-Sn-Cs-Pb-Pr-Bi-Tm-Sr-Ti-Hf-Ir-Nb-Pd-Hg-Th-Np-Lu-Rh-Pu_2_2_1,phimage_Cu-Mn-Ni-Mo-Fe-Pt-Zn-Ca-Er-Au-Cd-Co-Gd-Na-Sm-Eu-Tb-V-Ag-Nd-U-Ba-Ce-K-Ga-Cr-Al-Li-Sc-Ru-In-Mg-Zr-Dy-W-Yb-Y-Ho-Re-Be-Rb-La-Sn-Cs-Pb-Pr-Bi-Tm-Sr-Ti-Hf-Ir-Nb-Pd-Hg-Th-Np-Lu-Rh-Pu_2_2_2,phimage_Cu-Mn-Ni-Mo-Fe-Pt-Zn-Ca-Er-Au-Cd-Co-Gd-Na-Sm-Eu-Tb-V-Ag-Nd-U-Ba-Ce-K-Ga-Cr-Al-Li-Sc-Ru-In-Mg-Zr-Dy-W-Yb-Y-Ho-Re-Be-Rb-La-Sn-Cs-Pb-Pr-Bi-Tm-Sr-Ti-Hf-Ir-Nb-Pd-Hg-Th-Np-Lu-Rh-Pu_2_2_3,phimage_Cu-Mn-Ni-Mo-Fe-Pt-Zn-Ca-Er-Au-Cd-Co-Gd-Na-Sm-Eu-Tb-V-Ag-Nd-U-Ba-Ce-K-Ga-Cr-Al-Li-Sc-Ru-In-Mg-Zr-Dy-W-Yb-Y-Ho-Re-Be-Rb-La-Sn-Cs-Pb-Pr-Bi-Tm-Sr-Ti-Hf-Ir-Nb-Pd-Hg-Th-Np-Lu-Rh-Pu_2_2_4,phimage_Cu-Mn-Ni-Mo-Fe-Pt-Zn-Ca-Er-Au-Cd-Co-Gd-Na-Sm-Eu-Tb-V-Ag-Nd-U-Ba-Ce-K-Ga-Cr-Al-Li-Sc-Ru-In-Mg-Zr-Dy-W-Yb-Y-Ho-Re-Be-Rb-La-Sn-Cs-Pb-Pr-Bi-Tm-Sr-Ti-Hf-Ir-Nb-Pd-Hg-Th-Np-Lu-Rh-Pu_2_2_5,phimage_Cu-Mn-Ni-Mo-Fe-Pt-Zn-Ca-Er-Au-Cd-Co-Gd-Na-Sm-Eu-Tb-V-Ag-Nd-U-Ba-Ce-K-Ga-Cr-Al-Li-Sc-Ru-In-Mg-Zr-Dy-W-Yb-Y-Ho-Re-Be-Rb-La-Sn-Cs-Pb-Pr-Bi-Tm-Sr-Ti-Hf-Ir-Nb-Pd-Hg-Th-Np-Lu-Rh-Pu_2_2_6,phimage_Cu-Mn-Ni-Mo-Fe-Pt-Zn-Ca-Er-Au-Cd-Co-Gd-Na-Sm-Eu-Tb-V-Ag-Nd-U-Ba-Ce-K-Ga-Cr-Al-Li-Sc-Ru-In-Mg-Zr-Dy-W-Yb-Y-Ho-Re-Be-Rb-La-Sn-Cs-Pb-Pr-Bi-Tm-Sr-Ti-Hf-Ir-Nb-Pd-Hg-Th-Np-Lu-Rh-Pu_2_2_7,phimage_Cu-Mn-Ni-Mo-Fe-Pt-Zn-Ca-Er-Au-Cd-Co-Gd-Na-Sm-Eu-Tb-V-Ag-Nd-U-Ba-Ce-K-Ga-Cr-Al-Li-Sc-Ru-In-Mg-Zr-Dy-W-Yb-Y-Ho-Re-Be-Rb-La-Sn-Cs-Pb-Pr-Bi-Tm-Sr-Ti-Hf-Ir-Nb-Pd-Hg-Th-Np-Lu-Rh-Pu_2_2_8,phimage_Cu-Mn-Ni-Mo-Fe-Pt-Zn-Ca-Er-Au-Cd-Co-Gd-Na-Sm-Eu-Tb-V-Ag-Nd-U-Ba-Ce-K-Ga-Cr-Al-Li-Sc-Ru-In-Mg-Zr-Dy-W-Yb-Y-Ho-Re-Be-Rb-La-Sn-Cs-Pb-Pr-Bi-Tm-Sr-Ti-Hf-Ir-Nb-Pd-Hg-Th-Np-Lu-Rh-Pu_2_2_9,phimage_Cu-Mn-Ni-Mo-Fe-Pt-Zn-Ca-Er-Au-Cd-Co-Gd-Na-Sm-Eu-Tb-V-Ag-Nd-U-Ba-Ce-K-Ga-Cr-Al-Li-Sc-Ru-In-Mg-Zr-Dy-W-Yb-Y-Ho-Re-Be-Rb-La-Sn-Cs-Pb-Pr-Bi-Tm-Sr-Ti-Hf-Ir-Nb-Pd-Hg-Th-Np-Lu-Rh-Pu_2_2_10,phimage_Cu-Mn-Ni-Mo-Fe-Pt-Zn-Ca-Er-Au-Cd-Co-Gd-Na-Sm-Eu-Tb-V-Ag-Nd-U-Ba-Ce-K-Ga-Cr-Al-Li-Sc-Ru-In-Mg-Zr-Dy-W-Yb-Y-Ho-Re-Be-Rb-La-Sn-Cs-Pb-Pr-Bi-Tm-Sr-Ti-Hf-Ir-Nb-Pd-Hg-Th-Np-Lu-Rh-Pu_2_2_11,phimage_Cu-Mn-Ni-Mo-Fe-Pt-Zn-Ca-Er-Au-Cd-Co-Gd-Na-Sm-Eu-Tb-V-Ag-Nd-U-Ba-Ce-K-Ga-Cr-Al-Li-Sc-Ru-In-Mg-Zr-Dy-W-Yb-Y-Ho-Re-Be-Rb-La-Sn-Cs-Pb-Pr-Bi-Tm-Sr-Ti-Hf-Ir-Nb-Pd-Hg-Th-Np-Lu-Rh-Pu_2_2_12,phimage_Cu-Mn-Ni-Mo-Fe-Pt-Zn-Ca-Er-Au-Cd-Co-Gd-Na-Sm-Eu-Tb-V-Ag-Nd-U-Ba-Ce-K-Ga-Cr-Al-Li-Sc-Ru-In-Mg-Zr-Dy-W-Yb-Y-Ho-Re-Be-Rb-La-Sn-Cs-Pb-Pr-Bi-Tm-Sr-Ti-Hf-Ir-Nb-Pd-Hg-Th-Np-Lu-Rh-Pu_2_2_13,phimage_Cu-Mn-Ni-Mo-Fe-Pt-Zn-Ca-Er-Au-Cd-Co-Gd-Na-Sm-Eu-Tb-V-Ag-Nd-U-Ba-Ce-K-Ga-Cr-Al-Li-Sc-Ru-In-Mg-Zr-Dy-W-Yb-Y-Ho-Re-Be-Rb-La-Sn-Cs-Pb-Pr-Bi-Tm-Sr-Ti-Hf-Ir-Nb-Pd-Hg-Th-Np-Lu-Rh-Pu_2_2_14,phimage_Cu-Mn-Ni-Mo-Fe-Pt-Zn-Ca-Er-Au-Cd-Co-Gd-Na-Sm-Eu-Tb-V-Ag-Nd-U-Ba-Ce-K-Ga-Cr-Al-Li-Sc-Ru-In-Mg-Zr-Dy-W-Yb-Y-Ho-Re-Be-Rb-La-Sn-Cs-Pb-Pr-Bi-Tm-Sr-Ti-Hf-Ir-Nb-Pd-Hg-Th-Np-Lu-Rh-Pu_2_2_15,phimage_Cu-Mn-Ni-Mo-Fe-Pt-Zn-Ca-Er-Au-Cd-Co-Gd-Na-Sm-Eu-Tb-V-Ag-Nd-U-Ba-Ce-K-Ga-Cr-Al-Li-Sc-Ru-In-Mg-Zr-Dy-W-Yb-Y-Ho-Re-Be-Rb-La-Sn-Cs-Pb-Pr-Bi-Tm-Sr-Ti-Hf-Ir-Nb-Pd-Hg-Th-Np-Lu-Rh-Pu_2_2_16,phimage_Cu-Mn-Ni-Mo-Fe-Pt-Zn-Ca-Er-Au-Cd-Co-Gd-Na-Sm-Eu-Tb-V-Ag-Nd-U-Ba-Ce-K-Ga-Cr-Al-Li-Sc-Ru-In-Mg-Zr-Dy-W-Yb-Y-Ho-Re-Be-Rb-La-Sn-Cs-Pb-Pr-Bi-Tm-Sr-Ti-Hf-Ir-Nb-Pd-Hg-Th-Np-Lu-Rh-Pu_2_2_17,phimage_Cu-Mn-Ni-Mo-Fe-Pt-Zn-Ca-Er-Au-Cd-Co-Gd-Na-Sm-Eu-Tb-V-Ag-Nd-U-Ba-Ce-K-Ga-Cr-Al-Li-Sc-Ru-In-Mg-Zr-Dy-W-Yb-Y-Ho-Re-Be-Rb-La-Sn-Cs-Pb-Pr-Bi-Tm-Sr-Ti-Hf-Ir-Nb-Pd-Hg-Th-Np-Lu-Rh-Pu_2_2_18,phimage_Cu-Mn-Ni-Mo-Fe-Pt-Zn-Ca-Er-Au-Cd-Co-Gd-Na-Sm-Eu-Tb-V-Ag-Nd-U-Ba-Ce-K-Ga-Cr-Al-Li-Sc-Ru-In-Mg-Zr-Dy-W-Yb-Y-Ho-Re-Be-Rb-La-Sn-Cs-Pb-Pr-Bi-Tm-Sr-Ti-Hf-Ir-Nb-Pd-Hg-Th-Np-Lu-Rh-Pu_2_2_19,phimage_Cu-Mn-Ni-Mo-Fe-Pt-Zn-Ca-Er-Au-Cd-Co-Gd-Na-Sm-Eu-Tb-V-Ag-Nd-U-Ba-Ce-K-Ga-Cr-Al-Li-Sc-Ru-In-Mg-Zr-Dy-W-Yb-Y-Ho-Re-Be-Rb-La-Sn-Cs-Pb-Pr-Bi-Tm-Sr-Ti-Hf-Ir-Nb-Pd-Hg-Th-Np-Lu-Rh-Pu_2_3_0,phimage_Cu-Mn-Ni-Mo-Fe-Pt-Zn-Ca-Er-Au-Cd-Co-Gd-Na-Sm-Eu-Tb-V-Ag-Nd-U-Ba-Ce-K-Ga-Cr-Al-Li-Sc-Ru-In-Mg-Zr-Dy-W-Yb-Y-Ho-Re-Be-Rb-La-Sn-Cs-Pb-Pr-Bi-Tm-Sr-Ti-Hf-Ir-Nb-Pd-Hg-Th-Np-Lu-Rh-Pu_2_3_1,phimage_Cu-Mn-Ni-Mo-Fe-Pt-Zn-Ca-Er-Au-Cd-Co-Gd-Na-Sm-Eu-Tb-V-Ag-Nd-U-Ba-Ce-K-Ga-Cr-Al-Li-Sc-Ru-In-Mg-Zr-Dy-W-Yb-Y-Ho-Re-Be-Rb-La-Sn-Cs-Pb-Pr-Bi-Tm-Sr-Ti-Hf-Ir-Nb-Pd-Hg-Th-Np-Lu-Rh-Pu_2_3_2,phimage_Cu-Mn-Ni-Mo-Fe-Pt-Zn-Ca-Er-Au-Cd-Co-Gd-Na-Sm-Eu-Tb-V-Ag-Nd-U-Ba-Ce-K-Ga-Cr-Al-Li-Sc-Ru-In-Mg-Zr-Dy-W-Yb-Y-Ho-Re-Be-Rb-La-Sn-Cs-Pb-Pr-Bi-Tm-Sr-Ti-Hf-Ir-Nb-Pd-Hg-Th-Np-Lu-Rh-Pu_2_3_3,phimage_Cu-Mn-Ni-Mo-Fe-Pt-Zn-Ca-Er-Au-Cd-Co-Gd-Na-Sm-Eu-Tb-V-Ag-Nd-U-Ba-Ce-K-Ga-Cr-Al-Li-Sc-Ru-In-Mg-Zr-Dy-W-Yb-Y-Ho-Re-Be-Rb-La-Sn-Cs-Pb-Pr-Bi-Tm-Sr-Ti-Hf-Ir-Nb-Pd-Hg-Th-Np-Lu-Rh-Pu_2_3_4,phimage_Cu-Mn-Ni-Mo-Fe-Pt-Zn-Ca-Er-Au-Cd-Co-Gd-Na-Sm-Eu-Tb-V-Ag-Nd-U-Ba-Ce-K-Ga-Cr-Al-Li-Sc-Ru-In-Mg-Zr-Dy-W-Yb-Y-Ho-Re-Be-Rb-La-Sn-Cs-Pb-Pr-Bi-Tm-Sr-Ti-Hf-Ir-Nb-Pd-Hg-Th-Np-Lu-Rh-Pu_2_3_5,phimage_Cu-Mn-Ni-Mo-Fe-Pt-Zn-Ca-Er-Au-Cd-Co-Gd-Na-Sm-Eu-Tb-V-Ag-Nd-U-Ba-Ce-K-Ga-Cr-Al-Li-Sc-Ru-In-Mg-Zr-Dy-W-Yb-Y-Ho-Re-Be-Rb-La-Sn-Cs-Pb-Pr-Bi-Tm-Sr-Ti-Hf-Ir-Nb-Pd-Hg-Th-Np-Lu-Rh-Pu_2_3_6,phimage_Cu-Mn-Ni-Mo-Fe-Pt-Zn-Ca-Er-Au-Cd-Co-Gd-Na-Sm-Eu-Tb-V-Ag-Nd-U-Ba-Ce-K-Ga-Cr-Al-Li-Sc-Ru-In-Mg-Zr-Dy-W-Yb-Y-Ho-Re-Be-Rb-La-Sn-Cs-Pb-Pr-Bi-Tm-Sr-Ti-Hf-Ir-Nb-Pd-Hg-Th-Np-Lu-Rh-Pu_2_3_7,phimage_Cu-Mn-Ni-Mo-Fe-Pt-Zn-Ca-Er-Au-Cd-Co-Gd-Na-Sm-Eu-Tb-V-Ag-Nd-U-Ba-Ce-K-Ga-Cr-Al-Li-Sc-Ru-In-Mg-Zr-Dy-W-Yb-Y-Ho-Re-Be-Rb-La-Sn-Cs-Pb-Pr-Bi-Tm-Sr-Ti-Hf-Ir-Nb-Pd-Hg-Th-Np-Lu-Rh-Pu_2_3_8,phimage_Cu-Mn-Ni-Mo-Fe-Pt-Zn-Ca-Er-Au-Cd-Co-Gd-Na-Sm-Eu-Tb-V-Ag-Nd-U-Ba-Ce-K-Ga-Cr-Al-Li-Sc-Ru-In-Mg-Zr-Dy-W-Yb-Y-Ho-Re-Be-Rb-La-Sn-Cs-Pb-Pr-Bi-Tm-Sr-Ti-Hf-Ir-Nb-Pd-Hg-Th-Np-Lu-Rh-Pu_2_3_9,phimage_Cu-Mn-Ni-Mo-Fe-Pt-Zn-Ca-Er-Au-Cd-Co-Gd-Na-Sm-Eu-Tb-V-Ag-Nd-U-Ba-Ce-K-Ga-Cr-Al-Li-Sc-Ru-In-Mg-Zr-Dy-W-Yb-Y-Ho-Re-Be-Rb-La-Sn-Cs-Pb-Pr-Bi-Tm-Sr-Ti-Hf-Ir-Nb-Pd-Hg-Th-Np-Lu-Rh-Pu_2_3_10,phimage_Cu-Mn-Ni-Mo-Fe-Pt-Zn-Ca-Er-Au-Cd-Co-Gd-Na-Sm-Eu-Tb-V-Ag-Nd-U-Ba-Ce-K-Ga-Cr-Al-Li-Sc-Ru-In-Mg-Zr-Dy-W-Yb-Y-Ho-Re-Be-Rb-La-Sn-Cs-Pb-Pr-Bi-Tm-Sr-Ti-Hf-Ir-Nb-Pd-Hg-Th-Np-Lu-Rh-Pu_2_3_11,phimage_Cu-Mn-Ni-Mo-Fe-Pt-Zn-Ca-Er-Au-Cd-Co-Gd-Na-Sm-Eu-Tb-V-Ag-Nd-U-Ba-Ce-K-Ga-Cr-Al-Li-Sc-Ru-In-Mg-Zr-Dy-W-Yb-Y-Ho-Re-Be-Rb-La-Sn-Cs-Pb-Pr-Bi-Tm-Sr-Ti-Hf-Ir-Nb-Pd-Hg-Th-Np-Lu-Rh-Pu_2_3_12,phimage_Cu-Mn-Ni-Mo-Fe-Pt-Zn-Ca-Er-Au-Cd-Co-Gd-Na-Sm-Eu-Tb-V-Ag-Nd-U-Ba-Ce-K-Ga-Cr-Al-Li-Sc-Ru-In-Mg-Zr-Dy-W-Yb-Y-Ho-Re-Be-Rb-La-Sn-Cs-Pb-Pr-Bi-Tm-Sr-Ti-Hf-Ir-Nb-Pd-Hg-Th-Np-Lu-Rh-Pu_2_3_13,phimage_Cu-Mn-Ni-Mo-Fe-Pt-Zn-Ca-Er-Au-Cd-Co-Gd-Na-Sm-Eu-Tb-V-Ag-Nd-U-Ba-Ce-K-Ga-Cr-Al-Li-Sc-Ru-In-Mg-Zr-Dy-W-Yb-Y-Ho-Re-Be-Rb-La-Sn-Cs-Pb-Pr-Bi-Tm-Sr-Ti-Hf-Ir-Nb-Pd-Hg-Th-Np-Lu-Rh-Pu_2_3_14,phimage_Cu-Mn-Ni-Mo-Fe-Pt-Zn-Ca-Er-Au-Cd-Co-Gd-Na-Sm-Eu-Tb-V-Ag-Nd-U-Ba-Ce-K-Ga-Cr-Al-Li-Sc-Ru-In-Mg-Zr-Dy-W-Yb-Y-Ho-Re-Be-Rb-La-Sn-Cs-Pb-Pr-Bi-Tm-Sr-Ti-Hf-Ir-Nb-Pd-Hg-Th-Np-Lu-Rh-Pu_2_3_15,phimage_Cu-Mn-Ni-Mo-Fe-Pt-Zn-Ca-Er-Au-Cd-Co-Gd-Na-Sm-Eu-Tb-V-Ag-Nd-U-Ba-Ce-K-Ga-Cr-Al-Li-Sc-Ru-In-Mg-Zr-Dy-W-Yb-Y-Ho-Re-Be-Rb-La-Sn-Cs-Pb-Pr-Bi-Tm-Sr-Ti-Hf-Ir-Nb-Pd-Hg-Th-Np-Lu-Rh-Pu_2_3_16,phimage_Cu-Mn-Ni-Mo-Fe-Pt-Zn-Ca-Er-Au-Cd-Co-Gd-Na-Sm-Eu-Tb-V-Ag-Nd-U-Ba-Ce-K-Ga-Cr-Al-Li-Sc-Ru-In-Mg-Zr-Dy-W-Yb-Y-Ho-Re-Be-Rb-La-Sn-Cs-Pb-Pr-Bi-Tm-Sr-Ti-Hf-Ir-Nb-Pd-Hg-Th-Np-Lu-Rh-Pu_2_3_17,phimage_Cu-Mn-Ni-Mo-Fe-Pt-Zn-Ca-Er-Au-Cd-Co-Gd-Na-Sm-Eu-Tb-V-Ag-Nd-U-Ba-Ce-K-Ga-Cr-Al-Li-Sc-Ru-In-Mg-Zr-Dy-W-Yb-Y-Ho-Re-Be-Rb-La-Sn-Cs-Pb-Pr-Bi-Tm-Sr-Ti-Hf-Ir-Nb-Pd-Hg-Th-Np-Lu-Rh-Pu_2_3_18,phimage_Cu-Mn-Ni-Mo-Fe-Pt-Zn-Ca-Er-Au-Cd-Co-Gd-Na-Sm-Eu-Tb-V-Ag-Nd-U-Ba-Ce-K-Ga-Cr-Al-Li-Sc-Ru-In-Mg-Zr-Dy-W-Yb-Y-Ho-Re-Be-Rb-La-Sn-Cs-Pb-Pr-Bi-Tm-Sr-Ti-Hf-Ir-Nb-Pd-Hg-Th-Np-Lu-Rh-Pu_2_3_19,phimage_Cu-Mn-Ni-Mo-Fe-Pt-Zn-Ca-Er-Au-Cd-Co-Gd-Na-Sm-Eu-Tb-V-Ag-Nd-U-Ba-Ce-K-Ga-Cr-Al-Li-Sc-Ru-In-Mg-Zr-Dy-W-Yb-Y-Ho-Re-Be-Rb-La-Sn-Cs-Pb-Pr-Bi-Tm-Sr-Ti-Hf-Ir-Nb-Pd-Hg-Th-Np-Lu-Rh-Pu_2_4_0,phimage_Cu-Mn-Ni-Mo-Fe-Pt-Zn-Ca-Er-Au-Cd-Co-Gd-Na-Sm-Eu-Tb-V-Ag-Nd-U-Ba-Ce-K-Ga-Cr-Al-Li-Sc-Ru-In-Mg-Zr-Dy-W-Yb-Y-Ho-Re-Be-Rb-La-Sn-Cs-Pb-Pr-Bi-Tm-Sr-Ti-Hf-Ir-Nb-Pd-Hg-Th-Np-Lu-Rh-Pu_2_4_1,phimage_Cu-Mn-Ni-Mo-Fe-Pt-Zn-Ca-Er-Au-Cd-Co-Gd-Na-Sm-Eu-Tb-V-Ag-Nd-U-Ba-Ce-K-Ga-Cr-Al-Li-Sc-Ru-In-Mg-Zr-Dy-W-Yb-Y-Ho-Re-Be-Rb-La-Sn-Cs-Pb-Pr-Bi-Tm-Sr-Ti-Hf-Ir-Nb-Pd-Hg-Th-Np-Lu-Rh-Pu_2_4_2,phimage_Cu-Mn-Ni-Mo-Fe-Pt-Zn-Ca-Er-Au-Cd-Co-Gd-Na-Sm-Eu-Tb-V-Ag-Nd-U-Ba-Ce-K-Ga-Cr-Al-Li-Sc-Ru-In-Mg-Zr-Dy-W-Yb-Y-Ho-Re-Be-Rb-La-Sn-Cs-Pb-Pr-Bi-Tm-Sr-Ti-Hf-Ir-Nb-Pd-Hg-Th-Np-Lu-Rh-Pu_2_4_3,phimage_Cu-Mn-Ni-Mo-Fe-Pt-Zn-Ca-Er-Au-Cd-Co-Gd-Na-Sm-Eu-Tb-V-Ag-Nd-U-Ba-Ce-K-Ga-Cr-Al-Li-Sc-Ru-In-Mg-Zr-Dy-W-Yb-Y-Ho-Re-Be-Rb-La-Sn-Cs-Pb-Pr-Bi-Tm-Sr-Ti-Hf-Ir-Nb-Pd-Hg-Th-Np-Lu-Rh-Pu_2_4_4,phimage_Cu-Mn-Ni-Mo-Fe-Pt-Zn-Ca-Er-Au-Cd-Co-Gd-Na-Sm-Eu-Tb-V-Ag-Nd-U-Ba-Ce-K-Ga-Cr-Al-Li-Sc-Ru-In-Mg-Zr-Dy-W-Yb-Y-Ho-Re-Be-Rb-La-Sn-Cs-Pb-Pr-Bi-Tm-Sr-Ti-Hf-Ir-Nb-Pd-Hg-Th-Np-Lu-Rh-Pu_2_4_5,phimage_Cu-Mn-Ni-Mo-Fe-Pt-Zn-Ca-Er-Au-Cd-Co-Gd-Na-Sm-Eu-Tb-V-Ag-Nd-U-Ba-Ce-K-Ga-Cr-Al-Li-Sc-Ru-In-Mg-Zr-Dy-W-Yb-Y-Ho-Re-Be-Rb-La-Sn-Cs-Pb-Pr-Bi-Tm-Sr-Ti-Hf-Ir-Nb-Pd-Hg-Th-Np-Lu-Rh-Pu_2_4_6,phimage_Cu-Mn-Ni-Mo-Fe-Pt-Zn-Ca-Er-Au-Cd-Co-Gd-Na-Sm-Eu-Tb-V-Ag-Nd-U-Ba-Ce-K-Ga-Cr-Al-Li-Sc-Ru-In-Mg-Zr-Dy-W-Yb-Y-Ho-Re-Be-Rb-La-Sn-Cs-Pb-Pr-Bi-Tm-Sr-Ti-Hf-Ir-Nb-Pd-Hg-Th-Np-Lu-Rh-Pu_2_4_7,phimage_Cu-Mn-Ni-Mo-Fe-Pt-Zn-Ca-Er-Au-Cd-Co-Gd-Na-Sm-Eu-Tb-V-Ag-Nd-U-Ba-Ce-K-Ga-Cr-Al-Li-Sc-Ru-In-Mg-Zr-Dy-W-Yb-Y-Ho-Re-Be-Rb-La-Sn-Cs-Pb-Pr-Bi-Tm-Sr-Ti-Hf-Ir-Nb-Pd-Hg-Th-Np-Lu-Rh-Pu_2_4_8,phimage_Cu-Mn-Ni-Mo-Fe-Pt-Zn-Ca-Er-Au-Cd-Co-Gd-Na-Sm-Eu-Tb-V-Ag-Nd-U-Ba-Ce-K-Ga-Cr-Al-Li-Sc-Ru-In-Mg-Zr-Dy-W-Yb-Y-Ho-Re-Be-Rb-La-Sn-Cs-Pb-Pr-Bi-Tm-Sr-Ti-Hf-Ir-Nb-Pd-Hg-Th-Np-Lu-Rh-Pu_2_4_9,phimage_Cu-Mn-Ni-Mo-Fe-Pt-Zn-Ca-Er-Au-Cd-Co-Gd-Na-Sm-Eu-Tb-V-Ag-Nd-U-Ba-Ce-K-Ga-Cr-Al-Li-Sc-Ru-In-Mg-Zr-Dy-W-Yb-Y-Ho-Re-Be-Rb-La-Sn-Cs-Pb-Pr-Bi-Tm-Sr-Ti-Hf-Ir-Nb-Pd-Hg-Th-Np-Lu-Rh-Pu_2_4_10,phimage_Cu-Mn-Ni-Mo-Fe-Pt-Zn-Ca-Er-Au-Cd-Co-Gd-Na-Sm-Eu-Tb-V-Ag-Nd-U-Ba-Ce-K-Ga-Cr-Al-Li-Sc-Ru-In-Mg-Zr-Dy-W-Yb-Y-Ho-Re-Be-Rb-La-Sn-Cs-Pb-Pr-Bi-Tm-Sr-Ti-Hf-Ir-Nb-Pd-Hg-Th-Np-Lu-Rh-Pu_2_4_11,phimage_Cu-Mn-Ni-Mo-Fe-Pt-Zn-Ca-Er-Au-Cd-Co-Gd-Na-Sm-Eu-Tb-V-Ag-Nd-U-Ba-Ce-K-Ga-Cr-Al-Li-Sc-Ru-In-Mg-Zr-Dy-W-Yb-Y-Ho-Re-Be-Rb-La-Sn-Cs-Pb-Pr-Bi-Tm-Sr-Ti-Hf-Ir-Nb-Pd-Hg-Th-Np-Lu-Rh-Pu_2_4_12,phimage_Cu-Mn-Ni-Mo-Fe-Pt-Zn-Ca-Er-Au-Cd-Co-Gd-Na-Sm-Eu-Tb-V-Ag-Nd-U-Ba-Ce-K-Ga-Cr-Al-Li-Sc-Ru-In-Mg-Zr-Dy-W-Yb-Y-Ho-Re-Be-Rb-La-Sn-Cs-Pb-Pr-Bi-Tm-Sr-Ti-Hf-Ir-Nb-Pd-Hg-Th-Np-Lu-Rh-Pu_2_4_13,phimage_Cu-Mn-Ni-Mo-Fe-Pt-Zn-Ca-Er-Au-Cd-Co-Gd-Na-Sm-Eu-Tb-V-Ag-Nd-U-Ba-Ce-K-Ga-Cr-Al-Li-Sc-Ru-In-Mg-Zr-Dy-W-Yb-Y-Ho-Re-Be-Rb-La-Sn-Cs-Pb-Pr-Bi-Tm-Sr-Ti-Hf-Ir-Nb-Pd-Hg-Th-Np-Lu-Rh-Pu_2_4_14,phimage_Cu-Mn-Ni-Mo-Fe-Pt-Zn-Ca-Er-Au-Cd-Co-Gd-Na-Sm-Eu-Tb-V-Ag-Nd-U-Ba-Ce-K-Ga-Cr-Al-Li-Sc-Ru-In-Mg-Zr-Dy-W-Yb-Y-Ho-Re-Be-Rb-La-Sn-Cs-Pb-Pr-Bi-Tm-Sr-Ti-Hf-Ir-Nb-Pd-Hg-Th-Np-Lu-Rh-Pu_2_4_15,phimage_Cu-Mn-Ni-Mo-Fe-Pt-Zn-Ca-Er-Au-Cd-Co-Gd-Na-Sm-Eu-Tb-V-Ag-Nd-U-Ba-Ce-K-Ga-Cr-Al-Li-Sc-Ru-In-Mg-Zr-Dy-W-Yb-Y-Ho-Re-Be-Rb-La-Sn-Cs-Pb-Pr-Bi-Tm-Sr-Ti-Hf-Ir-Nb-Pd-Hg-Th-Np-Lu-Rh-Pu_2_4_16,phimage_Cu-Mn-Ni-Mo-Fe-Pt-Zn-Ca-Er-Au-Cd-Co-Gd-Na-Sm-Eu-Tb-V-Ag-Nd-U-Ba-Ce-K-Ga-Cr-Al-Li-Sc-Ru-In-Mg-Zr-Dy-W-Yb-Y-Ho-Re-Be-Rb-La-Sn-Cs-Pb-Pr-Bi-Tm-Sr-Ti-Hf-Ir-Nb-Pd-Hg-Th-Np-Lu-Rh-Pu_2_4_17,phimage_Cu-Mn-Ni-Mo-Fe-Pt-Zn-Ca-Er-Au-Cd-Co-Gd-Na-Sm-Eu-Tb-V-Ag-Nd-U-Ba-Ce-K-Ga-Cr-Al-Li-Sc-Ru-In-Mg-Zr-Dy-W-Yb-Y-Ho-Re-Be-Rb-La-Sn-Cs-Pb-Pr-Bi-Tm-Sr-Ti-Hf-Ir-Nb-Pd-Hg-Th-Np-Lu-Rh-Pu_2_4_18,phimage_Cu-Mn-Ni-Mo-Fe-Pt-Zn-Ca-Er-Au-Cd-Co-Gd-Na-Sm-Eu-Tb-V-Ag-Nd-U-Ba-Ce-K-Ga-Cr-Al-Li-Sc-Ru-In-Mg-Zr-Dy-W-Yb-Y-Ho-Re-Be-Rb-La-Sn-Cs-Pb-Pr-Bi-Tm-Sr-Ti-Hf-Ir-Nb-Pd-Hg-Th-Np-Lu-Rh-Pu_2_4_19,phimage_Cu-Mn-Ni-Mo-Fe-Pt-Zn-Ca-Er-Au-Cd-Co-Gd-Na-Sm-Eu-Tb-V-Ag-Nd-U-Ba-Ce-K-Ga-Cr-Al-Li-Sc-Ru-In-Mg-Zr-Dy-W-Yb-Y-Ho-Re-Be-Rb-La-Sn-Cs-Pb-Pr-Bi-Tm-Sr-Ti-Hf-Ir-Nb-Pd-Hg-Th-Np-Lu-Rh-Pu_2_5_0,phimage_Cu-Mn-Ni-Mo-Fe-Pt-Zn-Ca-Er-Au-Cd-Co-Gd-Na-Sm-Eu-Tb-V-Ag-Nd-U-Ba-Ce-K-Ga-Cr-Al-Li-Sc-Ru-In-Mg-Zr-Dy-W-Yb-Y-Ho-Re-Be-Rb-La-Sn-Cs-Pb-Pr-Bi-Tm-Sr-Ti-Hf-Ir-Nb-Pd-Hg-Th-Np-Lu-Rh-Pu_2_5_1,phimage_Cu-Mn-Ni-Mo-Fe-Pt-Zn-Ca-Er-Au-Cd-Co-Gd-Na-Sm-Eu-Tb-V-Ag-Nd-U-Ba-Ce-K-Ga-Cr-Al-Li-Sc-Ru-In-Mg-Zr-Dy-W-Yb-Y-Ho-Re-Be-Rb-La-Sn-Cs-Pb-Pr-Bi-Tm-Sr-Ti-Hf-Ir-Nb-Pd-Hg-Th-Np-Lu-Rh-Pu_2_5_2,phimage_Cu-Mn-Ni-Mo-Fe-Pt-Zn-Ca-Er-Au-Cd-Co-Gd-Na-Sm-Eu-Tb-V-Ag-Nd-U-Ba-Ce-K-Ga-Cr-Al-Li-Sc-Ru-In-Mg-Zr-Dy-W-Yb-Y-Ho-Re-Be-Rb-La-Sn-Cs-Pb-Pr-Bi-Tm-Sr-Ti-Hf-Ir-Nb-Pd-Hg-Th-Np-Lu-Rh-Pu_2_5_3,phimage_Cu-Mn-Ni-Mo-Fe-Pt-Zn-Ca-Er-Au-Cd-Co-Gd-Na-Sm-Eu-Tb-V-Ag-Nd-U-Ba-Ce-K-Ga-Cr-Al-Li-Sc-Ru-In-Mg-Zr-Dy-W-Yb-Y-Ho-Re-Be-Rb-La-Sn-Cs-Pb-Pr-Bi-Tm-Sr-Ti-Hf-Ir-Nb-Pd-Hg-Th-Np-Lu-Rh-Pu_2_5_4,phimage_Cu-Mn-Ni-Mo-Fe-Pt-Zn-Ca-Er-Au-Cd-Co-Gd-Na-Sm-Eu-Tb-V-Ag-Nd-U-Ba-Ce-K-Ga-Cr-Al-Li-Sc-Ru-In-Mg-Zr-Dy-W-Yb-Y-Ho-Re-Be-Rb-La-Sn-Cs-Pb-Pr-Bi-Tm-Sr-Ti-Hf-Ir-Nb-Pd-Hg-Th-Np-Lu-Rh-Pu_2_5_5,phimage_Cu-Mn-Ni-Mo-Fe-Pt-Zn-Ca-Er-Au-Cd-Co-Gd-Na-Sm-Eu-Tb-V-Ag-Nd-U-Ba-Ce-K-Ga-Cr-Al-Li-Sc-Ru-In-Mg-Zr-Dy-W-Yb-Y-Ho-Re-Be-Rb-La-Sn-Cs-Pb-Pr-Bi-Tm-Sr-Ti-Hf-Ir-Nb-Pd-Hg-Th-Np-Lu-Rh-Pu_2_5_6,phimage_Cu-Mn-Ni-Mo-Fe-Pt-Zn-Ca-Er-Au-Cd-Co-Gd-Na-Sm-Eu-Tb-V-Ag-Nd-U-Ba-Ce-K-Ga-Cr-Al-Li-Sc-Ru-In-Mg-Zr-Dy-W-Yb-Y-Ho-Re-Be-Rb-La-Sn-Cs-Pb-Pr-Bi-Tm-Sr-Ti-Hf-Ir-Nb-Pd-Hg-Th-Np-Lu-Rh-Pu_2_5_7,phimage_Cu-Mn-Ni-Mo-Fe-Pt-Zn-Ca-Er-Au-Cd-Co-Gd-Na-Sm-Eu-Tb-V-Ag-Nd-U-Ba-Ce-K-Ga-Cr-Al-Li-Sc-Ru-In-Mg-Zr-Dy-W-Yb-Y-Ho-Re-Be-Rb-La-Sn-Cs-Pb-Pr-Bi-Tm-Sr-Ti-Hf-Ir-Nb-Pd-Hg-Th-Np-Lu-Rh-Pu_2_5_8,phimage_Cu-Mn-Ni-Mo-Fe-Pt-Zn-Ca-Er-Au-Cd-Co-Gd-Na-Sm-Eu-Tb-V-Ag-Nd-U-Ba-Ce-K-Ga-Cr-Al-Li-Sc-Ru-In-Mg-Zr-Dy-W-Yb-Y-Ho-Re-Be-Rb-La-Sn-Cs-Pb-Pr-Bi-Tm-Sr-Ti-Hf-Ir-Nb-Pd-Hg-Th-Np-Lu-Rh-Pu_2_5_9,phimage_Cu-Mn-Ni-Mo-Fe-Pt-Zn-Ca-Er-Au-Cd-Co-Gd-Na-Sm-Eu-Tb-V-Ag-Nd-U-Ba-Ce-K-Ga-Cr-Al-Li-Sc-Ru-In-Mg-Zr-Dy-W-Yb-Y-Ho-Re-Be-Rb-La-Sn-Cs-Pb-Pr-Bi-Tm-Sr-Ti-Hf-Ir-Nb-Pd-Hg-Th-Np-Lu-Rh-Pu_2_5_10,phimage_Cu-Mn-Ni-Mo-Fe-Pt-Zn-Ca-Er-Au-Cd-Co-Gd-Na-Sm-Eu-Tb-V-Ag-Nd-U-Ba-Ce-K-Ga-Cr-Al-Li-Sc-Ru-In-Mg-Zr-Dy-W-Yb-Y-Ho-Re-Be-Rb-La-Sn-Cs-Pb-Pr-Bi-Tm-Sr-Ti-Hf-Ir-Nb-Pd-Hg-Th-Np-Lu-Rh-Pu_2_5_11,phimage_Cu-Mn-Ni-Mo-Fe-Pt-Zn-Ca-Er-Au-Cd-Co-Gd-Na-Sm-Eu-Tb-V-Ag-Nd-U-Ba-Ce-K-Ga-Cr-Al-Li-Sc-Ru-In-Mg-Zr-Dy-W-Yb-Y-Ho-Re-Be-Rb-La-Sn-Cs-Pb-Pr-Bi-Tm-Sr-Ti-Hf-Ir-Nb-Pd-Hg-Th-Np-Lu-Rh-Pu_2_5_12,phimage_Cu-Mn-Ni-Mo-Fe-Pt-Zn-Ca-Er-Au-Cd-Co-Gd-Na-Sm-Eu-Tb-V-Ag-Nd-U-Ba-Ce-K-Ga-Cr-Al-Li-Sc-Ru-In-Mg-Zr-Dy-W-Yb-Y-Ho-Re-Be-Rb-La-Sn-Cs-Pb-Pr-Bi-Tm-Sr-Ti-Hf-Ir-Nb-Pd-Hg-Th-Np-Lu-Rh-Pu_2_5_13,phimage_Cu-Mn-Ni-Mo-Fe-Pt-Zn-Ca-Er-Au-Cd-Co-Gd-Na-Sm-Eu-Tb-V-Ag-Nd-U-Ba-Ce-K-Ga-Cr-Al-Li-Sc-Ru-In-Mg-Zr-Dy-W-Yb-Y-Ho-Re-Be-Rb-La-Sn-Cs-Pb-Pr-Bi-Tm-Sr-Ti-Hf-Ir-Nb-Pd-Hg-Th-Np-Lu-Rh-Pu_2_5_14,phimage_Cu-Mn-Ni-Mo-Fe-Pt-Zn-Ca-Er-Au-Cd-Co-Gd-Na-Sm-Eu-Tb-V-Ag-Nd-U-Ba-Ce-K-Ga-Cr-Al-Li-Sc-Ru-In-Mg-Zr-Dy-W-Yb-Y-Ho-Re-Be-Rb-La-Sn-Cs-Pb-Pr-Bi-Tm-Sr-Ti-Hf-Ir-Nb-Pd-Hg-Th-Np-Lu-Rh-Pu_2_5_15,phimage_Cu-Mn-Ni-Mo-Fe-Pt-Zn-Ca-Er-Au-Cd-Co-Gd-Na-Sm-Eu-Tb-V-Ag-Nd-U-Ba-Ce-K-Ga-Cr-Al-Li-Sc-Ru-In-Mg-Zr-Dy-W-Yb-Y-Ho-Re-Be-Rb-La-Sn-Cs-Pb-Pr-Bi-Tm-Sr-Ti-Hf-Ir-Nb-Pd-Hg-Th-Np-Lu-Rh-Pu_2_5_16,phimage_Cu-Mn-Ni-Mo-Fe-Pt-Zn-Ca-Er-Au-Cd-Co-Gd-Na-Sm-Eu-Tb-V-Ag-Nd-U-Ba-Ce-K-Ga-Cr-Al-Li-Sc-Ru-In-Mg-Zr-Dy-W-Yb-Y-Ho-Re-Be-Rb-La-Sn-Cs-Pb-Pr-Bi-Tm-Sr-Ti-Hf-Ir-Nb-Pd-Hg-Th-Np-Lu-Rh-Pu_2_5_17,phimage_Cu-Mn-Ni-Mo-Fe-Pt-Zn-Ca-Er-Au-Cd-Co-Gd-Na-Sm-Eu-Tb-V-Ag-Nd-U-Ba-Ce-K-Ga-Cr-Al-Li-Sc-Ru-In-Mg-Zr-Dy-W-Yb-Y-Ho-Re-Be-Rb-La-Sn-Cs-Pb-Pr-Bi-Tm-Sr-Ti-Hf-Ir-Nb-Pd-Hg-Th-Np-Lu-Rh-Pu_2_5_18,phimage_Cu-Mn-Ni-Mo-Fe-Pt-Zn-Ca-Er-Au-Cd-Co-Gd-Na-Sm-Eu-Tb-V-Ag-Nd-U-Ba-Ce-K-Ga-Cr-Al-Li-Sc-Ru-In-Mg-Zr-Dy-W-Yb-Y-Ho-Re-Be-Rb-La-Sn-Cs-Pb-Pr-Bi-Tm-Sr-Ti-Hf-Ir-Nb-Pd-Hg-Th-Np-Lu-Rh-Pu_2_5_19,phimage_Cu-Mn-Ni-Mo-Fe-Pt-Zn-Ca-Er-Au-Cd-Co-Gd-Na-Sm-Eu-Tb-V-Ag-Nd-U-Ba-Ce-K-Ga-Cr-Al-Li-Sc-Ru-In-Mg-Zr-Dy-W-Yb-Y-Ho-Re-Be-Rb-La-Sn-Cs-Pb-Pr-Bi-Tm-Sr-Ti-Hf-Ir-Nb-Pd-Hg-Th-Np-Lu-Rh-Pu_2_6_0,phimage_Cu-Mn-Ni-Mo-Fe-Pt-Zn-Ca-Er-Au-Cd-Co-Gd-Na-Sm-Eu-Tb-V-Ag-Nd-U-Ba-Ce-K-Ga-Cr-Al-Li-Sc-Ru-In-Mg-Zr-Dy-W-Yb-Y-Ho-Re-Be-Rb-La-Sn-Cs-Pb-Pr-Bi-Tm-Sr-Ti-Hf-Ir-Nb-Pd-Hg-Th-Np-Lu-Rh-Pu_2_6_1,phimage_Cu-Mn-Ni-Mo-Fe-Pt-Zn-Ca-Er-Au-Cd-Co-Gd-Na-Sm-Eu-Tb-V-Ag-Nd-U-Ba-Ce-K-Ga-Cr-Al-Li-Sc-Ru-In-Mg-Zr-Dy-W-Yb-Y-Ho-Re-Be-Rb-La-Sn-Cs-Pb-Pr-Bi-Tm-Sr-Ti-Hf-Ir-Nb-Pd-Hg-Th-Np-Lu-Rh-Pu_2_6_2,phimage_Cu-Mn-Ni-Mo-Fe-Pt-Zn-Ca-Er-Au-Cd-Co-Gd-Na-Sm-Eu-Tb-V-Ag-Nd-U-Ba-Ce-K-Ga-Cr-Al-Li-Sc-Ru-In-Mg-Zr-Dy-W-Yb-Y-Ho-Re-Be-Rb-La-Sn-Cs-Pb-Pr-Bi-Tm-Sr-Ti-Hf-Ir-Nb-Pd-Hg-Th-Np-Lu-Rh-Pu_2_6_3,phimage_Cu-Mn-Ni-Mo-Fe-Pt-Zn-Ca-Er-Au-Cd-Co-Gd-Na-Sm-Eu-Tb-V-Ag-Nd-U-Ba-Ce-K-Ga-Cr-Al-Li-Sc-Ru-In-Mg-Zr-Dy-W-Yb-Y-Ho-Re-Be-Rb-La-Sn-Cs-Pb-Pr-Bi-Tm-Sr-Ti-Hf-Ir-Nb-Pd-Hg-Th-Np-Lu-Rh-Pu_2_6_4,phimage_Cu-Mn-Ni-Mo-Fe-Pt-Zn-Ca-Er-Au-Cd-Co-Gd-Na-Sm-Eu-Tb-V-Ag-Nd-U-Ba-Ce-K-Ga-Cr-Al-Li-Sc-Ru-In-Mg-Zr-Dy-W-Yb-Y-Ho-Re-Be-Rb-La-Sn-Cs-Pb-Pr-Bi-Tm-Sr-Ti-Hf-Ir-Nb-Pd-Hg-Th-Np-Lu-Rh-Pu_2_6_5,phimage_Cu-Mn-Ni-Mo-Fe-Pt-Zn-Ca-Er-Au-Cd-Co-Gd-Na-Sm-Eu-Tb-V-Ag-Nd-U-Ba-Ce-K-Ga-Cr-Al-Li-Sc-Ru-In-Mg-Zr-Dy-W-Yb-Y-Ho-Re-Be-Rb-La-Sn-Cs-Pb-Pr-Bi-Tm-Sr-Ti-Hf-Ir-Nb-Pd-Hg-Th-Np-Lu-Rh-Pu_2_6_6,phimage_Cu-Mn-Ni-Mo-Fe-Pt-Zn-Ca-Er-Au-Cd-Co-Gd-Na-Sm-Eu-Tb-V-Ag-Nd-U-Ba-Ce-K-Ga-Cr-Al-Li-Sc-Ru-In-Mg-Zr-Dy-W-Yb-Y-Ho-Re-Be-Rb-La-Sn-Cs-Pb-Pr-Bi-Tm-Sr-Ti-Hf-Ir-Nb-Pd-Hg-Th-Np-Lu-Rh-Pu_2_6_7,phimage_Cu-Mn-Ni-Mo-Fe-Pt-Zn-Ca-Er-Au-Cd-Co-Gd-Na-Sm-Eu-Tb-V-Ag-Nd-U-Ba-Ce-K-Ga-Cr-Al-Li-Sc-Ru-In-Mg-Zr-Dy-W-Yb-Y-Ho-Re-Be-Rb-La-Sn-Cs-Pb-Pr-Bi-Tm-Sr-Ti-Hf-Ir-Nb-Pd-Hg-Th-Np-Lu-Rh-Pu_2_6_8,phimage_Cu-Mn-Ni-Mo-Fe-Pt-Zn-Ca-Er-Au-Cd-Co-Gd-Na-Sm-Eu-Tb-V-Ag-Nd-U-Ba-Ce-K-Ga-Cr-Al-Li-Sc-Ru-In-Mg-Zr-Dy-W-Yb-Y-Ho-Re-Be-Rb-La-Sn-Cs-Pb-Pr-Bi-Tm-Sr-Ti-Hf-Ir-Nb-Pd-Hg-Th-Np-Lu-Rh-Pu_2_6_9,phimage_Cu-Mn-Ni-Mo-Fe-Pt-Zn-Ca-Er-Au-Cd-Co-Gd-Na-Sm-Eu-Tb-V-Ag-Nd-U-Ba-Ce-K-Ga-Cr-Al-Li-Sc-Ru-In-Mg-Zr-Dy-W-Yb-Y-Ho-Re-Be-Rb-La-Sn-Cs-Pb-Pr-Bi-Tm-Sr-Ti-Hf-Ir-Nb-Pd-Hg-Th-Np-Lu-Rh-Pu_2_6_10,phimage_Cu-Mn-Ni-Mo-Fe-Pt-Zn-Ca-Er-Au-Cd-Co-Gd-Na-Sm-Eu-Tb-V-Ag-Nd-U-Ba-Ce-K-Ga-Cr-Al-Li-Sc-Ru-In-Mg-Zr-Dy-W-Yb-Y-Ho-Re-Be-Rb-La-Sn-Cs-Pb-Pr-Bi-Tm-Sr-Ti-Hf-Ir-Nb-Pd-Hg-Th-Np-Lu-Rh-Pu_2_6_11,phimage_Cu-Mn-Ni-Mo-Fe-Pt-Zn-Ca-Er-Au-Cd-Co-Gd-Na-Sm-Eu-Tb-V-Ag-Nd-U-Ba-Ce-K-Ga-Cr-Al-Li-Sc-Ru-In-Mg-Zr-Dy-W-Yb-Y-Ho-Re-Be-Rb-La-Sn-Cs-Pb-Pr-Bi-Tm-Sr-Ti-Hf-Ir-Nb-Pd-Hg-Th-Np-Lu-Rh-Pu_2_6_12,phimage_Cu-Mn-Ni-Mo-Fe-Pt-Zn-Ca-Er-Au-Cd-Co-Gd-Na-Sm-Eu-Tb-V-Ag-Nd-U-Ba-Ce-K-Ga-Cr-Al-Li-Sc-Ru-In-Mg-Zr-Dy-W-Yb-Y-Ho-Re-Be-Rb-La-Sn-Cs-Pb-Pr-Bi-Tm-Sr-Ti-Hf-Ir-Nb-Pd-Hg-Th-Np-Lu-Rh-Pu_2_6_13,phimage_Cu-Mn-Ni-Mo-Fe-Pt-Zn-Ca-Er-Au-Cd-Co-Gd-Na-Sm-Eu-Tb-V-Ag-Nd-U-Ba-Ce-K-Ga-Cr-Al-Li-Sc-Ru-In-Mg-Zr-Dy-W-Yb-Y-Ho-Re-Be-Rb-La-Sn-Cs-Pb-Pr-Bi-Tm-Sr-Ti-Hf-Ir-Nb-Pd-Hg-Th-Np-Lu-Rh-Pu_2_6_14,phimage_Cu-Mn-Ni-Mo-Fe-Pt-Zn-Ca-Er-Au-Cd-Co-Gd-Na-Sm-Eu-Tb-V-Ag-Nd-U-Ba-Ce-K-Ga-Cr-Al-Li-Sc-Ru-In-Mg-Zr-Dy-W-Yb-Y-Ho-Re-Be-Rb-La-Sn-Cs-Pb-Pr-Bi-Tm-Sr-Ti-Hf-Ir-Nb-Pd-Hg-Th-Np-Lu-Rh-Pu_2_6_15,phimage_Cu-Mn-Ni-Mo-Fe-Pt-Zn-Ca-Er-Au-Cd-Co-Gd-Na-Sm-Eu-Tb-V-Ag-Nd-U-Ba-Ce-K-Ga-Cr-Al-Li-Sc-Ru-In-Mg-Zr-Dy-W-Yb-Y-Ho-Re-Be-Rb-La-Sn-Cs-Pb-Pr-Bi-Tm-Sr-Ti-Hf-Ir-Nb-Pd-Hg-Th-Np-Lu-Rh-Pu_2_6_16,phimage_Cu-Mn-Ni-Mo-Fe-Pt-Zn-Ca-Er-Au-Cd-Co-Gd-Na-Sm-Eu-Tb-V-Ag-Nd-U-Ba-Ce-K-Ga-Cr-Al-Li-Sc-Ru-In-Mg-Zr-Dy-W-Yb-Y-Ho-Re-Be-Rb-La-Sn-Cs-Pb-Pr-Bi-Tm-Sr-Ti-Hf-Ir-Nb-Pd-Hg-Th-Np-Lu-Rh-Pu_2_6_17,phimage_Cu-Mn-Ni-Mo-Fe-Pt-Zn-Ca-Er-Au-Cd-Co-Gd-Na-Sm-Eu-Tb-V-Ag-Nd-U-Ba-Ce-K-Ga-Cr-Al-Li-Sc-Ru-In-Mg-Zr-Dy-W-Yb-Y-Ho-Re-Be-Rb-La-Sn-Cs-Pb-Pr-Bi-Tm-Sr-Ti-Hf-Ir-Nb-Pd-Hg-Th-Np-Lu-Rh-Pu_2_6_18,phimage_Cu-Mn-Ni-Mo-Fe-Pt-Zn-Ca-Er-Au-Cd-Co-Gd-Na-Sm-Eu-Tb-V-Ag-Nd-U-Ba-Ce-K-Ga-Cr-Al-Li-Sc-Ru-In-Mg-Zr-Dy-W-Yb-Y-Ho-Re-Be-Rb-La-Sn-Cs-Pb-Pr-Bi-Tm-Sr-Ti-Hf-Ir-Nb-Pd-Hg-Th-Np-Lu-Rh-Pu_2_6_19,phimage_Cu-Mn-Ni-Mo-Fe-Pt-Zn-Ca-Er-Au-Cd-Co-Gd-Na-Sm-Eu-Tb-V-Ag-Nd-U-Ba-Ce-K-Ga-Cr-Al-Li-Sc-Ru-In-Mg-Zr-Dy-W-Yb-Y-Ho-Re-Be-Rb-La-Sn-Cs-Pb-Pr-Bi-Tm-Sr-Ti-Hf-Ir-Nb-Pd-Hg-Th-Np-Lu-Rh-Pu_2_7_0,phimage_Cu-Mn-Ni-Mo-Fe-Pt-Zn-Ca-Er-Au-Cd-Co-Gd-Na-Sm-Eu-Tb-V-Ag-Nd-U-Ba-Ce-K-Ga-Cr-Al-Li-Sc-Ru-In-Mg-Zr-Dy-W-Yb-Y-Ho-Re-Be-Rb-La-Sn-Cs-Pb-Pr-Bi-Tm-Sr-Ti-Hf-Ir-Nb-Pd-Hg-Th-Np-Lu-Rh-Pu_2_7_1,phimage_Cu-Mn-Ni-Mo-Fe-Pt-Zn-Ca-Er-Au-Cd-Co-Gd-Na-Sm-Eu-Tb-V-Ag-Nd-U-Ba-Ce-K-Ga-Cr-Al-Li-Sc-Ru-In-Mg-Zr-Dy-W-Yb-Y-Ho-Re-Be-Rb-La-Sn-Cs-Pb-Pr-Bi-Tm-Sr-Ti-Hf-Ir-Nb-Pd-Hg-Th-Np-Lu-Rh-Pu_2_7_2,phimage_Cu-Mn-Ni-Mo-Fe-Pt-Zn-Ca-Er-Au-Cd-Co-Gd-Na-Sm-Eu-Tb-V-Ag-Nd-U-Ba-Ce-K-Ga-Cr-Al-Li-Sc-Ru-In-Mg-Zr-Dy-W-Yb-Y-Ho-Re-Be-Rb-La-Sn-Cs-Pb-Pr-Bi-Tm-Sr-Ti-Hf-Ir-Nb-Pd-Hg-Th-Np-Lu-Rh-Pu_2_7_3,phimage_Cu-Mn-Ni-Mo-Fe-Pt-Zn-Ca-Er-Au-Cd-Co-Gd-Na-Sm-Eu-Tb-V-Ag-Nd-U-Ba-Ce-K-Ga-Cr-Al-Li-Sc-Ru-In-Mg-Zr-Dy-W-Yb-Y-Ho-Re-Be-Rb-La-Sn-Cs-Pb-Pr-Bi-Tm-Sr-Ti-Hf-Ir-Nb-Pd-Hg-Th-Np-Lu-Rh-Pu_2_7_4,phimage_Cu-Mn-Ni-Mo-Fe-Pt-Zn-Ca-Er-Au-Cd-Co-Gd-Na-Sm-Eu-Tb-V-Ag-Nd-U-Ba-Ce-K-Ga-Cr-Al-Li-Sc-Ru-In-Mg-Zr-Dy-W-Yb-Y-Ho-Re-Be-Rb-La-Sn-Cs-Pb-Pr-Bi-Tm-Sr-Ti-Hf-Ir-Nb-Pd-Hg-Th-Np-Lu-Rh-Pu_2_7_5,phimage_Cu-Mn-Ni-Mo-Fe-Pt-Zn-Ca-Er-Au-Cd-Co-Gd-Na-Sm-Eu-Tb-V-Ag-Nd-U-Ba-Ce-K-Ga-Cr-Al-Li-Sc-Ru-In-Mg-Zr-Dy-W-Yb-Y-Ho-Re-Be-Rb-La-Sn-Cs-Pb-Pr-Bi-Tm-Sr-Ti-Hf-Ir-Nb-Pd-Hg-Th-Np-Lu-Rh-Pu_2_7_6,phimage_Cu-Mn-Ni-Mo-Fe-Pt-Zn-Ca-Er-Au-Cd-Co-Gd-Na-Sm-Eu-Tb-V-Ag-Nd-U-Ba-Ce-K-Ga-Cr-Al-Li-Sc-Ru-In-Mg-Zr-Dy-W-Yb-Y-Ho-Re-Be-Rb-La-Sn-Cs-Pb-Pr-Bi-Tm-Sr-Ti-Hf-Ir-Nb-Pd-Hg-Th-Np-Lu-Rh-Pu_2_7_7,phimage_Cu-Mn-Ni-Mo-Fe-Pt-Zn-Ca-Er-Au-Cd-Co-Gd-Na-Sm-Eu-Tb-V-Ag-Nd-U-Ba-Ce-K-Ga-Cr-Al-Li-Sc-Ru-In-Mg-Zr-Dy-W-Yb-Y-Ho-Re-Be-Rb-La-Sn-Cs-Pb-Pr-Bi-Tm-Sr-Ti-Hf-Ir-Nb-Pd-Hg-Th-Np-Lu-Rh-Pu_2_7_8,phimage_Cu-Mn-Ni-Mo-Fe-Pt-Zn-Ca-Er-Au-Cd-Co-Gd-Na-Sm-Eu-Tb-V-Ag-Nd-U-Ba-Ce-K-Ga-Cr-Al-Li-Sc-Ru-In-Mg-Zr-Dy-W-Yb-Y-Ho-Re-Be-Rb-La-Sn-Cs-Pb-Pr-Bi-Tm-Sr-Ti-Hf-Ir-Nb-Pd-Hg-Th-Np-Lu-Rh-Pu_2_7_9,phimage_Cu-Mn-Ni-Mo-Fe-Pt-Zn-Ca-Er-Au-Cd-Co-Gd-Na-Sm-Eu-Tb-V-Ag-Nd-U-Ba-Ce-K-Ga-Cr-Al-Li-Sc-Ru-In-Mg-Zr-Dy-W-Yb-Y-Ho-Re-Be-Rb-La-Sn-Cs-Pb-Pr-Bi-Tm-Sr-Ti-Hf-Ir-Nb-Pd-Hg-Th-Np-Lu-Rh-Pu_2_7_10,phimage_Cu-Mn-Ni-Mo-Fe-Pt-Zn-Ca-Er-Au-Cd-Co-Gd-Na-Sm-Eu-Tb-V-Ag-Nd-U-Ba-Ce-K-Ga-Cr-Al-Li-Sc-Ru-In-Mg-Zr-Dy-W-Yb-Y-Ho-Re-Be-Rb-La-Sn-Cs-Pb-Pr-Bi-Tm-Sr-Ti-Hf-Ir-Nb-Pd-Hg-Th-Np-Lu-Rh-Pu_2_7_11,phimage_Cu-Mn-Ni-Mo-Fe-Pt-Zn-Ca-Er-Au-Cd-Co-Gd-Na-Sm-Eu-Tb-V-Ag-Nd-U-Ba-Ce-K-Ga-Cr-Al-Li-Sc-Ru-In-Mg-Zr-Dy-W-Yb-Y-Ho-Re-Be-Rb-La-Sn-Cs-Pb-Pr-Bi-Tm-Sr-Ti-Hf-Ir-Nb-Pd-Hg-Th-Np-Lu-Rh-Pu_2_7_12,phimage_Cu-Mn-Ni-Mo-Fe-Pt-Zn-Ca-Er-Au-Cd-Co-Gd-Na-Sm-Eu-Tb-V-Ag-Nd-U-Ba-Ce-K-Ga-Cr-Al-Li-Sc-Ru-In-Mg-Zr-Dy-W-Yb-Y-Ho-Re-Be-Rb-La-Sn-Cs-Pb-Pr-Bi-Tm-Sr-Ti-Hf-Ir-Nb-Pd-Hg-Th-Np-Lu-Rh-Pu_2_7_13,phimage_Cu-Mn-Ni-Mo-Fe-Pt-Zn-Ca-Er-Au-Cd-Co-Gd-Na-Sm-Eu-Tb-V-Ag-Nd-U-Ba-Ce-K-Ga-Cr-Al-Li-Sc-Ru-In-Mg-Zr-Dy-W-Yb-Y-Ho-Re-Be-Rb-La-Sn-Cs-Pb-Pr-Bi-Tm-Sr-Ti-Hf-Ir-Nb-Pd-Hg-Th-Np-Lu-Rh-Pu_2_7_14,phimage_Cu-Mn-Ni-Mo-Fe-Pt-Zn-Ca-Er-Au-Cd-Co-Gd-Na-Sm-Eu-Tb-V-Ag-Nd-U-Ba-Ce-K-Ga-Cr-Al-Li-Sc-Ru-In-Mg-Zr-Dy-W-Yb-Y-Ho-Re-Be-Rb-La-Sn-Cs-Pb-Pr-Bi-Tm-Sr-Ti-Hf-Ir-Nb-Pd-Hg-Th-Np-Lu-Rh-Pu_2_7_15,phimage_Cu-Mn-Ni-Mo-Fe-Pt-Zn-Ca-Er-Au-Cd-Co-Gd-Na-Sm-Eu-Tb-V-Ag-Nd-U-Ba-Ce-K-Ga-Cr-Al-Li-Sc-Ru-In-Mg-Zr-Dy-W-Yb-Y-Ho-Re-Be-Rb-La-Sn-Cs-Pb-Pr-Bi-Tm-Sr-Ti-Hf-Ir-Nb-Pd-Hg-Th-Np-Lu-Rh-Pu_2_7_16,phimage_Cu-Mn-Ni-Mo-Fe-Pt-Zn-Ca-Er-Au-Cd-Co-Gd-Na-Sm-Eu-Tb-V-Ag-Nd-U-Ba-Ce-K-Ga-Cr-Al-Li-Sc-Ru-In-Mg-Zr-Dy-W-Yb-Y-Ho-Re-Be-Rb-La-Sn-Cs-Pb-Pr-Bi-Tm-Sr-Ti-Hf-Ir-Nb-Pd-Hg-Th-Np-Lu-Rh-Pu_2_7_17,phimage_Cu-Mn-Ni-Mo-Fe-Pt-Zn-Ca-Er-Au-Cd-Co-Gd-Na-Sm-Eu-Tb-V-Ag-Nd-U-Ba-Ce-K-Ga-Cr-Al-Li-Sc-Ru-In-Mg-Zr-Dy-W-Yb-Y-Ho-Re-Be-Rb-La-Sn-Cs-Pb-Pr-Bi-Tm-Sr-Ti-Hf-Ir-Nb-Pd-Hg-Th-Np-Lu-Rh-Pu_2_7_18,phimage_Cu-Mn-Ni-Mo-Fe-Pt-Zn-Ca-Er-Au-Cd-Co-Gd-Na-Sm-Eu-Tb-V-Ag-Nd-U-Ba-Ce-K-Ga-Cr-Al-Li-Sc-Ru-In-Mg-Zr-Dy-W-Yb-Y-Ho-Re-Be-Rb-La-Sn-Cs-Pb-Pr-Bi-Tm-Sr-Ti-Hf-Ir-Nb-Pd-Hg-Th-Np-Lu-Rh-Pu_2_7_19,phimage_Cu-Mn-Ni-Mo-Fe-Pt-Zn-Ca-Er-Au-Cd-Co-Gd-Na-Sm-Eu-Tb-V-Ag-Nd-U-Ba-Ce-K-Ga-Cr-Al-Li-Sc-Ru-In-Mg-Zr-Dy-W-Yb-Y-Ho-Re-Be-Rb-La-Sn-Cs-Pb-Pr-Bi-Tm-Sr-Ti-Hf-Ir-Nb-Pd-Hg-Th-Np-Lu-Rh-Pu_2_8_0,phimage_Cu-Mn-Ni-Mo-Fe-Pt-Zn-Ca-Er-Au-Cd-Co-Gd-Na-Sm-Eu-Tb-V-Ag-Nd-U-Ba-Ce-K-Ga-Cr-Al-Li-Sc-Ru-In-Mg-Zr-Dy-W-Yb-Y-Ho-Re-Be-Rb-La-Sn-Cs-Pb-Pr-Bi-Tm-Sr-Ti-Hf-Ir-Nb-Pd-Hg-Th-Np-Lu-Rh-Pu_2_8_1,phimage_Cu-Mn-Ni-Mo-Fe-Pt-Zn-Ca-Er-Au-Cd-Co-Gd-Na-Sm-Eu-Tb-V-Ag-Nd-U-Ba-Ce-K-Ga-Cr-Al-Li-Sc-Ru-In-Mg-Zr-Dy-W-Yb-Y-Ho-Re-Be-Rb-La-Sn-Cs-Pb-Pr-Bi-Tm-Sr-Ti-Hf-Ir-Nb-Pd-Hg-Th-Np-Lu-Rh-Pu_2_8_2,phimage_Cu-Mn-Ni-Mo-Fe-Pt-Zn-Ca-Er-Au-Cd-Co-Gd-Na-Sm-Eu-Tb-V-Ag-Nd-U-Ba-Ce-K-Ga-Cr-Al-Li-Sc-Ru-In-Mg-Zr-Dy-W-Yb-Y-Ho-Re-Be-Rb-La-Sn-Cs-Pb-Pr-Bi-Tm-Sr-Ti-Hf-Ir-Nb-Pd-Hg-Th-Np-Lu-Rh-Pu_2_8_3,phimage_Cu-Mn-Ni-Mo-Fe-Pt-Zn-Ca-Er-Au-Cd-Co-Gd-Na-Sm-Eu-Tb-V-Ag-Nd-U-Ba-Ce-K-Ga-Cr-Al-Li-Sc-Ru-In-Mg-Zr-Dy-W-Yb-Y-Ho-Re-Be-Rb-La-Sn-Cs-Pb-Pr-Bi-Tm-Sr-Ti-Hf-Ir-Nb-Pd-Hg-Th-Np-Lu-Rh-Pu_2_8_4,phimage_Cu-Mn-Ni-Mo-Fe-Pt-Zn-Ca-Er-Au-Cd-Co-Gd-Na-Sm-Eu-Tb-V-Ag-Nd-U-Ba-Ce-K-Ga-Cr-Al-Li-Sc-Ru-In-Mg-Zr-Dy-W-Yb-Y-Ho-Re-Be-Rb-La-Sn-Cs-Pb-Pr-Bi-Tm-Sr-Ti-Hf-Ir-Nb-Pd-Hg-Th-Np-Lu-Rh-Pu_2_8_5,phimage_Cu-Mn-Ni-Mo-Fe-Pt-Zn-Ca-Er-Au-Cd-Co-Gd-Na-Sm-Eu-Tb-V-Ag-Nd-U-Ba-Ce-K-Ga-Cr-Al-Li-Sc-Ru-In-Mg-Zr-Dy-W-Yb-Y-Ho-Re-Be-Rb-La-Sn-Cs-Pb-Pr-Bi-Tm-Sr-Ti-Hf-Ir-Nb-Pd-Hg-Th-Np-Lu-Rh-Pu_2_8_6,phimage_Cu-Mn-Ni-Mo-Fe-Pt-Zn-Ca-Er-Au-Cd-Co-Gd-Na-Sm-Eu-Tb-V-Ag-Nd-U-Ba-Ce-K-Ga-Cr-Al-Li-Sc-Ru-In-Mg-Zr-Dy-W-Yb-Y-Ho-Re-Be-Rb-La-Sn-Cs-Pb-Pr-Bi-Tm-Sr-Ti-Hf-Ir-Nb-Pd-Hg-Th-Np-Lu-Rh-Pu_2_8_7,phimage_Cu-Mn-Ni-Mo-Fe-Pt-Zn-Ca-Er-Au-Cd-Co-Gd-Na-Sm-Eu-Tb-V-Ag-Nd-U-Ba-Ce-K-Ga-Cr-Al-Li-Sc-Ru-In-Mg-Zr-Dy-W-Yb-Y-Ho-Re-Be-Rb-La-Sn-Cs-Pb-Pr-Bi-Tm-Sr-Ti-Hf-Ir-Nb-Pd-Hg-Th-Np-Lu-Rh-Pu_2_8_8,phimage_Cu-Mn-Ni-Mo-Fe-Pt-Zn-Ca-Er-Au-Cd-Co-Gd-Na-Sm-Eu-Tb-V-Ag-Nd-U-Ba-Ce-K-Ga-Cr-Al-Li-Sc-Ru-In-Mg-Zr-Dy-W-Yb-Y-Ho-Re-Be-Rb-La-Sn-Cs-Pb-Pr-Bi-Tm-Sr-Ti-Hf-Ir-Nb-Pd-Hg-Th-Np-Lu-Rh-Pu_2_8_9,phimage_Cu-Mn-Ni-Mo-Fe-Pt-Zn-Ca-Er-Au-Cd-Co-Gd-Na-Sm-Eu-Tb-V-Ag-Nd-U-Ba-Ce-K-Ga-Cr-Al-Li-Sc-Ru-In-Mg-Zr-Dy-W-Yb-Y-Ho-Re-Be-Rb-La-Sn-Cs-Pb-Pr-Bi-Tm-Sr-Ti-Hf-Ir-Nb-Pd-Hg-Th-Np-Lu-Rh-Pu_2_8_10,phimage_Cu-Mn-Ni-Mo-Fe-Pt-Zn-Ca-Er-Au-Cd-Co-Gd-Na-Sm-Eu-Tb-V-Ag-Nd-U-Ba-Ce-K-Ga-Cr-Al-Li-Sc-Ru-In-Mg-Zr-Dy-W-Yb-Y-Ho-Re-Be-Rb-La-Sn-Cs-Pb-Pr-Bi-Tm-Sr-Ti-Hf-Ir-Nb-Pd-Hg-Th-Np-Lu-Rh-Pu_2_8_11,phimage_Cu-Mn-Ni-Mo-Fe-Pt-Zn-Ca-Er-Au-Cd-Co-Gd-Na-Sm-Eu-Tb-V-Ag-Nd-U-Ba-Ce-K-Ga-Cr-Al-Li-Sc-Ru-In-Mg-Zr-Dy-W-Yb-Y-Ho-Re-Be-Rb-La-Sn-Cs-Pb-Pr-Bi-Tm-Sr-Ti-Hf-Ir-Nb-Pd-Hg-Th-Np-Lu-Rh-Pu_2_8_12,phimage_Cu-Mn-Ni-Mo-Fe-Pt-Zn-Ca-Er-Au-Cd-Co-Gd-Na-Sm-Eu-Tb-V-Ag-Nd-U-Ba-Ce-K-Ga-Cr-Al-Li-Sc-Ru-In-Mg-Zr-Dy-W-Yb-Y-Ho-Re-Be-Rb-La-Sn-Cs-Pb-Pr-Bi-Tm-Sr-Ti-Hf-Ir-Nb-Pd-Hg-Th-Np-Lu-Rh-Pu_2_8_13,phimage_Cu-Mn-Ni-Mo-Fe-Pt-Zn-Ca-Er-Au-Cd-Co-Gd-Na-Sm-Eu-Tb-V-Ag-Nd-U-Ba-Ce-K-Ga-Cr-Al-Li-Sc-Ru-In-Mg-Zr-Dy-W-Yb-Y-Ho-Re-Be-Rb-La-Sn-Cs-Pb-Pr-Bi-Tm-Sr-Ti-Hf-Ir-Nb-Pd-Hg-Th-Np-Lu-Rh-Pu_2_8_14,phimage_Cu-Mn-Ni-Mo-Fe-Pt-Zn-Ca-Er-Au-Cd-Co-Gd-Na-Sm-Eu-Tb-V-Ag-Nd-U-Ba-Ce-K-Ga-Cr-Al-Li-Sc-Ru-In-Mg-Zr-Dy-W-Yb-Y-Ho-Re-Be-Rb-La-Sn-Cs-Pb-Pr-Bi-Tm-Sr-Ti-Hf-Ir-Nb-Pd-Hg-Th-Np-Lu-Rh-Pu_2_8_15,phimage_Cu-Mn-Ni-Mo-Fe-Pt-Zn-Ca-Er-Au-Cd-Co-Gd-Na-Sm-Eu-Tb-V-Ag-Nd-U-Ba-Ce-K-Ga-Cr-Al-Li-Sc-Ru-In-Mg-Zr-Dy-W-Yb-Y-Ho-Re-Be-Rb-La-Sn-Cs-Pb-Pr-Bi-Tm-Sr-Ti-Hf-Ir-Nb-Pd-Hg-Th-Np-Lu-Rh-Pu_2_8_16,phimage_Cu-Mn-Ni-Mo-Fe-Pt-Zn-Ca-Er-Au-Cd-Co-Gd-Na-Sm-Eu-Tb-V-Ag-Nd-U-Ba-Ce-K-Ga-Cr-Al-Li-Sc-Ru-In-Mg-Zr-Dy-W-Yb-Y-Ho-Re-Be-Rb-La-Sn-Cs-Pb-Pr-Bi-Tm-Sr-Ti-Hf-Ir-Nb-Pd-Hg-Th-Np-Lu-Rh-Pu_2_8_17,phimage_Cu-Mn-Ni-Mo-Fe-Pt-Zn-Ca-Er-Au-Cd-Co-Gd-Na-Sm-Eu-Tb-V-Ag-Nd-U-Ba-Ce-K-Ga-Cr-Al-Li-Sc-Ru-In-Mg-Zr-Dy-W-Yb-Y-Ho-Re-Be-Rb-La-Sn-Cs-Pb-Pr-Bi-Tm-Sr-Ti-Hf-Ir-Nb-Pd-Hg-Th-Np-Lu-Rh-Pu_2_8_18,phimage_Cu-Mn-Ni-Mo-Fe-Pt-Zn-Ca-Er-Au-Cd-Co-Gd-Na-Sm-Eu-Tb-V-Ag-Nd-U-Ba-Ce-K-Ga-Cr-Al-Li-Sc-Ru-In-Mg-Zr-Dy-W-Yb-Y-Ho-Re-Be-Rb-La-Sn-Cs-Pb-Pr-Bi-Tm-Sr-Ti-Hf-Ir-Nb-Pd-Hg-Th-Np-Lu-Rh-Pu_2_8_19,phimage_Cu-Mn-Ni-Mo-Fe-Pt-Zn-Ca-Er-Au-Cd-Co-Gd-Na-Sm-Eu-Tb-V-Ag-Nd-U-Ba-Ce-K-Ga-Cr-Al-Li-Sc-Ru-In-Mg-Zr-Dy-W-Yb-Y-Ho-Re-Be-Rb-La-Sn-Cs-Pb-Pr-Bi-Tm-Sr-Ti-Hf-Ir-Nb-Pd-Hg-Th-Np-Lu-Rh-Pu_2_9_0,phimage_Cu-Mn-Ni-Mo-Fe-Pt-Zn-Ca-Er-Au-Cd-Co-Gd-Na-Sm-Eu-Tb-V-Ag-Nd-U-Ba-Ce-K-Ga-Cr-Al-Li-Sc-Ru-In-Mg-Zr-Dy-W-Yb-Y-Ho-Re-Be-Rb-La-Sn-Cs-Pb-Pr-Bi-Tm-Sr-Ti-Hf-Ir-Nb-Pd-Hg-Th-Np-Lu-Rh-Pu_2_9_1,phimage_Cu-Mn-Ni-Mo-Fe-Pt-Zn-Ca-Er-Au-Cd-Co-Gd-Na-Sm-Eu-Tb-V-Ag-Nd-U-Ba-Ce-K-Ga-Cr-Al-Li-Sc-Ru-In-Mg-Zr-Dy-W-Yb-Y-Ho-Re-Be-Rb-La-Sn-Cs-Pb-Pr-Bi-Tm-Sr-Ti-Hf-Ir-Nb-Pd-Hg-Th-Np-Lu-Rh-Pu_2_9_2,phimage_Cu-Mn-Ni-Mo-Fe-Pt-Zn-Ca-Er-Au-Cd-Co-Gd-Na-Sm-Eu-Tb-V-Ag-Nd-U-Ba-Ce-K-Ga-Cr-Al-Li-Sc-Ru-In-Mg-Zr-Dy-W-Yb-Y-Ho-Re-Be-Rb-La-Sn-Cs-Pb-Pr-Bi-Tm-Sr-Ti-Hf-Ir-Nb-Pd-Hg-Th-Np-Lu-Rh-Pu_2_9_3,phimage_Cu-Mn-Ni-Mo-Fe-Pt-Zn-Ca-Er-Au-Cd-Co-Gd-Na-Sm-Eu-Tb-V-Ag-Nd-U-Ba-Ce-K-Ga-Cr-Al-Li-Sc-Ru-In-Mg-Zr-Dy-W-Yb-Y-Ho-Re-Be-Rb-La-Sn-Cs-Pb-Pr-Bi-Tm-Sr-Ti-Hf-Ir-Nb-Pd-Hg-Th-Np-Lu-Rh-Pu_2_9_4,phimage_Cu-Mn-Ni-Mo-Fe-Pt-Zn-Ca-Er-Au-Cd-Co-Gd-Na-Sm-Eu-Tb-V-Ag-Nd-U-Ba-Ce-K-Ga-Cr-Al-Li-Sc-Ru-In-Mg-Zr-Dy-W-Yb-Y-Ho-Re-Be-Rb-La-Sn-Cs-Pb-Pr-Bi-Tm-Sr-Ti-Hf-Ir-Nb-Pd-Hg-Th-Np-Lu-Rh-Pu_2_9_5,phimage_Cu-Mn-Ni-Mo-Fe-Pt-Zn-Ca-Er-Au-Cd-Co-Gd-Na-Sm-Eu-Tb-V-Ag-Nd-U-Ba-Ce-K-Ga-Cr-Al-Li-Sc-Ru-In-Mg-Zr-Dy-W-Yb-Y-Ho-Re-Be-Rb-La-Sn-Cs-Pb-Pr-Bi-Tm-Sr-Ti-Hf-Ir-Nb-Pd-Hg-Th-Np-Lu-Rh-Pu_2_9_6,phimage_Cu-Mn-Ni-Mo-Fe-Pt-Zn-Ca-Er-Au-Cd-Co-Gd-Na-Sm-Eu-Tb-V-Ag-Nd-U-Ba-Ce-K-Ga-Cr-Al-Li-Sc-Ru-In-Mg-Zr-Dy-W-Yb-Y-Ho-Re-Be-Rb-La-Sn-Cs-Pb-Pr-Bi-Tm-Sr-Ti-Hf-Ir-Nb-Pd-Hg-Th-Np-Lu-Rh-Pu_2_9_7,phimage_Cu-Mn-Ni-Mo-Fe-Pt-Zn-Ca-Er-Au-Cd-Co-Gd-Na-Sm-Eu-Tb-V-Ag-Nd-U-Ba-Ce-K-Ga-Cr-Al-Li-Sc-Ru-In-Mg-Zr-Dy-W-Yb-Y-Ho-Re-Be-Rb-La-Sn-Cs-Pb-Pr-Bi-Tm-Sr-Ti-Hf-Ir-Nb-Pd-Hg-Th-Np-Lu-Rh-Pu_2_9_8,phimage_Cu-Mn-Ni-Mo-Fe-Pt-Zn-Ca-Er-Au-Cd-Co-Gd-Na-Sm-Eu-Tb-V-Ag-Nd-U-Ba-Ce-K-Ga-Cr-Al-Li-Sc-Ru-In-Mg-Zr-Dy-W-Yb-Y-Ho-Re-Be-Rb-La-Sn-Cs-Pb-Pr-Bi-Tm-Sr-Ti-Hf-Ir-Nb-Pd-Hg-Th-Np-Lu-Rh-Pu_2_9_9,phimage_Cu-Mn-Ni-Mo-Fe-Pt-Zn-Ca-Er-Au-Cd-Co-Gd-Na-Sm-Eu-Tb-V-Ag-Nd-U-Ba-Ce-K-Ga-Cr-Al-Li-Sc-Ru-In-Mg-Zr-Dy-W-Yb-Y-Ho-Re-Be-Rb-La-Sn-Cs-Pb-Pr-Bi-Tm-Sr-Ti-Hf-Ir-Nb-Pd-Hg-Th-Np-Lu-Rh-Pu_2_9_10,phimage_Cu-Mn-Ni-Mo-Fe-Pt-Zn-Ca-Er-Au-Cd-Co-Gd-Na-Sm-Eu-Tb-V-Ag-Nd-U-Ba-Ce-K-Ga-Cr-Al-Li-Sc-Ru-In-Mg-Zr-Dy-W-Yb-Y-Ho-Re-Be-Rb-La-Sn-Cs-Pb-Pr-Bi-Tm-Sr-Ti-Hf-Ir-Nb-Pd-Hg-Th-Np-Lu-Rh-Pu_2_9_11,phimage_Cu-Mn-Ni-Mo-Fe-Pt-Zn-Ca-Er-Au-Cd-Co-Gd-Na-Sm-Eu-Tb-V-Ag-Nd-U-Ba-Ce-K-Ga-Cr-Al-Li-Sc-Ru-In-Mg-Zr-Dy-W-Yb-Y-Ho-Re-Be-Rb-La-Sn-Cs-Pb-Pr-Bi-Tm-Sr-Ti-Hf-Ir-Nb-Pd-Hg-Th-Np-Lu-Rh-Pu_2_9_12,phimage_Cu-Mn-Ni-Mo-Fe-Pt-Zn-Ca-Er-Au-Cd-Co-Gd-Na-Sm-Eu-Tb-V-Ag-Nd-U-Ba-Ce-K-Ga-Cr-Al-Li-Sc-Ru-In-Mg-Zr-Dy-W-Yb-Y-Ho-Re-Be-Rb-La-Sn-Cs-Pb-Pr-Bi-Tm-Sr-Ti-Hf-Ir-Nb-Pd-Hg-Th-Np-Lu-Rh-Pu_2_9_13,phimage_Cu-Mn-Ni-Mo-Fe-Pt-Zn-Ca-Er-Au-Cd-Co-Gd-Na-Sm-Eu-Tb-V-Ag-Nd-U-Ba-Ce-K-Ga-Cr-Al-Li-Sc-Ru-In-Mg-Zr-Dy-W-Yb-Y-Ho-Re-Be-Rb-La-Sn-Cs-Pb-Pr-Bi-Tm-Sr-Ti-Hf-Ir-Nb-Pd-Hg-Th-Np-Lu-Rh-Pu_2_9_14,phimage_Cu-Mn-Ni-Mo-Fe-Pt-Zn-Ca-Er-Au-Cd-Co-Gd-Na-Sm-Eu-Tb-V-Ag-Nd-U-Ba-Ce-K-Ga-Cr-Al-Li-Sc-Ru-In-Mg-Zr-Dy-W-Yb-Y-Ho-Re-Be-Rb-La-Sn-Cs-Pb-Pr-Bi-Tm-Sr-Ti-Hf-Ir-Nb-Pd-Hg-Th-Np-Lu-Rh-Pu_2_9_15,phimage_Cu-Mn-Ni-Mo-Fe-Pt-Zn-Ca-Er-Au-Cd-Co-Gd-Na-Sm-Eu-Tb-V-Ag-Nd-U-Ba-Ce-K-Ga-Cr-Al-Li-Sc-Ru-In-Mg-Zr-Dy-W-Yb-Y-Ho-Re-Be-Rb-La-Sn-Cs-Pb-Pr-Bi-Tm-Sr-Ti-Hf-Ir-Nb-Pd-Hg-Th-Np-Lu-Rh-Pu_2_9_16,phimage_Cu-Mn-Ni-Mo-Fe-Pt-Zn-Ca-Er-Au-Cd-Co-Gd-Na-Sm-Eu-Tb-V-Ag-Nd-U-Ba-Ce-K-Ga-Cr-Al-Li-Sc-Ru-In-Mg-Zr-Dy-W-Yb-Y-Ho-Re-Be-Rb-La-Sn-Cs-Pb-Pr-Bi-Tm-Sr-Ti-Hf-Ir-Nb-Pd-Hg-Th-Np-Lu-Rh-Pu_2_9_17,phimage_Cu-Mn-Ni-Mo-Fe-Pt-Zn-Ca-Er-Au-Cd-Co-Gd-Na-Sm-Eu-Tb-V-Ag-Nd-U-Ba-Ce-K-Ga-Cr-Al-Li-Sc-Ru-In-Mg-Zr-Dy-W-Yb-Y-Ho-Re-Be-Rb-La-Sn-Cs-Pb-Pr-Bi-Tm-Sr-Ti-Hf-Ir-Nb-Pd-Hg-Th-Np-Lu-Rh-Pu_2_9_18,phimage_Cu-Mn-Ni-Mo-Fe-Pt-Zn-Ca-Er-Au-Cd-Co-Gd-Na-Sm-Eu-Tb-V-Ag-Nd-U-Ba-Ce-K-Ga-Cr-Al-Li-Sc-Ru-In-Mg-Zr-Dy-W-Yb-Y-Ho-Re-Be-Rb-La-Sn-Cs-Pb-Pr-Bi-Tm-Sr-Ti-Hf-Ir-Nb-Pd-Hg-Th-Np-Lu-Rh-Pu_2_9_19,phimage_Cu-Mn-Ni-Mo-Fe-Pt-Zn-Ca-Er-Au-Cd-Co-Gd-Na-Sm-Eu-Tb-V-Ag-Nd-U-Ba-Ce-K-Ga-Cr-Al-Li-Sc-Ru-In-Mg-Zr-Dy-W-Yb-Y-Ho-Re-Be-Rb-La-Sn-Cs-Pb-Pr-Bi-Tm-Sr-Ti-Hf-Ir-Nb-Pd-Hg-Th-Np-Lu-Rh-Pu_2_10_0,phimage_Cu-Mn-Ni-Mo-Fe-Pt-Zn-Ca-Er-Au-Cd-Co-Gd-Na-Sm-Eu-Tb-V-Ag-Nd-U-Ba-Ce-K-Ga-Cr-Al-Li-Sc-Ru-In-Mg-Zr-Dy-W-Yb-Y-Ho-Re-Be-Rb-La-Sn-Cs-Pb-Pr-Bi-Tm-Sr-Ti-Hf-Ir-Nb-Pd-Hg-Th-Np-Lu-Rh-Pu_2_10_1,phimage_Cu-Mn-Ni-Mo-Fe-Pt-Zn-Ca-Er-Au-Cd-Co-Gd-Na-Sm-Eu-Tb-V-Ag-Nd-U-Ba-Ce-K-Ga-Cr-Al-Li-Sc-Ru-In-Mg-Zr-Dy-W-Yb-Y-Ho-Re-Be-Rb-La-Sn-Cs-Pb-Pr-Bi-Tm-Sr-Ti-Hf-Ir-Nb-Pd-Hg-Th-Np-Lu-Rh-Pu_2_10_2,phimage_Cu-Mn-Ni-Mo-Fe-Pt-Zn-Ca-Er-Au-Cd-Co-Gd-Na-Sm-Eu-Tb-V-Ag-Nd-U-Ba-Ce-K-Ga-Cr-Al-Li-Sc-Ru-In-Mg-Zr-Dy-W-Yb-Y-Ho-Re-Be-Rb-La-Sn-Cs-Pb-Pr-Bi-Tm-Sr-Ti-Hf-Ir-Nb-Pd-Hg-Th-Np-Lu-Rh-Pu_2_10_3,phimage_Cu-Mn-Ni-Mo-Fe-Pt-Zn-Ca-Er-Au-Cd-Co-Gd-Na-Sm-Eu-Tb-V-Ag-Nd-U-Ba-Ce-K-Ga-Cr-Al-Li-Sc-Ru-In-Mg-Zr-Dy-W-Yb-Y-Ho-Re-Be-Rb-La-Sn-Cs-Pb-Pr-Bi-Tm-Sr-Ti-Hf-Ir-Nb-Pd-Hg-Th-Np-Lu-Rh-Pu_2_10_4,phimage_Cu-Mn-Ni-Mo-Fe-Pt-Zn-Ca-Er-Au-Cd-Co-Gd-Na-Sm-Eu-Tb-V-Ag-Nd-U-Ba-Ce-K-Ga-Cr-Al-Li-Sc-Ru-In-Mg-Zr-Dy-W-Yb-Y-Ho-Re-Be-Rb-La-Sn-Cs-Pb-Pr-Bi-Tm-Sr-Ti-Hf-Ir-Nb-Pd-Hg-Th-Np-Lu-Rh-Pu_2_10_5,phimage_Cu-Mn-Ni-Mo-Fe-Pt-Zn-Ca-Er-Au-Cd-Co-Gd-Na-Sm-Eu-Tb-V-Ag-Nd-U-Ba-Ce-K-Ga-Cr-Al-Li-Sc-Ru-In-Mg-Zr-Dy-W-Yb-Y-Ho-Re-Be-Rb-La-Sn-Cs-Pb-Pr-Bi-Tm-Sr-Ti-Hf-Ir-Nb-Pd-Hg-Th-Np-Lu-Rh-Pu_2_10_6,phimage_Cu-Mn-Ni-Mo-Fe-Pt-Zn-Ca-Er-Au-Cd-Co-Gd-Na-Sm-Eu-Tb-V-Ag-Nd-U-Ba-Ce-K-Ga-Cr-Al-Li-Sc-Ru-In-Mg-Zr-Dy-W-Yb-Y-Ho-Re-Be-Rb-La-Sn-Cs-Pb-Pr-Bi-Tm-Sr-Ti-Hf-Ir-Nb-Pd-Hg-Th-Np-Lu-Rh-Pu_2_10_7,phimage_Cu-Mn-Ni-Mo-Fe-Pt-Zn-Ca-Er-Au-Cd-Co-Gd-Na-Sm-Eu-Tb-V-Ag-Nd-U-Ba-Ce-K-Ga-Cr-Al-Li-Sc-Ru-In-Mg-Zr-Dy-W-Yb-Y-Ho-Re-Be-Rb-La-Sn-Cs-Pb-Pr-Bi-Tm-Sr-Ti-Hf-Ir-Nb-Pd-Hg-Th-Np-Lu-Rh-Pu_2_10_8,phimage_Cu-Mn-Ni-Mo-Fe-Pt-Zn-Ca-Er-Au-Cd-Co-Gd-Na-Sm-Eu-Tb-V-Ag-Nd-U-Ba-Ce-K-Ga-Cr-Al-Li-Sc-Ru-In-Mg-Zr-Dy-W-Yb-Y-Ho-Re-Be-Rb-La-Sn-Cs-Pb-Pr-Bi-Tm-Sr-Ti-Hf-Ir-Nb-Pd-Hg-Th-Np-Lu-Rh-Pu_2_10_9,phimage_Cu-Mn-Ni-Mo-Fe-Pt-Zn-Ca-Er-Au-Cd-Co-Gd-Na-Sm-Eu-Tb-V-Ag-Nd-U-Ba-Ce-K-Ga-Cr-Al-Li-Sc-Ru-In-Mg-Zr-Dy-W-Yb-Y-Ho-Re-Be-Rb-La-Sn-Cs-Pb-Pr-Bi-Tm-Sr-Ti-Hf-Ir-Nb-Pd-Hg-Th-Np-Lu-Rh-Pu_2_10_10,phimage_Cu-Mn-Ni-Mo-Fe-Pt-Zn-Ca-Er-Au-Cd-Co-Gd-Na-Sm-Eu-Tb-V-Ag-Nd-U-Ba-Ce-K-Ga-Cr-Al-Li-Sc-Ru-In-Mg-Zr-Dy-W-Yb-Y-Ho-Re-Be-Rb-La-Sn-Cs-Pb-Pr-Bi-Tm-Sr-Ti-Hf-Ir-Nb-Pd-Hg-Th-Np-Lu-Rh-Pu_2_10_11,phimage_Cu-Mn-Ni-Mo-Fe-Pt-Zn-Ca-Er-Au-Cd-Co-Gd-Na-Sm-Eu-Tb-V-Ag-Nd-U-Ba-Ce-K-Ga-Cr-Al-Li-Sc-Ru-In-Mg-Zr-Dy-W-Yb-Y-Ho-Re-Be-Rb-La-Sn-Cs-Pb-Pr-Bi-Tm-Sr-Ti-Hf-Ir-Nb-Pd-Hg-Th-Np-Lu-Rh-Pu_2_10_12,phimage_Cu-Mn-Ni-Mo-Fe-Pt-Zn-Ca-Er-Au-Cd-Co-Gd-Na-Sm-Eu-Tb-V-Ag-Nd-U-Ba-Ce-K-Ga-Cr-Al-Li-Sc-Ru-In-Mg-Zr-Dy-W-Yb-Y-Ho-Re-Be-Rb-La-Sn-Cs-Pb-Pr-Bi-Tm-Sr-Ti-Hf-Ir-Nb-Pd-Hg-Th-Np-Lu-Rh-Pu_2_10_13,phimage_Cu-Mn-Ni-Mo-Fe-Pt-Zn-Ca-Er-Au-Cd-Co-Gd-Na-Sm-Eu-Tb-V-Ag-Nd-U-Ba-Ce-K-Ga-Cr-Al-Li-Sc-Ru-In-Mg-Zr-Dy-W-Yb-Y-Ho-Re-Be-Rb-La-Sn-Cs-Pb-Pr-Bi-Tm-Sr-Ti-Hf-Ir-Nb-Pd-Hg-Th-Np-Lu-Rh-Pu_2_10_14,phimage_Cu-Mn-Ni-Mo-Fe-Pt-Zn-Ca-Er-Au-Cd-Co-Gd-Na-Sm-Eu-Tb-V-Ag-Nd-U-Ba-Ce-K-Ga-Cr-Al-Li-Sc-Ru-In-Mg-Zr-Dy-W-Yb-Y-Ho-Re-Be-Rb-La-Sn-Cs-Pb-Pr-Bi-Tm-Sr-Ti-Hf-Ir-Nb-Pd-Hg-Th-Np-Lu-Rh-Pu_2_10_15,phimage_Cu-Mn-Ni-Mo-Fe-Pt-Zn-Ca-Er-Au-Cd-Co-Gd-Na-Sm-Eu-Tb-V-Ag-Nd-U-Ba-Ce-K-Ga-Cr-Al-Li-Sc-Ru-In-Mg-Zr-Dy-W-Yb-Y-Ho-Re-Be-Rb-La-Sn-Cs-Pb-Pr-Bi-Tm-Sr-Ti-Hf-Ir-Nb-Pd-Hg-Th-Np-Lu-Rh-Pu_2_10_16,phimage_Cu-Mn-Ni-Mo-Fe-Pt-Zn-Ca-Er-Au-Cd-Co-Gd-Na-Sm-Eu-Tb-V-Ag-Nd-U-Ba-Ce-K-Ga-Cr-Al-Li-Sc-Ru-In-Mg-Zr-Dy-W-Yb-Y-Ho-Re-Be-Rb-La-Sn-Cs-Pb-Pr-Bi-Tm-Sr-Ti-Hf-Ir-Nb-Pd-Hg-Th-Np-Lu-Rh-Pu_2_10_17,phimage_Cu-Mn-Ni-Mo-Fe-Pt-Zn-Ca-Er-Au-Cd-Co-Gd-Na-Sm-Eu-Tb-V-Ag-Nd-U-Ba-Ce-K-Ga-Cr-Al-Li-Sc-Ru-In-Mg-Zr-Dy-W-Yb-Y-Ho-Re-Be-Rb-La-Sn-Cs-Pb-Pr-Bi-Tm-Sr-Ti-Hf-Ir-Nb-Pd-Hg-Th-Np-Lu-Rh-Pu_2_10_18,phimage_Cu-Mn-Ni-Mo-Fe-Pt-Zn-Ca-Er-Au-Cd-Co-Gd-Na-Sm-Eu-Tb-V-Ag-Nd-U-Ba-Ce-K-Ga-Cr-Al-Li-Sc-Ru-In-Mg-Zr-Dy-W-Yb-Y-Ho-Re-Be-Rb-La-Sn-Cs-Pb-Pr-Bi-Tm-Sr-Ti-Hf-Ir-Nb-Pd-Hg-Th-Np-Lu-Rh-Pu_2_10_19,phimage_Cu-Mn-Ni-Mo-Fe-Pt-Zn-Ca-Er-Au-Cd-Co-Gd-Na-Sm-Eu-Tb-V-Ag-Nd-U-Ba-Ce-K-Ga-Cr-Al-Li-Sc-Ru-In-Mg-Zr-Dy-W-Yb-Y-Ho-Re-Be-Rb-La-Sn-Cs-Pb-Pr-Bi-Tm-Sr-Ti-Hf-Ir-Nb-Pd-Hg-Th-Np-Lu-Rh-Pu_2_11_0,phimage_Cu-Mn-Ni-Mo-Fe-Pt-Zn-Ca-Er-Au-Cd-Co-Gd-Na-Sm-Eu-Tb-V-Ag-Nd-U-Ba-Ce-K-Ga-Cr-Al-Li-Sc-Ru-In-Mg-Zr-Dy-W-Yb-Y-Ho-Re-Be-Rb-La-Sn-Cs-Pb-Pr-Bi-Tm-Sr-Ti-Hf-Ir-Nb-Pd-Hg-Th-Np-Lu-Rh-Pu_2_11_1,phimage_Cu-Mn-Ni-Mo-Fe-Pt-Zn-Ca-Er-Au-Cd-Co-Gd-Na-Sm-Eu-Tb-V-Ag-Nd-U-Ba-Ce-K-Ga-Cr-Al-Li-Sc-Ru-In-Mg-Zr-Dy-W-Yb-Y-Ho-Re-Be-Rb-La-Sn-Cs-Pb-Pr-Bi-Tm-Sr-Ti-Hf-Ir-Nb-Pd-Hg-Th-Np-Lu-Rh-Pu_2_11_2,phimage_Cu-Mn-Ni-Mo-Fe-Pt-Zn-Ca-Er-Au-Cd-Co-Gd-Na-Sm-Eu-Tb-V-Ag-Nd-U-Ba-Ce-K-Ga-Cr-Al-Li-Sc-Ru-In-Mg-Zr-Dy-W-Yb-Y-Ho-Re-Be-Rb-La-Sn-Cs-Pb-Pr-Bi-Tm-Sr-Ti-Hf-Ir-Nb-Pd-Hg-Th-Np-Lu-Rh-Pu_2_11_3,phimage_Cu-Mn-Ni-Mo-Fe-Pt-Zn-Ca-Er-Au-Cd-Co-Gd-Na-Sm-Eu-Tb-V-Ag-Nd-U-Ba-Ce-K-Ga-Cr-Al-Li-Sc-Ru-In-Mg-Zr-Dy-W-Yb-Y-Ho-Re-Be-Rb-La-Sn-Cs-Pb-Pr-Bi-Tm-Sr-Ti-Hf-Ir-Nb-Pd-Hg-Th-Np-Lu-Rh-Pu_2_11_4,phimage_Cu-Mn-Ni-Mo-Fe-Pt-Zn-Ca-Er-Au-Cd-Co-Gd-Na-Sm-Eu-Tb-V-Ag-Nd-U-Ba-Ce-K-Ga-Cr-Al-Li-Sc-Ru-In-Mg-Zr-Dy-W-Yb-Y-Ho-Re-Be-Rb-La-Sn-Cs-Pb-Pr-Bi-Tm-Sr-Ti-Hf-Ir-Nb-Pd-Hg-Th-Np-Lu-Rh-Pu_2_11_5,phimage_Cu-Mn-Ni-Mo-Fe-Pt-Zn-Ca-Er-Au-Cd-Co-Gd-Na-Sm-Eu-Tb-V-Ag-Nd-U-Ba-Ce-K-Ga-Cr-Al-Li-Sc-Ru-In-Mg-Zr-Dy-W-Yb-Y-Ho-Re-Be-Rb-La-Sn-Cs-Pb-Pr-Bi-Tm-Sr-Ti-Hf-Ir-Nb-Pd-Hg-Th-Np-Lu-Rh-Pu_2_11_6,phimage_Cu-Mn-Ni-Mo-Fe-Pt-Zn-Ca-Er-Au-Cd-Co-Gd-Na-Sm-Eu-Tb-V-Ag-Nd-U-Ba-Ce-K-Ga-Cr-Al-Li-Sc-Ru-In-Mg-Zr-Dy-W-Yb-Y-Ho-Re-Be-Rb-La-Sn-Cs-Pb-Pr-Bi-Tm-Sr-Ti-Hf-Ir-Nb-Pd-Hg-Th-Np-Lu-Rh-Pu_2_11_7,phimage_Cu-Mn-Ni-Mo-Fe-Pt-Zn-Ca-Er-Au-Cd-Co-Gd-Na-Sm-Eu-Tb-V-Ag-Nd-U-Ba-Ce-K-Ga-Cr-Al-Li-Sc-Ru-In-Mg-Zr-Dy-W-Yb-Y-Ho-Re-Be-Rb-La-Sn-Cs-Pb-Pr-Bi-Tm-Sr-Ti-Hf-Ir-Nb-Pd-Hg-Th-Np-Lu-Rh-Pu_2_11_8,phimage_Cu-Mn-Ni-Mo-Fe-Pt-Zn-Ca-Er-Au-Cd-Co-Gd-Na-Sm-Eu-Tb-V-Ag-Nd-U-Ba-Ce-K-Ga-Cr-Al-Li-Sc-Ru-In-Mg-Zr-Dy-W-Yb-Y-Ho-Re-Be-Rb-La-Sn-Cs-Pb-Pr-Bi-Tm-Sr-Ti-Hf-Ir-Nb-Pd-Hg-Th-Np-Lu-Rh-Pu_2_11_9,phimage_Cu-Mn-Ni-Mo-Fe-Pt-Zn-Ca-Er-Au-Cd-Co-Gd-Na-Sm-Eu-Tb-V-Ag-Nd-U-Ba-Ce-K-Ga-Cr-Al-Li-Sc-Ru-In-Mg-Zr-Dy-W-Yb-Y-Ho-Re-Be-Rb-La-Sn-Cs-Pb-Pr-Bi-Tm-Sr-Ti-Hf-Ir-Nb-Pd-Hg-Th-Np-Lu-Rh-Pu_2_11_10,phimage_Cu-Mn-Ni-Mo-Fe-Pt-Zn-Ca-Er-Au-Cd-Co-Gd-Na-Sm-Eu-Tb-V-Ag-Nd-U-Ba-Ce-K-Ga-Cr-Al-Li-Sc-Ru-In-Mg-Zr-Dy-W-Yb-Y-Ho-Re-Be-Rb-La-Sn-Cs-Pb-Pr-Bi-Tm-Sr-Ti-Hf-Ir-Nb-Pd-Hg-Th-Np-Lu-Rh-Pu_2_11_11,phimage_Cu-Mn-Ni-Mo-Fe-Pt-Zn-Ca-Er-Au-Cd-Co-Gd-Na-Sm-Eu-Tb-V-Ag-Nd-U-Ba-Ce-K-Ga-Cr-Al-Li-Sc-Ru-In-Mg-Zr-Dy-W-Yb-Y-Ho-Re-Be-Rb-La-Sn-Cs-Pb-Pr-Bi-Tm-Sr-Ti-Hf-Ir-Nb-Pd-Hg-Th-Np-Lu-Rh-Pu_2_11_12,phimage_Cu-Mn-Ni-Mo-Fe-Pt-Zn-Ca-Er-Au-Cd-Co-Gd-Na-Sm-Eu-Tb-V-Ag-Nd-U-Ba-Ce-K-Ga-Cr-Al-Li-Sc-Ru-In-Mg-Zr-Dy-W-Yb-Y-Ho-Re-Be-Rb-La-Sn-Cs-Pb-Pr-Bi-Tm-Sr-Ti-Hf-Ir-Nb-Pd-Hg-Th-Np-Lu-Rh-Pu_2_11_13,phimage_Cu-Mn-Ni-Mo-Fe-Pt-Zn-Ca-Er-Au-Cd-Co-Gd-Na-Sm-Eu-Tb-V-Ag-Nd-U-Ba-Ce-K-Ga-Cr-Al-Li-Sc-Ru-In-Mg-Zr-Dy-W-Yb-Y-Ho-Re-Be-Rb-La-Sn-Cs-Pb-Pr-Bi-Tm-Sr-Ti-Hf-Ir-Nb-Pd-Hg-Th-Np-Lu-Rh-Pu_2_11_14,phimage_Cu-Mn-Ni-Mo-Fe-Pt-Zn-Ca-Er-Au-Cd-Co-Gd-Na-Sm-Eu-Tb-V-Ag-Nd-U-Ba-Ce-K-Ga-Cr-Al-Li-Sc-Ru-In-Mg-Zr-Dy-W-Yb-Y-Ho-Re-Be-Rb-La-Sn-Cs-Pb-Pr-Bi-Tm-Sr-Ti-Hf-Ir-Nb-Pd-Hg-Th-Np-Lu-Rh-Pu_2_11_15,phimage_Cu-Mn-Ni-Mo-Fe-Pt-Zn-Ca-Er-Au-Cd-Co-Gd-Na-Sm-Eu-Tb-V-Ag-Nd-U-Ba-Ce-K-Ga-Cr-Al-Li-Sc-Ru-In-Mg-Zr-Dy-W-Yb-Y-Ho-Re-Be-Rb-La-Sn-Cs-Pb-Pr-Bi-Tm-Sr-Ti-Hf-Ir-Nb-Pd-Hg-Th-Np-Lu-Rh-Pu_2_11_16,phimage_Cu-Mn-Ni-Mo-Fe-Pt-Zn-Ca-Er-Au-Cd-Co-Gd-Na-Sm-Eu-Tb-V-Ag-Nd-U-Ba-Ce-K-Ga-Cr-Al-Li-Sc-Ru-In-Mg-Zr-Dy-W-Yb-Y-Ho-Re-Be-Rb-La-Sn-Cs-Pb-Pr-Bi-Tm-Sr-Ti-Hf-Ir-Nb-Pd-Hg-Th-Np-Lu-Rh-Pu_2_11_17,phimage_Cu-Mn-Ni-Mo-Fe-Pt-Zn-Ca-Er-Au-Cd-Co-Gd-Na-Sm-Eu-Tb-V-Ag-Nd-U-Ba-Ce-K-Ga-Cr-Al-Li-Sc-Ru-In-Mg-Zr-Dy-W-Yb-Y-Ho-Re-Be-Rb-La-Sn-Cs-Pb-Pr-Bi-Tm-Sr-Ti-Hf-Ir-Nb-Pd-Hg-Th-Np-Lu-Rh-Pu_2_11_18,phimage_Cu-Mn-Ni-Mo-Fe-Pt-Zn-Ca-Er-Au-Cd-Co-Gd-Na-Sm-Eu-Tb-V-Ag-Nd-U-Ba-Ce-K-Ga-Cr-Al-Li-Sc-Ru-In-Mg-Zr-Dy-W-Yb-Y-Ho-Re-Be-Rb-La-Sn-Cs-Pb-Pr-Bi-Tm-Sr-Ti-Hf-Ir-Nb-Pd-Hg-Th-Np-Lu-Rh-Pu_2_11_19,phimage_Cu-Mn-Ni-Mo-Fe-Pt-Zn-Ca-Er-Au-Cd-Co-Gd-Na-Sm-Eu-Tb-V-Ag-Nd-U-Ba-Ce-K-Ga-Cr-Al-Li-Sc-Ru-In-Mg-Zr-Dy-W-Yb-Y-Ho-Re-Be-Rb-La-Sn-Cs-Pb-Pr-Bi-Tm-Sr-Ti-Hf-Ir-Nb-Pd-Hg-Th-Np-Lu-Rh-Pu_2_12_0,phimage_Cu-Mn-Ni-Mo-Fe-Pt-Zn-Ca-Er-Au-Cd-Co-Gd-Na-Sm-Eu-Tb-V-Ag-Nd-U-Ba-Ce-K-Ga-Cr-Al-Li-Sc-Ru-In-Mg-Zr-Dy-W-Yb-Y-Ho-Re-Be-Rb-La-Sn-Cs-Pb-Pr-Bi-Tm-Sr-Ti-Hf-Ir-Nb-Pd-Hg-Th-Np-Lu-Rh-Pu_2_12_1,phimage_Cu-Mn-Ni-Mo-Fe-Pt-Zn-Ca-Er-Au-Cd-Co-Gd-Na-Sm-Eu-Tb-V-Ag-Nd-U-Ba-Ce-K-Ga-Cr-Al-Li-Sc-Ru-In-Mg-Zr-Dy-W-Yb-Y-Ho-Re-Be-Rb-La-Sn-Cs-Pb-Pr-Bi-Tm-Sr-Ti-Hf-Ir-Nb-Pd-Hg-Th-Np-Lu-Rh-Pu_2_12_2,phimage_Cu-Mn-Ni-Mo-Fe-Pt-Zn-Ca-Er-Au-Cd-Co-Gd-Na-Sm-Eu-Tb-V-Ag-Nd-U-Ba-Ce-K-Ga-Cr-Al-Li-Sc-Ru-In-Mg-Zr-Dy-W-Yb-Y-Ho-Re-Be-Rb-La-Sn-Cs-Pb-Pr-Bi-Tm-Sr-Ti-Hf-Ir-Nb-Pd-Hg-Th-Np-Lu-Rh-Pu_2_12_3,phimage_Cu-Mn-Ni-Mo-Fe-Pt-Zn-Ca-Er-Au-Cd-Co-Gd-Na-Sm-Eu-Tb-V-Ag-Nd-U-Ba-Ce-K-Ga-Cr-Al-Li-Sc-Ru-In-Mg-Zr-Dy-W-Yb-Y-Ho-Re-Be-Rb-La-Sn-Cs-Pb-Pr-Bi-Tm-Sr-Ti-Hf-Ir-Nb-Pd-Hg-Th-Np-Lu-Rh-Pu_2_12_4,phimage_Cu-Mn-Ni-Mo-Fe-Pt-Zn-Ca-Er-Au-Cd-Co-Gd-Na-Sm-Eu-Tb-V-Ag-Nd-U-Ba-Ce-K-Ga-Cr-Al-Li-Sc-Ru-In-Mg-Zr-Dy-W-Yb-Y-Ho-Re-Be-Rb-La-Sn-Cs-Pb-Pr-Bi-Tm-Sr-Ti-Hf-Ir-Nb-Pd-Hg-Th-Np-Lu-Rh-Pu_2_12_5,phimage_Cu-Mn-Ni-Mo-Fe-Pt-Zn-Ca-Er-Au-Cd-Co-Gd-Na-Sm-Eu-Tb-V-Ag-Nd-U-Ba-Ce-K-Ga-Cr-Al-Li-Sc-Ru-In-Mg-Zr-Dy-W-Yb-Y-Ho-Re-Be-Rb-La-Sn-Cs-Pb-Pr-Bi-Tm-Sr-Ti-Hf-Ir-Nb-Pd-Hg-Th-Np-Lu-Rh-Pu_2_12_6,phimage_Cu-Mn-Ni-Mo-Fe-Pt-Zn-Ca-Er-Au-Cd-Co-Gd-Na-Sm-Eu-Tb-V-Ag-Nd-U-Ba-Ce-K-Ga-Cr-Al-Li-Sc-Ru-In-Mg-Zr-Dy-W-Yb-Y-Ho-Re-Be-Rb-La-Sn-Cs-Pb-Pr-Bi-Tm-Sr-Ti-Hf-Ir-Nb-Pd-Hg-Th-Np-Lu-Rh-Pu_2_12_7,phimage_Cu-Mn-Ni-Mo-Fe-Pt-Zn-Ca-Er-Au-Cd-Co-Gd-Na-Sm-Eu-Tb-V-Ag-Nd-U-Ba-Ce-K-Ga-Cr-Al-Li-Sc-Ru-In-Mg-Zr-Dy-W-Yb-Y-Ho-Re-Be-Rb-La-Sn-Cs-Pb-Pr-Bi-Tm-Sr-Ti-Hf-Ir-Nb-Pd-Hg-Th-Np-Lu-Rh-Pu_2_12_8,phimage_Cu-Mn-Ni-Mo-Fe-Pt-Zn-Ca-Er-Au-Cd-Co-Gd-Na-Sm-Eu-Tb-V-Ag-Nd-U-Ba-Ce-K-Ga-Cr-Al-Li-Sc-Ru-In-Mg-Zr-Dy-W-Yb-Y-Ho-Re-Be-Rb-La-Sn-Cs-Pb-Pr-Bi-Tm-Sr-Ti-Hf-Ir-Nb-Pd-Hg-Th-Np-Lu-Rh-Pu_2_12_9,phimage_Cu-Mn-Ni-Mo-Fe-Pt-Zn-Ca-Er-Au-Cd-Co-Gd-Na-Sm-Eu-Tb-V-Ag-Nd-U-Ba-Ce-K-Ga-Cr-Al-Li-Sc-Ru-In-Mg-Zr-Dy-W-Yb-Y-Ho-Re-Be-Rb-La-Sn-Cs-Pb-Pr-Bi-Tm-Sr-Ti-Hf-Ir-Nb-Pd-Hg-Th-Np-Lu-Rh-Pu_2_12_10,phimage_Cu-Mn-Ni-Mo-Fe-Pt-Zn-Ca-Er-Au-Cd-Co-Gd-Na-Sm-Eu-Tb-V-Ag-Nd-U-Ba-Ce-K-Ga-Cr-Al-Li-Sc-Ru-In-Mg-Zr-Dy-W-Yb-Y-Ho-Re-Be-Rb-La-Sn-Cs-Pb-Pr-Bi-Tm-Sr-Ti-Hf-Ir-Nb-Pd-Hg-Th-Np-Lu-Rh-Pu_2_12_11,phimage_Cu-Mn-Ni-Mo-Fe-Pt-Zn-Ca-Er-Au-Cd-Co-Gd-Na-Sm-Eu-Tb-V-Ag-Nd-U-Ba-Ce-K-Ga-Cr-Al-Li-Sc-Ru-In-Mg-Zr-Dy-W-Yb-Y-Ho-Re-Be-Rb-La-Sn-Cs-Pb-Pr-Bi-Tm-Sr-Ti-Hf-Ir-Nb-Pd-Hg-Th-Np-Lu-Rh-Pu_2_12_12,phimage_Cu-Mn-Ni-Mo-Fe-Pt-Zn-Ca-Er-Au-Cd-Co-Gd-Na-Sm-Eu-Tb-V-Ag-Nd-U-Ba-Ce-K-Ga-Cr-Al-Li-Sc-Ru-In-Mg-Zr-Dy-W-Yb-Y-Ho-Re-Be-Rb-La-Sn-Cs-Pb-Pr-Bi-Tm-Sr-Ti-Hf-Ir-Nb-Pd-Hg-Th-Np-Lu-Rh-Pu_2_12_13,phimage_Cu-Mn-Ni-Mo-Fe-Pt-Zn-Ca-Er-Au-Cd-Co-Gd-Na-Sm-Eu-Tb-V-Ag-Nd-U-Ba-Ce-K-Ga-Cr-Al-Li-Sc-Ru-In-Mg-Zr-Dy-W-Yb-Y-Ho-Re-Be-Rb-La-Sn-Cs-Pb-Pr-Bi-Tm-Sr-Ti-Hf-Ir-Nb-Pd-Hg-Th-Np-Lu-Rh-Pu_2_12_14,phimage_Cu-Mn-Ni-Mo-Fe-Pt-Zn-Ca-Er-Au-Cd-Co-Gd-Na-Sm-Eu-Tb-V-Ag-Nd-U-Ba-Ce-K-Ga-Cr-Al-Li-Sc-Ru-In-Mg-Zr-Dy-W-Yb-Y-Ho-Re-Be-Rb-La-Sn-Cs-Pb-Pr-Bi-Tm-Sr-Ti-Hf-Ir-Nb-Pd-Hg-Th-Np-Lu-Rh-Pu_2_12_15,phimage_Cu-Mn-Ni-Mo-Fe-Pt-Zn-Ca-Er-Au-Cd-Co-Gd-Na-Sm-Eu-Tb-V-Ag-Nd-U-Ba-Ce-K-Ga-Cr-Al-Li-Sc-Ru-In-Mg-Zr-Dy-W-Yb-Y-Ho-Re-Be-Rb-La-Sn-Cs-Pb-Pr-Bi-Tm-Sr-Ti-Hf-Ir-Nb-Pd-Hg-Th-Np-Lu-Rh-Pu_2_12_16,phimage_Cu-Mn-Ni-Mo-Fe-Pt-Zn-Ca-Er-Au-Cd-Co-Gd-Na-Sm-Eu-Tb-V-Ag-Nd-U-Ba-Ce-K-Ga-Cr-Al-Li-Sc-Ru-In-Mg-Zr-Dy-W-Yb-Y-Ho-Re-Be-Rb-La-Sn-Cs-Pb-Pr-Bi-Tm-Sr-Ti-Hf-Ir-Nb-Pd-Hg-Th-Np-Lu-Rh-Pu_2_12_17,phimage_Cu-Mn-Ni-Mo-Fe-Pt-Zn-Ca-Er-Au-Cd-Co-Gd-Na-Sm-Eu-Tb-V-Ag-Nd-U-Ba-Ce-K-Ga-Cr-Al-Li-Sc-Ru-In-Mg-Zr-Dy-W-Yb-Y-Ho-Re-Be-Rb-La-Sn-Cs-Pb-Pr-Bi-Tm-Sr-Ti-Hf-Ir-Nb-Pd-Hg-Th-Np-Lu-Rh-Pu_2_12_18,phimage_Cu-Mn-Ni-Mo-Fe-Pt-Zn-Ca-Er-Au-Cd-Co-Gd-Na-Sm-Eu-Tb-V-Ag-Nd-U-Ba-Ce-K-Ga-Cr-Al-Li-Sc-Ru-In-Mg-Zr-Dy-W-Yb-Y-Ho-Re-Be-Rb-La-Sn-Cs-Pb-Pr-Bi-Tm-Sr-Ti-Hf-Ir-Nb-Pd-Hg-Th-Np-Lu-Rh-Pu_2_12_19,phimage_Cu-Mn-Ni-Mo-Fe-Pt-Zn-Ca-Er-Au-Cd-Co-Gd-Na-Sm-Eu-Tb-V-Ag-Nd-U-Ba-Ce-K-Ga-Cr-Al-Li-Sc-Ru-In-Mg-Zr-Dy-W-Yb-Y-Ho-Re-Be-Rb-La-Sn-Cs-Pb-Pr-Bi-Tm-Sr-Ti-Hf-Ir-Nb-Pd-Hg-Th-Np-Lu-Rh-Pu_2_13_0,phimage_Cu-Mn-Ni-Mo-Fe-Pt-Zn-Ca-Er-Au-Cd-Co-Gd-Na-Sm-Eu-Tb-V-Ag-Nd-U-Ba-Ce-K-Ga-Cr-Al-Li-Sc-Ru-In-Mg-Zr-Dy-W-Yb-Y-Ho-Re-Be-Rb-La-Sn-Cs-Pb-Pr-Bi-Tm-Sr-Ti-Hf-Ir-Nb-Pd-Hg-Th-Np-Lu-Rh-Pu_2_13_1,phimage_Cu-Mn-Ni-Mo-Fe-Pt-Zn-Ca-Er-Au-Cd-Co-Gd-Na-Sm-Eu-Tb-V-Ag-Nd-U-Ba-Ce-K-Ga-Cr-Al-Li-Sc-Ru-In-Mg-Zr-Dy-W-Yb-Y-Ho-Re-Be-Rb-La-Sn-Cs-Pb-Pr-Bi-Tm-Sr-Ti-Hf-Ir-Nb-Pd-Hg-Th-Np-Lu-Rh-Pu_2_13_2,phimage_Cu-Mn-Ni-Mo-Fe-Pt-Zn-Ca-Er-Au-Cd-Co-Gd-Na-Sm-Eu-Tb-V-Ag-Nd-U-Ba-Ce-K-Ga-Cr-Al-Li-Sc-Ru-In-Mg-Zr-Dy-W-Yb-Y-Ho-Re-Be-Rb-La-Sn-Cs-Pb-Pr-Bi-Tm-Sr-Ti-Hf-Ir-Nb-Pd-Hg-Th-Np-Lu-Rh-Pu_2_13_3,phimage_Cu-Mn-Ni-Mo-Fe-Pt-Zn-Ca-Er-Au-Cd-Co-Gd-Na-Sm-Eu-Tb-V-Ag-Nd-U-Ba-Ce-K-Ga-Cr-Al-Li-Sc-Ru-In-Mg-Zr-Dy-W-Yb-Y-Ho-Re-Be-Rb-La-Sn-Cs-Pb-Pr-Bi-Tm-Sr-Ti-Hf-Ir-Nb-Pd-Hg-Th-Np-Lu-Rh-Pu_2_13_4,phimage_Cu-Mn-Ni-Mo-Fe-Pt-Zn-Ca-Er-Au-Cd-Co-Gd-Na-Sm-Eu-Tb-V-Ag-Nd-U-Ba-Ce-K-Ga-Cr-Al-Li-Sc-Ru-In-Mg-Zr-Dy-W-Yb-Y-Ho-Re-Be-Rb-La-Sn-Cs-Pb-Pr-Bi-Tm-Sr-Ti-Hf-Ir-Nb-Pd-Hg-Th-Np-Lu-Rh-Pu_2_13_5,phimage_Cu-Mn-Ni-Mo-Fe-Pt-Zn-Ca-Er-Au-Cd-Co-Gd-Na-Sm-Eu-Tb-V-Ag-Nd-U-Ba-Ce-K-Ga-Cr-Al-Li-Sc-Ru-In-Mg-Zr-Dy-W-Yb-Y-Ho-Re-Be-Rb-La-Sn-Cs-Pb-Pr-Bi-Tm-Sr-Ti-Hf-Ir-Nb-Pd-Hg-Th-Np-Lu-Rh-Pu_2_13_6,phimage_Cu-Mn-Ni-Mo-Fe-Pt-Zn-Ca-Er-Au-Cd-Co-Gd-Na-Sm-Eu-Tb-V-Ag-Nd-U-Ba-Ce-K-Ga-Cr-Al-Li-Sc-Ru-In-Mg-Zr-Dy-W-Yb-Y-Ho-Re-Be-Rb-La-Sn-Cs-Pb-Pr-Bi-Tm-Sr-Ti-Hf-Ir-Nb-Pd-Hg-Th-Np-Lu-Rh-Pu_2_13_7,phimage_Cu-Mn-Ni-Mo-Fe-Pt-Zn-Ca-Er-Au-Cd-Co-Gd-Na-Sm-Eu-Tb-V-Ag-Nd-U-Ba-Ce-K-Ga-Cr-Al-Li-Sc-Ru-In-Mg-Zr-Dy-W-Yb-Y-Ho-Re-Be-Rb-La-Sn-Cs-Pb-Pr-Bi-Tm-Sr-Ti-Hf-Ir-Nb-Pd-Hg-Th-Np-Lu-Rh-Pu_2_13_8,phimage_Cu-Mn-Ni-Mo-Fe-Pt-Zn-Ca-Er-Au-Cd-Co-Gd-Na-Sm-Eu-Tb-V-Ag-Nd-U-Ba-Ce-K-Ga-Cr-Al-Li-Sc-Ru-In-Mg-Zr-Dy-W-Yb-Y-Ho-Re-Be-Rb-La-Sn-Cs-Pb-Pr-Bi-Tm-Sr-Ti-Hf-Ir-Nb-Pd-Hg-Th-Np-Lu-Rh-Pu_2_13_9,phimage_Cu-Mn-Ni-Mo-Fe-Pt-Zn-Ca-Er-Au-Cd-Co-Gd-Na-Sm-Eu-Tb-V-Ag-Nd-U-Ba-Ce-K-Ga-Cr-Al-Li-Sc-Ru-In-Mg-Zr-Dy-W-Yb-Y-Ho-Re-Be-Rb-La-Sn-Cs-Pb-Pr-Bi-Tm-Sr-Ti-Hf-Ir-Nb-Pd-Hg-Th-Np-Lu-Rh-Pu_2_13_10,phimage_Cu-Mn-Ni-Mo-Fe-Pt-Zn-Ca-Er-Au-Cd-Co-Gd-Na-Sm-Eu-Tb-V-Ag-Nd-U-Ba-Ce-K-Ga-Cr-Al-Li-Sc-Ru-In-Mg-Zr-Dy-W-Yb-Y-Ho-Re-Be-Rb-La-Sn-Cs-Pb-Pr-Bi-Tm-Sr-Ti-Hf-Ir-Nb-Pd-Hg-Th-Np-Lu-Rh-Pu_2_13_11,phimage_Cu-Mn-Ni-Mo-Fe-Pt-Zn-Ca-Er-Au-Cd-Co-Gd-Na-Sm-Eu-Tb-V-Ag-Nd-U-Ba-Ce-K-Ga-Cr-Al-Li-Sc-Ru-In-Mg-Zr-Dy-W-Yb-Y-Ho-Re-Be-Rb-La-Sn-Cs-Pb-Pr-Bi-Tm-Sr-Ti-Hf-Ir-Nb-Pd-Hg-Th-Np-Lu-Rh-Pu_2_13_12,phimage_Cu-Mn-Ni-Mo-Fe-Pt-Zn-Ca-Er-Au-Cd-Co-Gd-Na-Sm-Eu-Tb-V-Ag-Nd-U-Ba-Ce-K-Ga-Cr-Al-Li-Sc-Ru-In-Mg-Zr-Dy-W-Yb-Y-Ho-Re-Be-Rb-La-Sn-Cs-Pb-Pr-Bi-Tm-Sr-Ti-Hf-Ir-Nb-Pd-Hg-Th-Np-Lu-Rh-Pu_2_13_13,phimage_Cu-Mn-Ni-Mo-Fe-Pt-Zn-Ca-Er-Au-Cd-Co-Gd-Na-Sm-Eu-Tb-V-Ag-Nd-U-Ba-Ce-K-Ga-Cr-Al-Li-Sc-Ru-In-Mg-Zr-Dy-W-Yb-Y-Ho-Re-Be-Rb-La-Sn-Cs-Pb-Pr-Bi-Tm-Sr-Ti-Hf-Ir-Nb-Pd-Hg-Th-Np-Lu-Rh-Pu_2_13_14,phimage_Cu-Mn-Ni-Mo-Fe-Pt-Zn-Ca-Er-Au-Cd-Co-Gd-Na-Sm-Eu-Tb-V-Ag-Nd-U-Ba-Ce-K-Ga-Cr-Al-Li-Sc-Ru-In-Mg-Zr-Dy-W-Yb-Y-Ho-Re-Be-Rb-La-Sn-Cs-Pb-Pr-Bi-Tm-Sr-Ti-Hf-Ir-Nb-Pd-Hg-Th-Np-Lu-Rh-Pu_2_13_15,phimage_Cu-Mn-Ni-Mo-Fe-Pt-Zn-Ca-Er-Au-Cd-Co-Gd-Na-Sm-Eu-Tb-V-Ag-Nd-U-Ba-Ce-K-Ga-Cr-Al-Li-Sc-Ru-In-Mg-Zr-Dy-W-Yb-Y-Ho-Re-Be-Rb-La-Sn-Cs-Pb-Pr-Bi-Tm-Sr-Ti-Hf-Ir-Nb-Pd-Hg-Th-Np-Lu-Rh-Pu_2_13_16,phimage_Cu-Mn-Ni-Mo-Fe-Pt-Zn-Ca-Er-Au-Cd-Co-Gd-Na-Sm-Eu-Tb-V-Ag-Nd-U-Ba-Ce-K-Ga-Cr-Al-Li-Sc-Ru-In-Mg-Zr-Dy-W-Yb-Y-Ho-Re-Be-Rb-La-Sn-Cs-Pb-Pr-Bi-Tm-Sr-Ti-Hf-Ir-Nb-Pd-Hg-Th-Np-Lu-Rh-Pu_2_13_17,phimage_Cu-Mn-Ni-Mo-Fe-Pt-Zn-Ca-Er-Au-Cd-Co-Gd-Na-Sm-Eu-Tb-V-Ag-Nd-U-Ba-Ce-K-Ga-Cr-Al-Li-Sc-Ru-In-Mg-Zr-Dy-W-Yb-Y-Ho-Re-Be-Rb-La-Sn-Cs-Pb-Pr-Bi-Tm-Sr-Ti-Hf-Ir-Nb-Pd-Hg-Th-Np-Lu-Rh-Pu_2_13_18,phimage_Cu-Mn-Ni-Mo-Fe-Pt-Zn-Ca-Er-Au-Cd-Co-Gd-Na-Sm-Eu-Tb-V-Ag-Nd-U-Ba-Ce-K-Ga-Cr-Al-Li-Sc-Ru-In-Mg-Zr-Dy-W-Yb-Y-Ho-Re-Be-Rb-La-Sn-Cs-Pb-Pr-Bi-Tm-Sr-Ti-Hf-Ir-Nb-Pd-Hg-Th-Np-Lu-Rh-Pu_2_13_19,phimage_Cu-Mn-Ni-Mo-Fe-Pt-Zn-Ca-Er-Au-Cd-Co-Gd-Na-Sm-Eu-Tb-V-Ag-Nd-U-Ba-Ce-K-Ga-Cr-Al-Li-Sc-Ru-In-Mg-Zr-Dy-W-Yb-Y-Ho-Re-Be-Rb-La-Sn-Cs-Pb-Pr-Bi-Tm-Sr-Ti-Hf-Ir-Nb-Pd-Hg-Th-Np-Lu-Rh-Pu_2_14_0,phimage_Cu-Mn-Ni-Mo-Fe-Pt-Zn-Ca-Er-Au-Cd-Co-Gd-Na-Sm-Eu-Tb-V-Ag-Nd-U-Ba-Ce-K-Ga-Cr-Al-Li-Sc-Ru-In-Mg-Zr-Dy-W-Yb-Y-Ho-Re-Be-Rb-La-Sn-Cs-Pb-Pr-Bi-Tm-Sr-Ti-Hf-Ir-Nb-Pd-Hg-Th-Np-Lu-Rh-Pu_2_14_1,phimage_Cu-Mn-Ni-Mo-Fe-Pt-Zn-Ca-Er-Au-Cd-Co-Gd-Na-Sm-Eu-Tb-V-Ag-Nd-U-Ba-Ce-K-Ga-Cr-Al-Li-Sc-Ru-In-Mg-Zr-Dy-W-Yb-Y-Ho-Re-Be-Rb-La-Sn-Cs-Pb-Pr-Bi-Tm-Sr-Ti-Hf-Ir-Nb-Pd-Hg-Th-Np-Lu-Rh-Pu_2_14_2,phimage_Cu-Mn-Ni-Mo-Fe-Pt-Zn-Ca-Er-Au-Cd-Co-Gd-Na-Sm-Eu-Tb-V-Ag-Nd-U-Ba-Ce-K-Ga-Cr-Al-Li-Sc-Ru-In-Mg-Zr-Dy-W-Yb-Y-Ho-Re-Be-Rb-La-Sn-Cs-Pb-Pr-Bi-Tm-Sr-Ti-Hf-Ir-Nb-Pd-Hg-Th-Np-Lu-Rh-Pu_2_14_3,phimage_Cu-Mn-Ni-Mo-Fe-Pt-Zn-Ca-Er-Au-Cd-Co-Gd-Na-Sm-Eu-Tb-V-Ag-Nd-U-Ba-Ce-K-Ga-Cr-Al-Li-Sc-Ru-In-Mg-Zr-Dy-W-Yb-Y-Ho-Re-Be-Rb-La-Sn-Cs-Pb-Pr-Bi-Tm-Sr-Ti-Hf-Ir-Nb-Pd-Hg-Th-Np-Lu-Rh-Pu_2_14_4,phimage_Cu-Mn-Ni-Mo-Fe-Pt-Zn-Ca-Er-Au-Cd-Co-Gd-Na-Sm-Eu-Tb-V-Ag-Nd-U-Ba-Ce-K-Ga-Cr-Al-Li-Sc-Ru-In-Mg-Zr-Dy-W-Yb-Y-Ho-Re-Be-Rb-La-Sn-Cs-Pb-Pr-Bi-Tm-Sr-Ti-Hf-Ir-Nb-Pd-Hg-Th-Np-Lu-Rh-Pu_2_14_5,phimage_Cu-Mn-Ni-Mo-Fe-Pt-Zn-Ca-Er-Au-Cd-Co-Gd-Na-Sm-Eu-Tb-V-Ag-Nd-U-Ba-Ce-K-Ga-Cr-Al-Li-Sc-Ru-In-Mg-Zr-Dy-W-Yb-Y-Ho-Re-Be-Rb-La-Sn-Cs-Pb-Pr-Bi-Tm-Sr-Ti-Hf-Ir-Nb-Pd-Hg-Th-Np-Lu-Rh-Pu_2_14_6,phimage_Cu-Mn-Ni-Mo-Fe-Pt-Zn-Ca-Er-Au-Cd-Co-Gd-Na-Sm-Eu-Tb-V-Ag-Nd-U-Ba-Ce-K-Ga-Cr-Al-Li-Sc-Ru-In-Mg-Zr-Dy-W-Yb-Y-Ho-Re-Be-Rb-La-Sn-Cs-Pb-Pr-Bi-Tm-Sr-Ti-Hf-Ir-Nb-Pd-Hg-Th-Np-Lu-Rh-Pu_2_14_7,phimage_Cu-Mn-Ni-Mo-Fe-Pt-Zn-Ca-Er-Au-Cd-Co-Gd-Na-Sm-Eu-Tb-V-Ag-Nd-U-Ba-Ce-K-Ga-Cr-Al-Li-Sc-Ru-In-Mg-Zr-Dy-W-Yb-Y-Ho-Re-Be-Rb-La-Sn-Cs-Pb-Pr-Bi-Tm-Sr-Ti-Hf-Ir-Nb-Pd-Hg-Th-Np-Lu-Rh-Pu_2_14_8,phimage_Cu-Mn-Ni-Mo-Fe-Pt-Zn-Ca-Er-Au-Cd-Co-Gd-Na-Sm-Eu-Tb-V-Ag-Nd-U-Ba-Ce-K-Ga-Cr-Al-Li-Sc-Ru-In-Mg-Zr-Dy-W-Yb-Y-Ho-Re-Be-Rb-La-Sn-Cs-Pb-Pr-Bi-Tm-Sr-Ti-Hf-Ir-Nb-Pd-Hg-Th-Np-Lu-Rh-Pu_2_14_9,phimage_Cu-Mn-Ni-Mo-Fe-Pt-Zn-Ca-Er-Au-Cd-Co-Gd-Na-Sm-Eu-Tb-V-Ag-Nd-U-Ba-Ce-K-Ga-Cr-Al-Li-Sc-Ru-In-Mg-Zr-Dy-W-Yb-Y-Ho-Re-Be-Rb-La-Sn-Cs-Pb-Pr-Bi-Tm-Sr-Ti-Hf-Ir-Nb-Pd-Hg-Th-Np-Lu-Rh-Pu_2_14_10,phimage_Cu-Mn-Ni-Mo-Fe-Pt-Zn-Ca-Er-Au-Cd-Co-Gd-Na-Sm-Eu-Tb-V-Ag-Nd-U-Ba-Ce-K-Ga-Cr-Al-Li-Sc-Ru-In-Mg-Zr-Dy-W-Yb-Y-Ho-Re-Be-Rb-La-Sn-Cs-Pb-Pr-Bi-Tm-Sr-Ti-Hf-Ir-Nb-Pd-Hg-Th-Np-Lu-Rh-Pu_2_14_11,phimage_Cu-Mn-Ni-Mo-Fe-Pt-Zn-Ca-Er-Au-Cd-Co-Gd-Na-Sm-Eu-Tb-V-Ag-Nd-U-Ba-Ce-K-Ga-Cr-Al-Li-Sc-Ru-In-Mg-Zr-Dy-W-Yb-Y-Ho-Re-Be-Rb-La-Sn-Cs-Pb-Pr-Bi-Tm-Sr-Ti-Hf-Ir-Nb-Pd-Hg-Th-Np-Lu-Rh-Pu_2_14_12,phimage_Cu-Mn-Ni-Mo-Fe-Pt-Zn-Ca-Er-Au-Cd-Co-Gd-Na-Sm-Eu-Tb-V-Ag-Nd-U-Ba-Ce-K-Ga-Cr-Al-Li-Sc-Ru-In-Mg-Zr-Dy-W-Yb-Y-Ho-Re-Be-Rb-La-Sn-Cs-Pb-Pr-Bi-Tm-Sr-Ti-Hf-Ir-Nb-Pd-Hg-Th-Np-Lu-Rh-Pu_2_14_13,phimage_Cu-Mn-Ni-Mo-Fe-Pt-Zn-Ca-Er-Au-Cd-Co-Gd-Na-Sm-Eu-Tb-V-Ag-Nd-U-Ba-Ce-K-Ga-Cr-Al-Li-Sc-Ru-In-Mg-Zr-Dy-W-Yb-Y-Ho-Re-Be-Rb-La-Sn-Cs-Pb-Pr-Bi-Tm-Sr-Ti-Hf-Ir-Nb-Pd-Hg-Th-Np-Lu-Rh-Pu_2_14_14,phimage_Cu-Mn-Ni-Mo-Fe-Pt-Zn-Ca-Er-Au-Cd-Co-Gd-Na-Sm-Eu-Tb-V-Ag-Nd-U-Ba-Ce-K-Ga-Cr-Al-Li-Sc-Ru-In-Mg-Zr-Dy-W-Yb-Y-Ho-Re-Be-Rb-La-Sn-Cs-Pb-Pr-Bi-Tm-Sr-Ti-Hf-Ir-Nb-Pd-Hg-Th-Np-Lu-Rh-Pu_2_14_15,phimage_Cu-Mn-Ni-Mo-Fe-Pt-Zn-Ca-Er-Au-Cd-Co-Gd-Na-Sm-Eu-Tb-V-Ag-Nd-U-Ba-Ce-K-Ga-Cr-Al-Li-Sc-Ru-In-Mg-Zr-Dy-W-Yb-Y-Ho-Re-Be-Rb-La-Sn-Cs-Pb-Pr-Bi-Tm-Sr-Ti-Hf-Ir-Nb-Pd-Hg-Th-Np-Lu-Rh-Pu_2_14_16,phimage_Cu-Mn-Ni-Mo-Fe-Pt-Zn-Ca-Er-Au-Cd-Co-Gd-Na-Sm-Eu-Tb-V-Ag-Nd-U-Ba-Ce-K-Ga-Cr-Al-Li-Sc-Ru-In-Mg-Zr-Dy-W-Yb-Y-Ho-Re-Be-Rb-La-Sn-Cs-Pb-Pr-Bi-Tm-Sr-Ti-Hf-Ir-Nb-Pd-Hg-Th-Np-Lu-Rh-Pu_2_14_17,phimage_Cu-Mn-Ni-Mo-Fe-Pt-Zn-Ca-Er-Au-Cd-Co-Gd-Na-Sm-Eu-Tb-V-Ag-Nd-U-Ba-Ce-K-Ga-Cr-Al-Li-Sc-Ru-In-Mg-Zr-Dy-W-Yb-Y-Ho-Re-Be-Rb-La-Sn-Cs-Pb-Pr-Bi-Tm-Sr-Ti-Hf-Ir-Nb-Pd-Hg-Th-Np-Lu-Rh-Pu_2_14_18,phimage_Cu-Mn-Ni-Mo-Fe-Pt-Zn-Ca-Er-Au-Cd-Co-Gd-Na-Sm-Eu-Tb-V-Ag-Nd-U-Ba-Ce-K-Ga-Cr-Al-Li-Sc-Ru-In-Mg-Zr-Dy-W-Yb-Y-Ho-Re-Be-Rb-La-Sn-Cs-Pb-Pr-Bi-Tm-Sr-Ti-Hf-Ir-Nb-Pd-Hg-Th-Np-Lu-Rh-Pu_2_14_19,phimage_Cu-Mn-Ni-Mo-Fe-Pt-Zn-Ca-Er-Au-Cd-Co-Gd-Na-Sm-Eu-Tb-V-Ag-Nd-U-Ba-Ce-K-Ga-Cr-Al-Li-Sc-Ru-In-Mg-Zr-Dy-W-Yb-Y-Ho-Re-Be-Rb-La-Sn-Cs-Pb-Pr-Bi-Tm-Sr-Ti-Hf-Ir-Nb-Pd-Hg-Th-Np-Lu-Rh-Pu_2_15_0,phimage_Cu-Mn-Ni-Mo-Fe-Pt-Zn-Ca-Er-Au-Cd-Co-Gd-Na-Sm-Eu-Tb-V-Ag-Nd-U-Ba-Ce-K-Ga-Cr-Al-Li-Sc-Ru-In-Mg-Zr-Dy-W-Yb-Y-Ho-Re-Be-Rb-La-Sn-Cs-Pb-Pr-Bi-Tm-Sr-Ti-Hf-Ir-Nb-Pd-Hg-Th-Np-Lu-Rh-Pu_2_15_1,phimage_Cu-Mn-Ni-Mo-Fe-Pt-Zn-Ca-Er-Au-Cd-Co-Gd-Na-Sm-Eu-Tb-V-Ag-Nd-U-Ba-Ce-K-Ga-Cr-Al-Li-Sc-Ru-In-Mg-Zr-Dy-W-Yb-Y-Ho-Re-Be-Rb-La-Sn-Cs-Pb-Pr-Bi-Tm-Sr-Ti-Hf-Ir-Nb-Pd-Hg-Th-Np-Lu-Rh-Pu_2_15_2,phimage_Cu-Mn-Ni-Mo-Fe-Pt-Zn-Ca-Er-Au-Cd-Co-Gd-Na-Sm-Eu-Tb-V-Ag-Nd-U-Ba-Ce-K-Ga-Cr-Al-Li-Sc-Ru-In-Mg-Zr-Dy-W-Yb-Y-Ho-Re-Be-Rb-La-Sn-Cs-Pb-Pr-Bi-Tm-Sr-Ti-Hf-Ir-Nb-Pd-Hg-Th-Np-Lu-Rh-Pu_2_15_3,phimage_Cu-Mn-Ni-Mo-Fe-Pt-Zn-Ca-Er-Au-Cd-Co-Gd-Na-Sm-Eu-Tb-V-Ag-Nd-U-Ba-Ce-K-Ga-Cr-Al-Li-Sc-Ru-In-Mg-Zr-Dy-W-Yb-Y-Ho-Re-Be-Rb-La-Sn-Cs-Pb-Pr-Bi-Tm-Sr-Ti-Hf-Ir-Nb-Pd-Hg-Th-Np-Lu-Rh-Pu_2_15_4,phimage_Cu-Mn-Ni-Mo-Fe-Pt-Zn-Ca-Er-Au-Cd-Co-Gd-Na-Sm-Eu-Tb-V-Ag-Nd-U-Ba-Ce-K-Ga-Cr-Al-Li-Sc-Ru-In-Mg-Zr-Dy-W-Yb-Y-Ho-Re-Be-Rb-La-Sn-Cs-Pb-Pr-Bi-Tm-Sr-Ti-Hf-Ir-Nb-Pd-Hg-Th-Np-Lu-Rh-Pu_2_15_5,phimage_Cu-Mn-Ni-Mo-Fe-Pt-Zn-Ca-Er-Au-Cd-Co-Gd-Na-Sm-Eu-Tb-V-Ag-Nd-U-Ba-Ce-K-Ga-Cr-Al-Li-Sc-Ru-In-Mg-Zr-Dy-W-Yb-Y-Ho-Re-Be-Rb-La-Sn-Cs-Pb-Pr-Bi-Tm-Sr-Ti-Hf-Ir-Nb-Pd-Hg-Th-Np-Lu-Rh-Pu_2_15_6,phimage_Cu-Mn-Ni-Mo-Fe-Pt-Zn-Ca-Er-Au-Cd-Co-Gd-Na-Sm-Eu-Tb-V-Ag-Nd-U-Ba-Ce-K-Ga-Cr-Al-Li-Sc-Ru-In-Mg-Zr-Dy-W-Yb-Y-Ho-Re-Be-Rb-La-Sn-Cs-Pb-Pr-Bi-Tm-Sr-Ti-Hf-Ir-Nb-Pd-Hg-Th-Np-Lu-Rh-Pu_2_15_7,phimage_Cu-Mn-Ni-Mo-Fe-Pt-Zn-Ca-Er-Au-Cd-Co-Gd-Na-Sm-Eu-Tb-V-Ag-Nd-U-Ba-Ce-K-Ga-Cr-Al-Li-Sc-Ru-In-Mg-Zr-Dy-W-Yb-Y-Ho-Re-Be-Rb-La-Sn-Cs-Pb-Pr-Bi-Tm-Sr-Ti-Hf-Ir-Nb-Pd-Hg-Th-Np-Lu-Rh-Pu_2_15_8,phimage_Cu-Mn-Ni-Mo-Fe-Pt-Zn-Ca-Er-Au-Cd-Co-Gd-Na-Sm-Eu-Tb-V-Ag-Nd-U-Ba-Ce-K-Ga-Cr-Al-Li-Sc-Ru-In-Mg-Zr-Dy-W-Yb-Y-Ho-Re-Be-Rb-La-Sn-Cs-Pb-Pr-Bi-Tm-Sr-Ti-Hf-Ir-Nb-Pd-Hg-Th-Np-Lu-Rh-Pu_2_15_9,phimage_Cu-Mn-Ni-Mo-Fe-Pt-Zn-Ca-Er-Au-Cd-Co-Gd-Na-Sm-Eu-Tb-V-Ag-Nd-U-Ba-Ce-K-Ga-Cr-Al-Li-Sc-Ru-In-Mg-Zr-Dy-W-Yb-Y-Ho-Re-Be-Rb-La-Sn-Cs-Pb-Pr-Bi-Tm-Sr-Ti-Hf-Ir-Nb-Pd-Hg-Th-Np-Lu-Rh-Pu_2_15_10,phimage_Cu-Mn-Ni-Mo-Fe-Pt-Zn-Ca-Er-Au-Cd-Co-Gd-Na-Sm-Eu-Tb-V-Ag-Nd-U-Ba-Ce-K-Ga-Cr-Al-Li-Sc-Ru-In-Mg-Zr-Dy-W-Yb-Y-Ho-Re-Be-Rb-La-Sn-Cs-Pb-Pr-Bi-Tm-Sr-Ti-Hf-Ir-Nb-Pd-Hg-Th-Np-Lu-Rh-Pu_2_15_11,phimage_Cu-Mn-Ni-Mo-Fe-Pt-Zn-Ca-Er-Au-Cd-Co-Gd-Na-Sm-Eu-Tb-V-Ag-Nd-U-Ba-Ce-K-Ga-Cr-Al-Li-Sc-Ru-In-Mg-Zr-Dy-W-Yb-Y-Ho-Re-Be-Rb-La-Sn-Cs-Pb-Pr-Bi-Tm-Sr-Ti-Hf-Ir-Nb-Pd-Hg-Th-Np-Lu-Rh-Pu_2_15_12,phimage_Cu-Mn-Ni-Mo-Fe-Pt-Zn-Ca-Er-Au-Cd-Co-Gd-Na-Sm-Eu-Tb-V-Ag-Nd-U-Ba-Ce-K-Ga-Cr-Al-Li-Sc-Ru-In-Mg-Zr-Dy-W-Yb-Y-Ho-Re-Be-Rb-La-Sn-Cs-Pb-Pr-Bi-Tm-Sr-Ti-Hf-Ir-Nb-Pd-Hg-Th-Np-Lu-Rh-Pu_2_15_13,phimage_Cu-Mn-Ni-Mo-Fe-Pt-Zn-Ca-Er-Au-Cd-Co-Gd-Na-Sm-Eu-Tb-V-Ag-Nd-U-Ba-Ce-K-Ga-Cr-Al-Li-Sc-Ru-In-Mg-Zr-Dy-W-Yb-Y-Ho-Re-Be-Rb-La-Sn-Cs-Pb-Pr-Bi-Tm-Sr-Ti-Hf-Ir-Nb-Pd-Hg-Th-Np-Lu-Rh-Pu_2_15_14,phimage_Cu-Mn-Ni-Mo-Fe-Pt-Zn-Ca-Er-Au-Cd-Co-Gd-Na-Sm-Eu-Tb-V-Ag-Nd-U-Ba-Ce-K-Ga-Cr-Al-Li-Sc-Ru-In-Mg-Zr-Dy-W-Yb-Y-Ho-Re-Be-Rb-La-Sn-Cs-Pb-Pr-Bi-Tm-Sr-Ti-Hf-Ir-Nb-Pd-Hg-Th-Np-Lu-Rh-Pu_2_15_15,phimage_Cu-Mn-Ni-Mo-Fe-Pt-Zn-Ca-Er-Au-Cd-Co-Gd-Na-Sm-Eu-Tb-V-Ag-Nd-U-Ba-Ce-K-Ga-Cr-Al-Li-Sc-Ru-In-Mg-Zr-Dy-W-Yb-Y-Ho-Re-Be-Rb-La-Sn-Cs-Pb-Pr-Bi-Tm-Sr-Ti-Hf-Ir-Nb-Pd-Hg-Th-Np-Lu-Rh-Pu_2_15_16,phimage_Cu-Mn-Ni-Mo-Fe-Pt-Zn-Ca-Er-Au-Cd-Co-Gd-Na-Sm-Eu-Tb-V-Ag-Nd-U-Ba-Ce-K-Ga-Cr-Al-Li-Sc-Ru-In-Mg-Zr-Dy-W-Yb-Y-Ho-Re-Be-Rb-La-Sn-Cs-Pb-Pr-Bi-Tm-Sr-Ti-Hf-Ir-Nb-Pd-Hg-Th-Np-Lu-Rh-Pu_2_15_17,phimage_Cu-Mn-Ni-Mo-Fe-Pt-Zn-Ca-Er-Au-Cd-Co-Gd-Na-Sm-Eu-Tb-V-Ag-Nd-U-Ba-Ce-K-Ga-Cr-Al-Li-Sc-Ru-In-Mg-Zr-Dy-W-Yb-Y-Ho-Re-Be-Rb-La-Sn-Cs-Pb-Pr-Bi-Tm-Sr-Ti-Hf-Ir-Nb-Pd-Hg-Th-Np-Lu-Rh-Pu_2_15_18,phimage_Cu-Mn-Ni-Mo-Fe-Pt-Zn-Ca-Er-Au-Cd-Co-Gd-Na-Sm-Eu-Tb-V-Ag-Nd-U-Ba-Ce-K-Ga-Cr-Al-Li-Sc-Ru-In-Mg-Zr-Dy-W-Yb-Y-Ho-Re-Be-Rb-La-Sn-Cs-Pb-Pr-Bi-Tm-Sr-Ti-Hf-Ir-Nb-Pd-Hg-Th-Np-Lu-Rh-Pu_2_15_19,phimage_Cu-Mn-Ni-Mo-Fe-Pt-Zn-Ca-Er-Au-Cd-Co-Gd-Na-Sm-Eu-Tb-V-Ag-Nd-U-Ba-Ce-K-Ga-Cr-Al-Li-Sc-Ru-In-Mg-Zr-Dy-W-Yb-Y-Ho-Re-Be-Rb-La-Sn-Cs-Pb-Pr-Bi-Tm-Sr-Ti-Hf-Ir-Nb-Pd-Hg-Th-Np-Lu-Rh-Pu_2_16_0,phimage_Cu-Mn-Ni-Mo-Fe-Pt-Zn-Ca-Er-Au-Cd-Co-Gd-Na-Sm-Eu-Tb-V-Ag-Nd-U-Ba-Ce-K-Ga-Cr-Al-Li-Sc-Ru-In-Mg-Zr-Dy-W-Yb-Y-Ho-Re-Be-Rb-La-Sn-Cs-Pb-Pr-Bi-Tm-Sr-Ti-Hf-Ir-Nb-Pd-Hg-Th-Np-Lu-Rh-Pu_2_16_1,phimage_Cu-Mn-Ni-Mo-Fe-Pt-Zn-Ca-Er-Au-Cd-Co-Gd-Na-Sm-Eu-Tb-V-Ag-Nd-U-Ba-Ce-K-Ga-Cr-Al-Li-Sc-Ru-In-Mg-Zr-Dy-W-Yb-Y-Ho-Re-Be-Rb-La-Sn-Cs-Pb-Pr-Bi-Tm-Sr-Ti-Hf-Ir-Nb-Pd-Hg-Th-Np-Lu-Rh-Pu_2_16_2,phimage_Cu-Mn-Ni-Mo-Fe-Pt-Zn-Ca-Er-Au-Cd-Co-Gd-Na-Sm-Eu-Tb-V-Ag-Nd-U-Ba-Ce-K-Ga-Cr-Al-Li-Sc-Ru-In-Mg-Zr-Dy-W-Yb-Y-Ho-Re-Be-Rb-La-Sn-Cs-Pb-Pr-Bi-Tm-Sr-Ti-Hf-Ir-Nb-Pd-Hg-Th-Np-Lu-Rh-Pu_2_16_3,phimage_Cu-Mn-Ni-Mo-Fe-Pt-Zn-Ca-Er-Au-Cd-Co-Gd-Na-Sm-Eu-Tb-V-Ag-Nd-U-Ba-Ce-K-Ga-Cr-Al-Li-Sc-Ru-In-Mg-Zr-Dy-W-Yb-Y-Ho-Re-Be-Rb-La-Sn-Cs-Pb-Pr-Bi-Tm-Sr-Ti-Hf-Ir-Nb-Pd-Hg-Th-Np-Lu-Rh-Pu_2_16_4,phimage_Cu-Mn-Ni-Mo-Fe-Pt-Zn-Ca-Er-Au-Cd-Co-Gd-Na-Sm-Eu-Tb-V-Ag-Nd-U-Ba-Ce-K-Ga-Cr-Al-Li-Sc-Ru-In-Mg-Zr-Dy-W-Yb-Y-Ho-Re-Be-Rb-La-Sn-Cs-Pb-Pr-Bi-Tm-Sr-Ti-Hf-Ir-Nb-Pd-Hg-Th-Np-Lu-Rh-Pu_2_16_5,phimage_Cu-Mn-Ni-Mo-Fe-Pt-Zn-Ca-Er-Au-Cd-Co-Gd-Na-Sm-Eu-Tb-V-Ag-Nd-U-Ba-Ce-K-Ga-Cr-Al-Li-Sc-Ru-In-Mg-Zr-Dy-W-Yb-Y-Ho-Re-Be-Rb-La-Sn-Cs-Pb-Pr-Bi-Tm-Sr-Ti-Hf-Ir-Nb-Pd-Hg-Th-Np-Lu-Rh-Pu_2_16_6,phimage_Cu-Mn-Ni-Mo-Fe-Pt-Zn-Ca-Er-Au-Cd-Co-Gd-Na-Sm-Eu-Tb-V-Ag-Nd-U-Ba-Ce-K-Ga-Cr-Al-Li-Sc-Ru-In-Mg-Zr-Dy-W-Yb-Y-Ho-Re-Be-Rb-La-Sn-Cs-Pb-Pr-Bi-Tm-Sr-Ti-Hf-Ir-Nb-Pd-Hg-Th-Np-Lu-Rh-Pu_2_16_7,phimage_Cu-Mn-Ni-Mo-Fe-Pt-Zn-Ca-Er-Au-Cd-Co-Gd-Na-Sm-Eu-Tb-V-Ag-Nd-U-Ba-Ce-K-Ga-Cr-Al-Li-Sc-Ru-In-Mg-Zr-Dy-W-Yb-Y-Ho-Re-Be-Rb-La-Sn-Cs-Pb-Pr-Bi-Tm-Sr-Ti-Hf-Ir-Nb-Pd-Hg-Th-Np-Lu-Rh-Pu_2_16_8,phimage_Cu-Mn-Ni-Mo-Fe-Pt-Zn-Ca-Er-Au-Cd-Co-Gd-Na-Sm-Eu-Tb-V-Ag-Nd-U-Ba-Ce-K-Ga-Cr-Al-Li-Sc-Ru-In-Mg-Zr-Dy-W-Yb-Y-Ho-Re-Be-Rb-La-Sn-Cs-Pb-Pr-Bi-Tm-Sr-Ti-Hf-Ir-Nb-Pd-Hg-Th-Np-Lu-Rh-Pu_2_16_9,phimage_Cu-Mn-Ni-Mo-Fe-Pt-Zn-Ca-Er-Au-Cd-Co-Gd-Na-Sm-Eu-Tb-V-Ag-Nd-U-Ba-Ce-K-Ga-Cr-Al-Li-Sc-Ru-In-Mg-Zr-Dy-W-Yb-Y-Ho-Re-Be-Rb-La-Sn-Cs-Pb-Pr-Bi-Tm-Sr-Ti-Hf-Ir-Nb-Pd-Hg-Th-Np-Lu-Rh-Pu_2_16_10,phimage_Cu-Mn-Ni-Mo-Fe-Pt-Zn-Ca-Er-Au-Cd-Co-Gd-Na-Sm-Eu-Tb-V-Ag-Nd-U-Ba-Ce-K-Ga-Cr-Al-Li-Sc-Ru-In-Mg-Zr-Dy-W-Yb-Y-Ho-Re-Be-Rb-La-Sn-Cs-Pb-Pr-Bi-Tm-Sr-Ti-Hf-Ir-Nb-Pd-Hg-Th-Np-Lu-Rh-Pu_2_16_11,phimage_Cu-Mn-Ni-Mo-Fe-Pt-Zn-Ca-Er-Au-Cd-Co-Gd-Na-Sm-Eu-Tb-V-Ag-Nd-U-Ba-Ce-K-Ga-Cr-Al-Li-Sc-Ru-In-Mg-Zr-Dy-W-Yb-Y-Ho-Re-Be-Rb-La-Sn-Cs-Pb-Pr-Bi-Tm-Sr-Ti-Hf-Ir-Nb-Pd-Hg-Th-Np-Lu-Rh-Pu_2_16_12,phimage_Cu-Mn-Ni-Mo-Fe-Pt-Zn-Ca-Er-Au-Cd-Co-Gd-Na-Sm-Eu-Tb-V-Ag-Nd-U-Ba-Ce-K-Ga-Cr-Al-Li-Sc-Ru-In-Mg-Zr-Dy-W-Yb-Y-Ho-Re-Be-Rb-La-Sn-Cs-Pb-Pr-Bi-Tm-Sr-Ti-Hf-Ir-Nb-Pd-Hg-Th-Np-Lu-Rh-Pu_2_16_13,phimage_Cu-Mn-Ni-Mo-Fe-Pt-Zn-Ca-Er-Au-Cd-Co-Gd-Na-Sm-Eu-Tb-V-Ag-Nd-U-Ba-Ce-K-Ga-Cr-Al-Li-Sc-Ru-In-Mg-Zr-Dy-W-Yb-Y-Ho-Re-Be-Rb-La-Sn-Cs-Pb-Pr-Bi-Tm-Sr-Ti-Hf-Ir-Nb-Pd-Hg-Th-Np-Lu-Rh-Pu_2_16_14,phimage_Cu-Mn-Ni-Mo-Fe-Pt-Zn-Ca-Er-Au-Cd-Co-Gd-Na-Sm-Eu-Tb-V-Ag-Nd-U-Ba-Ce-K-Ga-Cr-Al-Li-Sc-Ru-In-Mg-Zr-Dy-W-Yb-Y-Ho-Re-Be-Rb-La-Sn-Cs-Pb-Pr-Bi-Tm-Sr-Ti-Hf-Ir-Nb-Pd-Hg-Th-Np-Lu-Rh-Pu_2_16_15,phimage_Cu-Mn-Ni-Mo-Fe-Pt-Zn-Ca-Er-Au-Cd-Co-Gd-Na-Sm-Eu-Tb-V-Ag-Nd-U-Ba-Ce-K-Ga-Cr-Al-Li-Sc-Ru-In-Mg-Zr-Dy-W-Yb-Y-Ho-Re-Be-Rb-La-Sn-Cs-Pb-Pr-Bi-Tm-Sr-Ti-Hf-Ir-Nb-Pd-Hg-Th-Np-Lu-Rh-Pu_2_16_16,phimage_Cu-Mn-Ni-Mo-Fe-Pt-Zn-Ca-Er-Au-Cd-Co-Gd-Na-Sm-Eu-Tb-V-Ag-Nd-U-Ba-Ce-K-Ga-Cr-Al-Li-Sc-Ru-In-Mg-Zr-Dy-W-Yb-Y-Ho-Re-Be-Rb-La-Sn-Cs-Pb-Pr-Bi-Tm-Sr-Ti-Hf-Ir-Nb-Pd-Hg-Th-Np-Lu-Rh-Pu_2_16_17,phimage_Cu-Mn-Ni-Mo-Fe-Pt-Zn-Ca-Er-Au-Cd-Co-Gd-Na-Sm-Eu-Tb-V-Ag-Nd-U-Ba-Ce-K-Ga-Cr-Al-Li-Sc-Ru-In-Mg-Zr-Dy-W-Yb-Y-Ho-Re-Be-Rb-La-Sn-Cs-Pb-Pr-Bi-Tm-Sr-Ti-Hf-Ir-Nb-Pd-Hg-Th-Np-Lu-Rh-Pu_2_16_18,phimage_Cu-Mn-Ni-Mo-Fe-Pt-Zn-Ca-Er-Au-Cd-Co-Gd-Na-Sm-Eu-Tb-V-Ag-Nd-U-Ba-Ce-K-Ga-Cr-Al-Li-Sc-Ru-In-Mg-Zr-Dy-W-Yb-Y-Ho-Re-Be-Rb-La-Sn-Cs-Pb-Pr-Bi-Tm-Sr-Ti-Hf-Ir-Nb-Pd-Hg-Th-Np-Lu-Rh-Pu_2_16_19,phimage_Cu-Mn-Ni-Mo-Fe-Pt-Zn-Ca-Er-Au-Cd-Co-Gd-Na-Sm-Eu-Tb-V-Ag-Nd-U-Ba-Ce-K-Ga-Cr-Al-Li-Sc-Ru-In-Mg-Zr-Dy-W-Yb-Y-Ho-Re-Be-Rb-La-Sn-Cs-Pb-Pr-Bi-Tm-Sr-Ti-Hf-Ir-Nb-Pd-Hg-Th-Np-Lu-Rh-Pu_2_17_0,phimage_Cu-Mn-Ni-Mo-Fe-Pt-Zn-Ca-Er-Au-Cd-Co-Gd-Na-Sm-Eu-Tb-V-Ag-Nd-U-Ba-Ce-K-Ga-Cr-Al-Li-Sc-Ru-In-Mg-Zr-Dy-W-Yb-Y-Ho-Re-Be-Rb-La-Sn-Cs-Pb-Pr-Bi-Tm-Sr-Ti-Hf-Ir-Nb-Pd-Hg-Th-Np-Lu-Rh-Pu_2_17_1,phimage_Cu-Mn-Ni-Mo-Fe-Pt-Zn-Ca-Er-Au-Cd-Co-Gd-Na-Sm-Eu-Tb-V-Ag-Nd-U-Ba-Ce-K-Ga-Cr-Al-Li-Sc-Ru-In-Mg-Zr-Dy-W-Yb-Y-Ho-Re-Be-Rb-La-Sn-Cs-Pb-Pr-Bi-Tm-Sr-Ti-Hf-Ir-Nb-Pd-Hg-Th-Np-Lu-Rh-Pu_2_17_2,phimage_Cu-Mn-Ni-Mo-Fe-Pt-Zn-Ca-Er-Au-Cd-Co-Gd-Na-Sm-Eu-Tb-V-Ag-Nd-U-Ba-Ce-K-Ga-Cr-Al-Li-Sc-Ru-In-Mg-Zr-Dy-W-Yb-Y-Ho-Re-Be-Rb-La-Sn-Cs-Pb-Pr-Bi-Tm-Sr-Ti-Hf-Ir-Nb-Pd-Hg-Th-Np-Lu-Rh-Pu_2_17_3,phimage_Cu-Mn-Ni-Mo-Fe-Pt-Zn-Ca-Er-Au-Cd-Co-Gd-Na-Sm-Eu-Tb-V-Ag-Nd-U-Ba-Ce-K-Ga-Cr-Al-Li-Sc-Ru-In-Mg-Zr-Dy-W-Yb-Y-Ho-Re-Be-Rb-La-Sn-Cs-Pb-Pr-Bi-Tm-Sr-Ti-Hf-Ir-Nb-Pd-Hg-Th-Np-Lu-Rh-Pu_2_17_4,phimage_Cu-Mn-Ni-Mo-Fe-Pt-Zn-Ca-Er-Au-Cd-Co-Gd-Na-Sm-Eu-Tb-V-Ag-Nd-U-Ba-Ce-K-Ga-Cr-Al-Li-Sc-Ru-In-Mg-Zr-Dy-W-Yb-Y-Ho-Re-Be-Rb-La-Sn-Cs-Pb-Pr-Bi-Tm-Sr-Ti-Hf-Ir-Nb-Pd-Hg-Th-Np-Lu-Rh-Pu_2_17_5,phimage_Cu-Mn-Ni-Mo-Fe-Pt-Zn-Ca-Er-Au-Cd-Co-Gd-Na-Sm-Eu-Tb-V-Ag-Nd-U-Ba-Ce-K-Ga-Cr-Al-Li-Sc-Ru-In-Mg-Zr-Dy-W-Yb-Y-Ho-Re-Be-Rb-La-Sn-Cs-Pb-Pr-Bi-Tm-Sr-Ti-Hf-Ir-Nb-Pd-Hg-Th-Np-Lu-Rh-Pu_2_17_6,phimage_Cu-Mn-Ni-Mo-Fe-Pt-Zn-Ca-Er-Au-Cd-Co-Gd-Na-Sm-Eu-Tb-V-Ag-Nd-U-Ba-Ce-K-Ga-Cr-Al-Li-Sc-Ru-In-Mg-Zr-Dy-W-Yb-Y-Ho-Re-Be-Rb-La-Sn-Cs-Pb-Pr-Bi-Tm-Sr-Ti-Hf-Ir-Nb-Pd-Hg-Th-Np-Lu-Rh-Pu_2_17_7,phimage_Cu-Mn-Ni-Mo-Fe-Pt-Zn-Ca-Er-Au-Cd-Co-Gd-Na-Sm-Eu-Tb-V-Ag-Nd-U-Ba-Ce-K-Ga-Cr-Al-Li-Sc-Ru-In-Mg-Zr-Dy-W-Yb-Y-Ho-Re-Be-Rb-La-Sn-Cs-Pb-Pr-Bi-Tm-Sr-Ti-Hf-Ir-Nb-Pd-Hg-Th-Np-Lu-Rh-Pu_2_17_8,phimage_Cu-Mn-Ni-Mo-Fe-Pt-Zn-Ca-Er-Au-Cd-Co-Gd-Na-Sm-Eu-Tb-V-Ag-Nd-U-Ba-Ce-K-Ga-Cr-Al-Li-Sc-Ru-In-Mg-Zr-Dy-W-Yb-Y-Ho-Re-Be-Rb-La-Sn-Cs-Pb-Pr-Bi-Tm-Sr-Ti-Hf-Ir-Nb-Pd-Hg-Th-Np-Lu-Rh-Pu_2_17_9,phimage_Cu-Mn-Ni-Mo-Fe-Pt-Zn-Ca-Er-Au-Cd-Co-Gd-Na-Sm-Eu-Tb-V-Ag-Nd-U-Ba-Ce-K-Ga-Cr-Al-Li-Sc-Ru-In-Mg-Zr-Dy-W-Yb-Y-Ho-Re-Be-Rb-La-Sn-Cs-Pb-Pr-Bi-Tm-Sr-Ti-Hf-Ir-Nb-Pd-Hg-Th-Np-Lu-Rh-Pu_2_17_10,phimage_Cu-Mn-Ni-Mo-Fe-Pt-Zn-Ca-Er-Au-Cd-Co-Gd-Na-Sm-Eu-Tb-V-Ag-Nd-U-Ba-Ce-K-Ga-Cr-Al-Li-Sc-Ru-In-Mg-Zr-Dy-W-Yb-Y-Ho-Re-Be-Rb-La-Sn-Cs-Pb-Pr-Bi-Tm-Sr-Ti-Hf-Ir-Nb-Pd-Hg-Th-Np-Lu-Rh-Pu_2_17_11,phimage_Cu-Mn-Ni-Mo-Fe-Pt-Zn-Ca-Er-Au-Cd-Co-Gd-Na-Sm-Eu-Tb-V-Ag-Nd-U-Ba-Ce-K-Ga-Cr-Al-Li-Sc-Ru-In-Mg-Zr-Dy-W-Yb-Y-Ho-Re-Be-Rb-La-Sn-Cs-Pb-Pr-Bi-Tm-Sr-Ti-Hf-Ir-Nb-Pd-Hg-Th-Np-Lu-Rh-Pu_2_17_12,phimage_Cu-Mn-Ni-Mo-Fe-Pt-Zn-Ca-Er-Au-Cd-Co-Gd-Na-Sm-Eu-Tb-V-Ag-Nd-U-Ba-Ce-K-Ga-Cr-Al-Li-Sc-Ru-In-Mg-Zr-Dy-W-Yb-Y-Ho-Re-Be-Rb-La-Sn-Cs-Pb-Pr-Bi-Tm-Sr-Ti-Hf-Ir-Nb-Pd-Hg-Th-Np-Lu-Rh-Pu_2_17_13,phimage_Cu-Mn-Ni-Mo-Fe-Pt-Zn-Ca-Er-Au-Cd-Co-Gd-Na-Sm-Eu-Tb-V-Ag-Nd-U-Ba-Ce-K-Ga-Cr-Al-Li-Sc-Ru-In-Mg-Zr-Dy-W-Yb-Y-Ho-Re-Be-Rb-La-Sn-Cs-Pb-Pr-Bi-Tm-Sr-Ti-Hf-Ir-Nb-Pd-Hg-Th-Np-Lu-Rh-Pu_2_17_14,phimage_Cu-Mn-Ni-Mo-Fe-Pt-Zn-Ca-Er-Au-Cd-Co-Gd-Na-Sm-Eu-Tb-V-Ag-Nd-U-Ba-Ce-K-Ga-Cr-Al-Li-Sc-Ru-In-Mg-Zr-Dy-W-Yb-Y-Ho-Re-Be-Rb-La-Sn-Cs-Pb-Pr-Bi-Tm-Sr-Ti-Hf-Ir-Nb-Pd-Hg-Th-Np-Lu-Rh-Pu_2_17_15,phimage_Cu-Mn-Ni-Mo-Fe-Pt-Zn-Ca-Er-Au-Cd-Co-Gd-Na-Sm-Eu-Tb-V-Ag-Nd-U-Ba-Ce-K-Ga-Cr-Al-Li-Sc-Ru-In-Mg-Zr-Dy-W-Yb-Y-Ho-Re-Be-Rb-La-Sn-Cs-Pb-Pr-Bi-Tm-Sr-Ti-Hf-Ir-Nb-Pd-Hg-Th-Np-Lu-Rh-Pu_2_17_16,phimage_Cu-Mn-Ni-Mo-Fe-Pt-Zn-Ca-Er-Au-Cd-Co-Gd-Na-Sm-Eu-Tb-V-Ag-Nd-U-Ba-Ce-K-Ga-Cr-Al-Li-Sc-Ru-In-Mg-Zr-Dy-W-Yb-Y-Ho-Re-Be-Rb-La-Sn-Cs-Pb-Pr-Bi-Tm-Sr-Ti-Hf-Ir-Nb-Pd-Hg-Th-Np-Lu-Rh-Pu_2_17_17,phimage_Cu-Mn-Ni-Mo-Fe-Pt-Zn-Ca-Er-Au-Cd-Co-Gd-Na-Sm-Eu-Tb-V-Ag-Nd-U-Ba-Ce-K-Ga-Cr-Al-Li-Sc-Ru-In-Mg-Zr-Dy-W-Yb-Y-Ho-Re-Be-Rb-La-Sn-Cs-Pb-Pr-Bi-Tm-Sr-Ti-Hf-Ir-Nb-Pd-Hg-Th-Np-Lu-Rh-Pu_2_17_18,phimage_Cu-Mn-Ni-Mo-Fe-Pt-Zn-Ca-Er-Au-Cd-Co-Gd-Na-Sm-Eu-Tb-V-Ag-Nd-U-Ba-Ce-K-Ga-Cr-Al-Li-Sc-Ru-In-Mg-Zr-Dy-W-Yb-Y-Ho-Re-Be-Rb-La-Sn-Cs-Pb-Pr-Bi-Tm-Sr-Ti-Hf-Ir-Nb-Pd-Hg-Th-Np-Lu-Rh-Pu_2_17_19,phimage_Cu-Mn-Ni-Mo-Fe-Pt-Zn-Ca-Er-Au-Cd-Co-Gd-Na-Sm-Eu-Tb-V-Ag-Nd-U-Ba-Ce-K-Ga-Cr-Al-Li-Sc-Ru-In-Mg-Zr-Dy-W-Yb-Y-Ho-Re-Be-Rb-La-Sn-Cs-Pb-Pr-Bi-Tm-Sr-Ti-Hf-Ir-Nb-Pd-Hg-Th-Np-Lu-Rh-Pu_2_18_0,phimage_Cu-Mn-Ni-Mo-Fe-Pt-Zn-Ca-Er-Au-Cd-Co-Gd-Na-Sm-Eu-Tb-V-Ag-Nd-U-Ba-Ce-K-Ga-Cr-Al-Li-Sc-Ru-In-Mg-Zr-Dy-W-Yb-Y-Ho-Re-Be-Rb-La-Sn-Cs-Pb-Pr-Bi-Tm-Sr-Ti-Hf-Ir-Nb-Pd-Hg-Th-Np-Lu-Rh-Pu_2_18_1,phimage_Cu-Mn-Ni-Mo-Fe-Pt-Zn-Ca-Er-Au-Cd-Co-Gd-Na-Sm-Eu-Tb-V-Ag-Nd-U-Ba-Ce-K-Ga-Cr-Al-Li-Sc-Ru-In-Mg-Zr-Dy-W-Yb-Y-Ho-Re-Be-Rb-La-Sn-Cs-Pb-Pr-Bi-Tm-Sr-Ti-Hf-Ir-Nb-Pd-Hg-Th-Np-Lu-Rh-Pu_2_18_2,phimage_Cu-Mn-Ni-Mo-Fe-Pt-Zn-Ca-Er-Au-Cd-Co-Gd-Na-Sm-Eu-Tb-V-Ag-Nd-U-Ba-Ce-K-Ga-Cr-Al-Li-Sc-Ru-In-Mg-Zr-Dy-W-Yb-Y-Ho-Re-Be-Rb-La-Sn-Cs-Pb-Pr-Bi-Tm-Sr-Ti-Hf-Ir-Nb-Pd-Hg-Th-Np-Lu-Rh-Pu_2_18_3,phimage_Cu-Mn-Ni-Mo-Fe-Pt-Zn-Ca-Er-Au-Cd-Co-Gd-Na-Sm-Eu-Tb-V-Ag-Nd-U-Ba-Ce-K-Ga-Cr-Al-Li-Sc-Ru-In-Mg-Zr-Dy-W-Yb-Y-Ho-Re-Be-Rb-La-Sn-Cs-Pb-Pr-Bi-Tm-Sr-Ti-Hf-Ir-Nb-Pd-Hg-Th-Np-Lu-Rh-Pu_2_18_4,phimage_Cu-Mn-Ni-Mo-Fe-Pt-Zn-Ca-Er-Au-Cd-Co-Gd-Na-Sm-Eu-Tb-V-Ag-Nd-U-Ba-Ce-K-Ga-Cr-Al-Li-Sc-Ru-In-Mg-Zr-Dy-W-Yb-Y-Ho-Re-Be-Rb-La-Sn-Cs-Pb-Pr-Bi-Tm-Sr-Ti-Hf-Ir-Nb-Pd-Hg-Th-Np-Lu-Rh-Pu_2_18_5,phimage_Cu-Mn-Ni-Mo-Fe-Pt-Zn-Ca-Er-Au-Cd-Co-Gd-Na-Sm-Eu-Tb-V-Ag-Nd-U-Ba-Ce-K-Ga-Cr-Al-Li-Sc-Ru-In-Mg-Zr-Dy-W-Yb-Y-Ho-Re-Be-Rb-La-Sn-Cs-Pb-Pr-Bi-Tm-Sr-Ti-Hf-Ir-Nb-Pd-Hg-Th-Np-Lu-Rh-Pu_2_18_6,phimage_Cu-Mn-Ni-Mo-Fe-Pt-Zn-Ca-Er-Au-Cd-Co-Gd-Na-Sm-Eu-Tb-V-Ag-Nd-U-Ba-Ce-K-Ga-Cr-Al-Li-Sc-Ru-In-Mg-Zr-Dy-W-Yb-Y-Ho-Re-Be-Rb-La-Sn-Cs-Pb-Pr-Bi-Tm-Sr-Ti-Hf-Ir-Nb-Pd-Hg-Th-Np-Lu-Rh-Pu_2_18_7,phimage_Cu-Mn-Ni-Mo-Fe-Pt-Zn-Ca-Er-Au-Cd-Co-Gd-Na-Sm-Eu-Tb-V-Ag-Nd-U-Ba-Ce-K-Ga-Cr-Al-Li-Sc-Ru-In-Mg-Zr-Dy-W-Yb-Y-Ho-Re-Be-Rb-La-Sn-Cs-Pb-Pr-Bi-Tm-Sr-Ti-Hf-Ir-Nb-Pd-Hg-Th-Np-Lu-Rh-Pu_2_18_8,phimage_Cu-Mn-Ni-Mo-Fe-Pt-Zn-Ca-Er-Au-Cd-Co-Gd-Na-Sm-Eu-Tb-V-Ag-Nd-U-Ba-Ce-K-Ga-Cr-Al-Li-Sc-Ru-In-Mg-Zr-Dy-W-Yb-Y-Ho-Re-Be-Rb-La-Sn-Cs-Pb-Pr-Bi-Tm-Sr-Ti-Hf-Ir-Nb-Pd-Hg-Th-Np-Lu-Rh-Pu_2_18_9,phimage_Cu-Mn-Ni-Mo-Fe-Pt-Zn-Ca-Er-Au-Cd-Co-Gd-Na-Sm-Eu-Tb-V-Ag-Nd-U-Ba-Ce-K-Ga-Cr-Al-Li-Sc-Ru-In-Mg-Zr-Dy-W-Yb-Y-Ho-Re-Be-Rb-La-Sn-Cs-Pb-Pr-Bi-Tm-Sr-Ti-Hf-Ir-Nb-Pd-Hg-Th-Np-Lu-Rh-Pu_2_18_10,phimage_Cu-Mn-Ni-Mo-Fe-Pt-Zn-Ca-Er-Au-Cd-Co-Gd-Na-Sm-Eu-Tb-V-Ag-Nd-U-Ba-Ce-K-Ga-Cr-Al-Li-Sc-Ru-In-Mg-Zr-Dy-W-Yb-Y-Ho-Re-Be-Rb-La-Sn-Cs-Pb-Pr-Bi-Tm-Sr-Ti-Hf-Ir-Nb-Pd-Hg-Th-Np-Lu-Rh-Pu_2_18_11,phimage_Cu-Mn-Ni-Mo-Fe-Pt-Zn-Ca-Er-Au-Cd-Co-Gd-Na-Sm-Eu-Tb-V-Ag-Nd-U-Ba-Ce-K-Ga-Cr-Al-Li-Sc-Ru-In-Mg-Zr-Dy-W-Yb-Y-Ho-Re-Be-Rb-La-Sn-Cs-Pb-Pr-Bi-Tm-Sr-Ti-Hf-Ir-Nb-Pd-Hg-Th-Np-Lu-Rh-Pu_2_18_12,phimage_Cu-Mn-Ni-Mo-Fe-Pt-Zn-Ca-Er-Au-Cd-Co-Gd-Na-Sm-Eu-Tb-V-Ag-Nd-U-Ba-Ce-K-Ga-Cr-Al-Li-Sc-Ru-In-Mg-Zr-Dy-W-Yb-Y-Ho-Re-Be-Rb-La-Sn-Cs-Pb-Pr-Bi-Tm-Sr-Ti-Hf-Ir-Nb-Pd-Hg-Th-Np-Lu-Rh-Pu_2_18_13,phimage_Cu-Mn-Ni-Mo-Fe-Pt-Zn-Ca-Er-Au-Cd-Co-Gd-Na-Sm-Eu-Tb-V-Ag-Nd-U-Ba-Ce-K-Ga-Cr-Al-Li-Sc-Ru-In-Mg-Zr-Dy-W-Yb-Y-Ho-Re-Be-Rb-La-Sn-Cs-Pb-Pr-Bi-Tm-Sr-Ti-Hf-Ir-Nb-Pd-Hg-Th-Np-Lu-Rh-Pu_2_18_14,phimage_Cu-Mn-Ni-Mo-Fe-Pt-Zn-Ca-Er-Au-Cd-Co-Gd-Na-Sm-Eu-Tb-V-Ag-Nd-U-Ba-Ce-K-Ga-Cr-Al-Li-Sc-Ru-In-Mg-Zr-Dy-W-Yb-Y-Ho-Re-Be-Rb-La-Sn-Cs-Pb-Pr-Bi-Tm-Sr-Ti-Hf-Ir-Nb-Pd-Hg-Th-Np-Lu-Rh-Pu_2_18_15,phimage_Cu-Mn-Ni-Mo-Fe-Pt-Zn-Ca-Er-Au-Cd-Co-Gd-Na-Sm-Eu-Tb-V-Ag-Nd-U-Ba-Ce-K-Ga-Cr-Al-Li-Sc-Ru-In-Mg-Zr-Dy-W-Yb-Y-Ho-Re-Be-Rb-La-Sn-Cs-Pb-Pr-Bi-Tm-Sr-Ti-Hf-Ir-Nb-Pd-Hg-Th-Np-Lu-Rh-Pu_2_18_16,phimage_Cu-Mn-Ni-Mo-Fe-Pt-Zn-Ca-Er-Au-Cd-Co-Gd-Na-Sm-Eu-Tb-V-Ag-Nd-U-Ba-Ce-K-Ga-Cr-Al-Li-Sc-Ru-In-Mg-Zr-Dy-W-Yb-Y-Ho-Re-Be-Rb-La-Sn-Cs-Pb-Pr-Bi-Tm-Sr-Ti-Hf-Ir-Nb-Pd-Hg-Th-Np-Lu-Rh-Pu_2_18_17,phimage_Cu-Mn-Ni-Mo-Fe-Pt-Zn-Ca-Er-Au-Cd-Co-Gd-Na-Sm-Eu-Tb-V-Ag-Nd-U-Ba-Ce-K-Ga-Cr-Al-Li-Sc-Ru-In-Mg-Zr-Dy-W-Yb-Y-Ho-Re-Be-Rb-La-Sn-Cs-Pb-Pr-Bi-Tm-Sr-Ti-Hf-Ir-Nb-Pd-Hg-Th-Np-Lu-Rh-Pu_2_18_18,phimage_Cu-Mn-Ni-Mo-Fe-Pt-Zn-Ca-Er-Au-Cd-Co-Gd-Na-Sm-Eu-Tb-V-Ag-Nd-U-Ba-Ce-K-Ga-Cr-Al-Li-Sc-Ru-In-Mg-Zr-Dy-W-Yb-Y-Ho-Re-Be-Rb-La-Sn-Cs-Pb-Pr-Bi-Tm-Sr-Ti-Hf-Ir-Nb-Pd-Hg-Th-Np-Lu-Rh-Pu_2_18_19,phimage_Cu-Mn-Ni-Mo-Fe-Pt-Zn-Ca-Er-Au-Cd-Co-Gd-Na-Sm-Eu-Tb-V-Ag-Nd-U-Ba-Ce-K-Ga-Cr-Al-Li-Sc-Ru-In-Mg-Zr-Dy-W-Yb-Y-Ho-Re-Be-Rb-La-Sn-Cs-Pb-Pr-Bi-Tm-Sr-Ti-Hf-Ir-Nb-Pd-Hg-Th-Np-Lu-Rh-Pu_2_19_0,phimage_Cu-Mn-Ni-Mo-Fe-Pt-Zn-Ca-Er-Au-Cd-Co-Gd-Na-Sm-Eu-Tb-V-Ag-Nd-U-Ba-Ce-K-Ga-Cr-Al-Li-Sc-Ru-In-Mg-Zr-Dy-W-Yb-Y-Ho-Re-Be-Rb-La-Sn-Cs-Pb-Pr-Bi-Tm-Sr-Ti-Hf-Ir-Nb-Pd-Hg-Th-Np-Lu-Rh-Pu_2_19_1,phimage_Cu-Mn-Ni-Mo-Fe-Pt-Zn-Ca-Er-Au-Cd-Co-Gd-Na-Sm-Eu-Tb-V-Ag-Nd-U-Ba-Ce-K-Ga-Cr-Al-Li-Sc-Ru-In-Mg-Zr-Dy-W-Yb-Y-Ho-Re-Be-Rb-La-Sn-Cs-Pb-Pr-Bi-Tm-Sr-Ti-Hf-Ir-Nb-Pd-Hg-Th-Np-Lu-Rh-Pu_2_19_2,phimage_Cu-Mn-Ni-Mo-Fe-Pt-Zn-Ca-Er-Au-Cd-Co-Gd-Na-Sm-Eu-Tb-V-Ag-Nd-U-Ba-Ce-K-Ga-Cr-Al-Li-Sc-Ru-In-Mg-Zr-Dy-W-Yb-Y-Ho-Re-Be-Rb-La-Sn-Cs-Pb-Pr-Bi-Tm-Sr-Ti-Hf-Ir-Nb-Pd-Hg-Th-Np-Lu-Rh-Pu_2_19_3,phimage_Cu-Mn-Ni-Mo-Fe-Pt-Zn-Ca-Er-Au-Cd-Co-Gd-Na-Sm-Eu-Tb-V-Ag-Nd-U-Ba-Ce-K-Ga-Cr-Al-Li-Sc-Ru-In-Mg-Zr-Dy-W-Yb-Y-Ho-Re-Be-Rb-La-Sn-Cs-Pb-Pr-Bi-Tm-Sr-Ti-Hf-Ir-Nb-Pd-Hg-Th-Np-Lu-Rh-Pu_2_19_4,phimage_Cu-Mn-Ni-Mo-Fe-Pt-Zn-Ca-Er-Au-Cd-Co-Gd-Na-Sm-Eu-Tb-V-Ag-Nd-U-Ba-Ce-K-Ga-Cr-Al-Li-Sc-Ru-In-Mg-Zr-Dy-W-Yb-Y-Ho-Re-Be-Rb-La-Sn-Cs-Pb-Pr-Bi-Tm-Sr-Ti-Hf-Ir-Nb-Pd-Hg-Th-Np-Lu-Rh-Pu_2_19_5,phimage_Cu-Mn-Ni-Mo-Fe-Pt-Zn-Ca-Er-Au-Cd-Co-Gd-Na-Sm-Eu-Tb-V-Ag-Nd-U-Ba-Ce-K-Ga-Cr-Al-Li-Sc-Ru-In-Mg-Zr-Dy-W-Yb-Y-Ho-Re-Be-Rb-La-Sn-Cs-Pb-Pr-Bi-Tm-Sr-Ti-Hf-Ir-Nb-Pd-Hg-Th-Np-Lu-Rh-Pu_2_19_6,phimage_Cu-Mn-Ni-Mo-Fe-Pt-Zn-Ca-Er-Au-Cd-Co-Gd-Na-Sm-Eu-Tb-V-Ag-Nd-U-Ba-Ce-K-Ga-Cr-Al-Li-Sc-Ru-In-Mg-Zr-Dy-W-Yb-Y-Ho-Re-Be-Rb-La-Sn-Cs-Pb-Pr-Bi-Tm-Sr-Ti-Hf-Ir-Nb-Pd-Hg-Th-Np-Lu-Rh-Pu_2_19_7,phimage_Cu-Mn-Ni-Mo-Fe-Pt-Zn-Ca-Er-Au-Cd-Co-Gd-Na-Sm-Eu-Tb-V-Ag-Nd-U-Ba-Ce-K-Ga-Cr-Al-Li-Sc-Ru-In-Mg-Zr-Dy-W-Yb-Y-Ho-Re-Be-Rb-La-Sn-Cs-Pb-Pr-Bi-Tm-Sr-Ti-Hf-Ir-Nb-Pd-Hg-Th-Np-Lu-Rh-Pu_2_19_8,phimage_Cu-Mn-Ni-Mo-Fe-Pt-Zn-Ca-Er-Au-Cd-Co-Gd-Na-Sm-Eu-Tb-V-Ag-Nd-U-Ba-Ce-K-Ga-Cr-Al-Li-Sc-Ru-In-Mg-Zr-Dy-W-Yb-Y-Ho-Re-Be-Rb-La-Sn-Cs-Pb-Pr-Bi-Tm-Sr-Ti-Hf-Ir-Nb-Pd-Hg-Th-Np-Lu-Rh-Pu_2_19_9,phimage_Cu-Mn-Ni-Mo-Fe-Pt-Zn-Ca-Er-Au-Cd-Co-Gd-Na-Sm-Eu-Tb-V-Ag-Nd-U-Ba-Ce-K-Ga-Cr-Al-Li-Sc-Ru-In-Mg-Zr-Dy-W-Yb-Y-Ho-Re-Be-Rb-La-Sn-Cs-Pb-Pr-Bi-Tm-Sr-Ti-Hf-Ir-Nb-Pd-Hg-Th-Np-Lu-Rh-Pu_2_19_10,phimage_Cu-Mn-Ni-Mo-Fe-Pt-Zn-Ca-Er-Au-Cd-Co-Gd-Na-Sm-Eu-Tb-V-Ag-Nd-U-Ba-Ce-K-Ga-Cr-Al-Li-Sc-Ru-In-Mg-Zr-Dy-W-Yb-Y-Ho-Re-Be-Rb-La-Sn-Cs-Pb-Pr-Bi-Tm-Sr-Ti-Hf-Ir-Nb-Pd-Hg-Th-Np-Lu-Rh-Pu_2_19_11,phimage_Cu-Mn-Ni-Mo-Fe-Pt-Zn-Ca-Er-Au-Cd-Co-Gd-Na-Sm-Eu-Tb-V-Ag-Nd-U-Ba-Ce-K-Ga-Cr-Al-Li-Sc-Ru-In-Mg-Zr-Dy-W-Yb-Y-Ho-Re-Be-Rb-La-Sn-Cs-Pb-Pr-Bi-Tm-Sr-Ti-Hf-Ir-Nb-Pd-Hg-Th-Np-Lu-Rh-Pu_2_19_12,phimage_Cu-Mn-Ni-Mo-Fe-Pt-Zn-Ca-Er-Au-Cd-Co-Gd-Na-Sm-Eu-Tb-V-Ag-Nd-U-Ba-Ce-K-Ga-Cr-Al-Li-Sc-Ru-In-Mg-Zr-Dy-W-Yb-Y-Ho-Re-Be-Rb-La-Sn-Cs-Pb-Pr-Bi-Tm-Sr-Ti-Hf-Ir-Nb-Pd-Hg-Th-Np-Lu-Rh-Pu_2_19_13,phimage_Cu-Mn-Ni-Mo-Fe-Pt-Zn-Ca-Er-Au-Cd-Co-Gd-Na-Sm-Eu-Tb-V-Ag-Nd-U-Ba-Ce-K-Ga-Cr-Al-Li-Sc-Ru-In-Mg-Zr-Dy-W-Yb-Y-Ho-Re-Be-Rb-La-Sn-Cs-Pb-Pr-Bi-Tm-Sr-Ti-Hf-Ir-Nb-Pd-Hg-Th-Np-Lu-Rh-Pu_2_19_14,phimage_Cu-Mn-Ni-Mo-Fe-Pt-Zn-Ca-Er-Au-Cd-Co-Gd-Na-Sm-Eu-Tb-V-Ag-Nd-U-Ba-Ce-K-Ga-Cr-Al-Li-Sc-Ru-In-Mg-Zr-Dy-W-Yb-Y-Ho-Re-Be-Rb-La-Sn-Cs-Pb-Pr-Bi-Tm-Sr-Ti-Hf-Ir-Nb-Pd-Hg-Th-Np-Lu-Rh-Pu_2_19_15,phimage_Cu-Mn-Ni-Mo-Fe-Pt-Zn-Ca-Er-Au-Cd-Co-Gd-Na-Sm-Eu-Tb-V-Ag-Nd-U-Ba-Ce-K-Ga-Cr-Al-Li-Sc-Ru-In-Mg-Zr-Dy-W-Yb-Y-Ho-Re-Be-Rb-La-Sn-Cs-Pb-Pr-Bi-Tm-Sr-Ti-Hf-Ir-Nb-Pd-Hg-Th-Np-Lu-Rh-Pu_2_19_16,phimage_Cu-Mn-Ni-Mo-Fe-Pt-Zn-Ca-Er-Au-Cd-Co-Gd-Na-Sm-Eu-Tb-V-Ag-Nd-U-Ba-Ce-K-Ga-Cr-Al-Li-Sc-Ru-In-Mg-Zr-Dy-W-Yb-Y-Ho-Re-Be-Rb-La-Sn-Cs-Pb-Pr-Bi-Tm-Sr-Ti-Hf-Ir-Nb-Pd-Hg-Th-Np-Lu-Rh-Pu_2_19_17,phimage_Cu-Mn-Ni-Mo-Fe-Pt-Zn-Ca-Er-Au-Cd-Co-Gd-Na-Sm-Eu-Tb-V-Ag-Nd-U-Ba-Ce-K-Ga-Cr-Al-Li-Sc-Ru-In-Mg-Zr-Dy-W-Yb-Y-Ho-Re-Be-Rb-La-Sn-Cs-Pb-Pr-Bi-Tm-Sr-Ti-Hf-Ir-Nb-Pd-Hg-Th-Np-Lu-Rh-Pu_2_19_18,phimage_Cu-Mn-Ni-Mo-Fe-Pt-Zn-Ca-Er-Au-Cd-Co-Gd-Na-Sm-Eu-Tb-V-Ag-Nd-U-Ba-Ce-K-Ga-Cr-Al-Li-Sc-Ru-In-Mg-Zr-Dy-W-Yb-Y-Ho-Re-Be-Rb-La-Sn-Cs-Pb-Pr-Bi-Tm-Sr-Ti-Hf-Ir-Nb-Pd-Hg-Th-Np-Lu-Rh-Pu_2_19_19,phimage_all_0_0_0,phimage_all_0_0_1,phimage_all_0_0_2,phimage_all_0_0_3,phimage_all_0_0_4,phimage_all_0_0_5,phimage_all_0_0_6,phimage_all_0_0_7,phimage_all_0_0_8,phimage_all_0_0_9,phimage_all_0_0_10,phimage_all_0_0_11,phimage_all_0_0_12,phimage_all_0_0_13,phimage_all_0_0_14,phimage_all_0_0_15,phimage_all_0_0_16,phimage_all_0_0_17,phimage_all_0_0_18,phimage_all_0_0_19,phimage_all_0_1_0,phimage_all_0_1_1,phimage_all_0_1_2,phimage_all_0_1_3,phimage_all_0_1_4,phimage_all_0_1_5,phimage_all_0_1_6,phimage_all_0_1_7,phimage_all_0_1_8,phimage_all_0_1_9,phimage_all_0_1_10,phimage_all_0_1_11,phimage_all_0_1_12,phimage_all_0_1_13,phimage_all_0_1_14,phimage_all_0_1_15,phimage_all_0_1_16,phimage_all_0_1_17,phimage_all_0_1_18,phimage_all_0_1_19,phimage_all_0_2_0,phimage_all_0_2_1,phimage_all_0_2_2,phimage_all_0_2_3,phimage_all_0_2_4,phimage_all_0_2_5,phimage_all_0_2_6,phimage_all_0_2_7,phimage_all_0_2_8,phimage_all_0_2_9,phimage_all_0_2_10,phimage_all_0_2_11,phimage_all_0_2_12,phimage_all_0_2_13,phimage_all_0_2_14,phimage_all_0_2_15,phimage_all_0_2_16,phimage_all_0_2_17,phimage_all_0_2_18,phimage_all_0_2_19,phimage_all_0_3_0,phimage_all_0_3_1,phimage_all_0_3_2,phimage_all_0_3_3,phimage_all_0_3_4,phimage_all_0_3_5,phimage_all_0_3_6,phimage_all_0_3_7,phimage_all_0_3_8,phimage_all_0_3_9,phimage_all_0_3_10,phimage_all_0_3_11,phimage_all_0_3_12,phimage_all_0_3_13,phimage_all_0_3_14,phimage_all_0_3_15,phimage_all_0_3_16,phimage_all_0_3_17,phimage_all_0_3_18,phimage_all_0_3_19,phimage_all_0_4_0,phimage_all_0_4_1,phimage_all_0_4_2,phimage_all_0_4_3,phimage_all_0_4_4,phimage_all_0_4_5,phimage_all_0_4_6,phimage_all_0_4_7,phimage_all_0_4_8,phimage_all_0_4_9,phimage_all_0_4_10,phimage_all_0_4_11,phimage_all_0_4_12,phimage_all_0_4_13,phimage_all_0_4_14,phimage_all_0_4_15,phimage_all_0_4_16,phimage_all_0_4_17,phimage_all_0_4_18,phimage_all_0_4_19,phimage_all_0_5_0,phimage_all_0_5_1,phimage_all_0_5_2,phimage_all_0_5_3,phimage_all_0_5_4,phimage_all_0_5_5,phimage_all_0_5_6,phimage_all_0_5_7,phimage_all_0_5_8,phimage_all_0_5_9,phimage_all_0_5_10,phimage_all_0_5_11,phimage_all_0_5_12,phimage_all_0_5_13,phimage_all_0_5_14,phimage_all_0_5_15,phimage_all_0_5_16,phimage_all_0_5_17,phimage_all_0_5_18,phimage_all_0_5_19,phimage_all_0_6_0,phimage_all_0_6_1,phimage_all_0_6_2,phimage_all_0_6_3,phimage_all_0_6_4,phimage_all_0_6_5,phimage_all_0_6_6,phimage_all_0_6_7,phimage_all_0_6_8,phimage_all_0_6_9,phimage_all_0_6_10,phimage_all_0_6_11,phimage_all_0_6_12,phimage_all_0_6_13,phimage_all_0_6_14,phimage_all_0_6_15,phimage_all_0_6_16,phimage_all_0_6_17,phimage_all_0_6_18,phimage_all_0_6_19,phimage_all_0_7_0,phimage_all_0_7_1,phimage_all_0_7_2,phimage_all_0_7_3,phimage_all_0_7_4,phimage_all_0_7_5,phimage_all_0_7_6,phimage_all_0_7_7,phimage_all_0_7_8,phimage_all_0_7_9,phimage_all_0_7_10,phimage_all_0_7_11,phimage_all_0_7_12,phimage_all_0_7_13,phimage_all_0_7_14,phimage_all_0_7_15,phimage_all_0_7_16,phimage_all_0_7_17,phimage_all_0_7_18,phimage_all_0_7_19,phimage_all_0_8_0,phimage_all_0_8_1,phimage_all_0_8_2,phimage_all_0_8_3,phimage_all_0_8_4,phimage_all_0_8_5,phimage_all_0_8_6,phimage_all_0_8_7,phimage_all_0_8_8,phimage_all_0_8_9,phimage_all_0_8_10,phimage_all_0_8_11,phimage_all_0_8_12,phimage_all_0_8_13,phimage_all_0_8_14,phimage_all_0_8_15,phimage_all_0_8_16,phimage_all_0_8_17,phimage_all_0_8_18,phimage_all_0_8_19,phimage_all_0_9_0,phimage_all_0_9_1,phimage_all_0_9_2,phimage_all_0_9_3,phimage_all_0_9_4,phimage_all_0_9_5,phimage_all_0_9_6,phimage_all_0_9_7,phimage_all_0_9_8,phimage_all_0_9_9,phimage_all_0_9_10,phimage_all_0_9_11,phimage_all_0_9_12,phimage_all_0_9_13,phimage_all_0_9_14,phimage_all_0_9_15,phimage_all_0_9_16,phimage_all_0_9_17,phimage_all_0_9_18,phimage_all_0_9_19,phimage_all_0_10_0,phimage_all_0_10_1,phimage_all_0_10_2,phimage_all_0_10_3,phimage_all_0_10_4,phimage_all_0_10_5,phimage_all_0_10_6,phimage_all_0_10_7,phimage_all_0_10_8,phimage_all_0_10_9,phimage_all_0_10_10,phimage_all_0_10_11,phimage_all_0_10_12,phimage_all_0_10_13,phimage_all_0_10_14,phimage_all_0_10_15,phimage_all_0_10_16,phimage_all_0_10_17,phimage_all_0_10_18,phimage_all_0_10_19,phimage_all_0_11_0,phimage_all_0_11_1,phimage_all_0_11_2,phimage_all_0_11_3,phimage_all_0_11_4,phimage_all_0_11_5,phimage_all_0_11_6,phimage_all_0_11_7,phimage_all_0_11_8,phimage_all_0_11_9,phimage_all_0_11_10,phimage_all_0_11_11,phimage_all_0_11_12,phimage_all_0_11_13,phimage_all_0_11_14,phimage_all_0_11_15,phimage_all_0_11_16,phimage_all_0_11_17,phimage_all_0_11_18,phimage_all_0_11_19,phimage_all_0_12_0,phimage_all_0_12_1,phimage_all_0_12_2,phimage_all_0_12_3,phimage_all_0_12_4,phimage_all_0_12_5,phimage_all_0_12_6,phimage_all_0_12_7,phimage_all_0_12_8,phimage_all_0_12_9,phimage_all_0_12_10,phimage_all_0_12_11,phimage_all_0_12_12,phimage_all_0_12_13,phimage_all_0_12_14,phimage_all_0_12_15,phimage_all_0_12_16,phimage_all_0_12_17,phimage_all_0_12_18,phimage_all_0_12_19,phimage_all_0_13_0,phimage_all_0_13_1,phimage_all_0_13_2,phimage_all_0_13_3,phimage_all_0_13_4,phimage_all_0_13_5,phimage_all_0_13_6,phimage_all_0_13_7,phimage_all_0_13_8,phimage_all_0_13_9,phimage_all_0_13_10,phimage_all_0_13_11,phimage_all_0_13_12,phimage_all_0_13_13,phimage_all_0_13_14,phimage_all_0_13_15,phimage_all_0_13_16,phimage_all_0_13_17,phimage_all_0_13_18,phimage_all_0_13_19,phimage_all_0_14_0,phimage_all_0_14_1,phimage_all_0_14_2,phimage_all_0_14_3,phimage_all_0_14_4,phimage_all_0_14_5,phimage_all_0_14_6,phimage_all_0_14_7,phimage_all_0_14_8,phimage_all_0_14_9,phimage_all_0_14_10,phimage_all_0_14_11,phimage_all_0_14_12,phimage_all_0_14_13,phimage_all_0_14_14,phimage_all_0_14_15,phimage_all_0_14_16,phimage_all_0_14_17,phimage_all_0_14_18,phimage_all_0_14_19,phimage_all_0_15_0,phimage_all_0_15_1,phimage_all_0_15_2,phimage_all_0_15_3,phimage_all_0_15_4,phimage_all_0_15_5,phimage_all_0_15_6,phimage_all_0_15_7,phimage_all_0_15_8,phimage_all_0_15_9,phimage_all_0_15_10,phimage_all_0_15_11,phimage_all_0_15_12,phimage_all_0_15_13,phimage_all_0_15_14,phimage_all_0_15_15,phimage_all_0_15_16,phimage_all_0_15_17,phimage_all_0_15_18,phimage_all_0_15_19,phimage_all_0_16_0,phimage_all_0_16_1,phimage_all_0_16_2,phimage_all_0_16_3,phimage_all_0_16_4,phimage_all_0_16_5,phimage_all_0_16_6,phimage_all_0_16_7,phimage_all_0_16_8,phimage_all_0_16_9,phimage_all_0_16_10,phimage_all_0_16_11,phimage_all_0_16_12,phimage_all_0_16_13,phimage_all_0_16_14,phimage_all_0_16_15,phimage_all_0_16_16,phimage_all_0_16_17,phimage_all_0_16_18,phimage_all_0_16_19,phimage_all_0_17_0,phimage_all_0_17_1,phimage_all_0_17_2,phimage_all_0_17_3,phimage_all_0_17_4,phimage_all_0_17_5,phimage_all_0_17_6,phimage_all_0_17_7,phimage_all_0_17_8,phimage_all_0_17_9,phimage_all_0_17_10,phimage_all_0_17_11,phimage_all_0_17_12,phimage_all_0_17_13,phimage_all_0_17_14,phimage_all_0_17_15,phimage_all_0_17_16,phimage_all_0_17_17,phimage_all_0_17_18,phimage_all_0_17_19,phimage_all_0_18_0,phimage_all_0_18_1,phimage_all_0_18_2,phimage_all_0_18_3,phimage_all_0_18_4,phimage_all_0_18_5,phimage_all_0_18_6,phimage_all_0_18_7,phimage_all_0_18_8,phimage_all_0_18_9,phimage_all_0_18_10,phimage_all_0_18_11,phimage_all_0_18_12,phimage_all_0_18_13,phimage_all_0_18_14,phimage_all_0_18_15,phimage_all_0_18_16,phimage_all_0_18_17,phimage_all_0_18_18,phimage_all_0_18_19,phimage_all_0_19_0,phimage_all_0_19_1,phimage_all_0_19_2,phimage_all_0_19_3,phimage_all_0_19_4,phimage_all_0_19_5,phimage_all_0_19_6,phimage_all_0_19_7,phimage_all_0_19_8,phimage_all_0_19_9,phimage_all_0_19_10,phimage_all_0_19_11,phimage_all_0_19_12,phimage_all_0_19_13,phimage_all_0_19_14,phimage_all_0_19_15,phimage_all_0_19_16,phimage_all_0_19_17,phimage_all_0_19_18,phimage_all_0_19_19,phimage_all_1_0_0,phimage_all_1_0_1,phimage_all_1_0_2,phimage_all_1_0_3,phimage_all_1_0_4,phimage_all_1_0_5,phimage_all_1_0_6,phimage_all_1_0_7,phimage_all_1_0_8,phimage_all_1_0_9,phimage_all_1_0_10,phimage_all_1_0_11,phimage_all_1_0_12,phimage_all_1_0_13,phimage_all_1_0_14,phimage_all_1_0_15,phimage_all_1_0_16,phimage_all_1_0_17,phimage_all_1_0_18,phimage_all_1_0_19,phimage_all_1_1_0,phimage_all_1_1_1,phimage_all_1_1_2,phimage_all_1_1_3,phimage_all_1_1_4,phimage_all_1_1_5,phimage_all_1_1_6,phimage_all_1_1_7,phimage_all_1_1_8,phimage_all_1_1_9,phimage_all_1_1_10,phimage_all_1_1_11,phimage_all_1_1_12,phimage_all_1_1_13,phimage_all_1_1_14,phimage_all_1_1_15,phimage_all_1_1_16,phimage_all_1_1_17,phimage_all_1_1_18,phimage_all_1_1_19,phimage_all_1_2_0,phimage_all_1_2_1,phimage_all_1_2_2,phimage_all_1_2_3,phimage_all_1_2_4,phimage_all_1_2_5,phimage_all_1_2_6,phimage_all_1_2_7,phimage_all_1_2_8,phimage_all_1_2_9,phimage_all_1_2_10,phimage_all_1_2_11,phimage_all_1_2_12,phimage_all_1_2_13,phimage_all_1_2_14,phimage_all_1_2_15,phimage_all_1_2_16,phimage_all_1_2_17,phimage_all_1_2_18,phimage_all_1_2_19,phimage_all_1_3_0,phimage_all_1_3_1,phimage_all_1_3_2,phimage_all_1_3_3,phimage_all_1_3_4,phimage_all_1_3_5,phimage_all_1_3_6,phimage_all_1_3_7,phimage_all_1_3_8,phimage_all_1_3_9,phimage_all_1_3_10,phimage_all_1_3_11,phimage_all_1_3_12,phimage_all_1_3_13,phimage_all_1_3_14,phimage_all_1_3_15,phimage_all_1_3_16,phimage_all_1_3_17,phimage_all_1_3_18,phimage_all_1_3_19,phimage_all_1_4_0,phimage_all_1_4_1,phimage_all_1_4_2,phimage_all_1_4_3,phimage_all_1_4_4,phimage_all_1_4_5,phimage_all_1_4_6,phimage_all_1_4_7,phimage_all_1_4_8,phimage_all_1_4_9,phimage_all_1_4_10,phimage_all_1_4_11,phimage_all_1_4_12,phimage_all_1_4_13,phimage_all_1_4_14,phimage_all_1_4_15,phimage_all_1_4_16,phimage_all_1_4_17,phimage_all_1_4_18,phimage_all_1_4_19,phimage_all_1_5_0,phimage_all_1_5_1,phimage_all_1_5_2,phimage_all_1_5_3,phimage_all_1_5_4,phimage_all_1_5_5,phimage_all_1_5_6,phimage_all_1_5_7,phimage_all_1_5_8,phimage_all_1_5_9,phimage_all_1_5_10,phimage_all_1_5_11,phimage_all_1_5_12,phimage_all_1_5_13,phimage_all_1_5_14,phimage_all_1_5_15,phimage_all_1_5_16,phimage_all_1_5_17,phimage_all_1_5_18,phimage_all_1_5_19,phimage_all_1_6_0,phimage_all_1_6_1,phimage_all_1_6_2,phimage_all_1_6_3,phimage_all_1_6_4,phimage_all_1_6_5,phimage_all_1_6_6,phimage_all_1_6_7,phimage_all_1_6_8,phimage_all_1_6_9,phimage_all_1_6_10,phimage_all_1_6_11,phimage_all_1_6_12,phimage_all_1_6_13,phimage_all_1_6_14,phimage_all_1_6_15,phimage_all_1_6_16,phimage_all_1_6_17,phimage_all_1_6_18,phimage_all_1_6_19,phimage_all_1_7_0,phimage_all_1_7_1,phimage_all_1_7_2,phimage_all_1_7_3,phimage_all_1_7_4,phimage_all_1_7_5,phimage_all_1_7_6,phimage_all_1_7_7,phimage_all_1_7_8,phimage_all_1_7_9,phimage_all_1_7_10,phimage_all_1_7_11,phimage_all_1_7_12,phimage_all_1_7_13,phimage_all_1_7_14,phimage_all_1_7_15,phimage_all_1_7_16,phimage_all_1_7_17,phimage_all_1_7_18,phimage_all_1_7_19,phimage_all_1_8_0,phimage_all_1_8_1,phimage_all_1_8_2,phimage_all_1_8_3,phimage_all_1_8_4,phimage_all_1_8_5,phimage_all_1_8_6,phimage_all_1_8_7,phimage_all_1_8_8,phimage_all_1_8_9,phimage_all_1_8_10,phimage_all_1_8_11,phimage_all_1_8_12,phimage_all_1_8_13,phimage_all_1_8_14,phimage_all_1_8_15,phimage_all_1_8_16,phimage_all_1_8_17,phimage_all_1_8_18,phimage_all_1_8_19,phimage_all_1_9_0,phimage_all_1_9_1,phimage_all_1_9_2,phimage_all_1_9_3,phimage_all_1_9_4,phimage_all_1_9_5,phimage_all_1_9_6,phimage_all_1_9_7,phimage_all_1_9_8,phimage_all_1_9_9,phimage_all_1_9_10,phimage_all_1_9_11,phimage_all_1_9_12,phimage_all_1_9_13,phimage_all_1_9_14,phimage_all_1_9_15,phimage_all_1_9_16,phimage_all_1_9_17,phimage_all_1_9_18,phimage_all_1_9_19,phimage_all_1_10_0,phimage_all_1_10_1,phimage_all_1_10_2,phimage_all_1_10_3,phimage_all_1_10_4,phimage_all_1_10_5,phimage_all_1_10_6,phimage_all_1_10_7,phimage_all_1_10_8,phimage_all_1_10_9,phimage_all_1_10_10,phimage_all_1_10_11,phimage_all_1_10_12,phimage_all_1_10_13,phimage_all_1_10_14,phimage_all_1_10_15,phimage_all_1_10_16,phimage_all_1_10_17,phimage_all_1_10_18,phimage_all_1_10_19,phimage_all_1_11_0,phimage_all_1_11_1,phimage_all_1_11_2,phimage_all_1_11_3,phimage_all_1_11_4,phimage_all_1_11_5,phimage_all_1_11_6,phimage_all_1_11_7,phimage_all_1_11_8,phimage_all_1_11_9,phimage_all_1_11_10,phimage_all_1_11_11,phimage_all_1_11_12,phimage_all_1_11_13,phimage_all_1_11_14,phimage_all_1_11_15,phimage_all_1_11_16,phimage_all_1_11_17,phimage_all_1_11_18,phimage_all_1_11_19,phimage_all_1_12_0,phimage_all_1_12_1,phimage_all_1_12_2,phimage_all_1_12_3,phimage_all_1_12_4,phimage_all_1_12_5,phimage_all_1_12_6,phimage_all_1_12_7,phimage_all_1_12_8,phimage_all_1_12_9,phimage_all_1_12_10,phimage_all_1_12_11,phimage_all_1_12_12,phimage_all_1_12_13,phimage_all_1_12_14,phimage_all_1_12_15,phimage_all_1_12_16,phimage_all_1_12_17,phimage_all_1_12_18,phimage_all_1_12_19,phimage_all_1_13_0,phimage_all_1_13_1,phimage_all_1_13_2,phimage_all_1_13_3,phimage_all_1_13_4,phimage_all_1_13_5,phimage_all_1_13_6,phimage_all_1_13_7,phimage_all_1_13_8,phimage_all_1_13_9,phimage_all_1_13_10,phimage_all_1_13_11,phimage_all_1_13_12,phimage_all_1_13_13,phimage_all_1_13_14,phimage_all_1_13_15,phimage_all_1_13_16,phimage_all_1_13_17,phimage_all_1_13_18,phimage_all_1_13_19,phimage_all_1_14_0,phimage_all_1_14_1,phimage_all_1_14_2,phimage_all_1_14_3,phimage_all_1_14_4,phimage_all_1_14_5,phimage_all_1_14_6,phimage_all_1_14_7,phimage_all_1_14_8,phimage_all_1_14_9,phimage_all_1_14_10,phimage_all_1_14_11,phimage_all_1_14_12,phimage_all_1_14_13,phimage_all_1_14_14,phimage_all_1_14_15,phimage_all_1_14_16,phimage_all_1_14_17,phimage_all_1_14_18,phimage_all_1_14_19,phimage_all_1_15_0,phimage_all_1_15_1,phimage_all_1_15_2,phimage_all_1_15_3,phimage_all_1_15_4,phimage_all_1_15_5,phimage_all_1_15_6,phimage_all_1_15_7,phimage_all_1_15_8,phimage_all_1_15_9,phimage_all_1_15_10,phimage_all_1_15_11,phimage_all_1_15_12,phimage_all_1_15_13,phimage_all_1_15_14,phimage_all_1_15_15,phimage_all_1_15_16,phimage_all_1_15_17,phimage_all_1_15_18,phimage_all_1_15_19,phimage_all_1_16_0,phimage_all_1_16_1,phimage_all_1_16_2,phimage_all_1_16_3,phimage_all_1_16_4,phimage_all_1_16_5,phimage_all_1_16_6,phimage_all_1_16_7,phimage_all_1_16_8,phimage_all_1_16_9,phimage_all_1_16_10,phimage_all_1_16_11,phimage_all_1_16_12,phimage_all_1_16_13,phimage_all_1_16_14,phimage_all_1_16_15,phimage_all_1_16_16,phimage_all_1_16_17,phimage_all_1_16_18,phimage_all_1_16_19,phimage_all_1_17_0,phimage_all_1_17_1,phimage_all_1_17_2,phimage_all_1_17_3,phimage_all_1_17_4,phimage_all_1_17_5,phimage_all_1_17_6,phimage_all_1_17_7,phimage_all_1_17_8,phimage_all_1_17_9,phimage_all_1_17_10,phimage_all_1_17_11,phimage_all_1_17_12,phimage_all_1_17_13,phimage_all_1_17_14,phimage_all_1_17_15,phimage_all_1_17_16,phimage_all_1_17_17,phimage_all_1_17_18,phimage_all_1_17_19,phimage_all_1_18_0,phimage_all_1_18_1,phimage_all_1_18_2,phimage_all_1_18_3,phimage_all_1_18_4,phimage_all_1_18_5,phimage_all_1_18_6,phimage_all_1_18_7,phimage_all_1_18_8,phimage_all_1_18_9,phimage_all_1_18_10,phimage_all_1_18_11,phimage_all_1_18_12,phimage_all_1_18_13,phimage_all_1_18_14,phimage_all_1_18_15,phimage_all_1_18_16,phimage_all_1_18_17,phimage_all_1_18_18,phimage_all_1_18_19,phimage_all_1_19_0,phimage_all_1_19_1,phimage_all_1_19_2,phimage_all_1_19_3,phimage_all_1_19_4,phimage_all_1_19_5,phimage_all_1_19_6,phimage_all_1_19_7,phimage_all_1_19_8,phimage_all_1_19_9,phimage_all_1_19_10,phimage_all_1_19_11,phimage_all_1_19_12,phimage_all_1_19_13,phimage_all_1_19_14,phimage_all_1_19_15,phimage_all_1_19_16,phimage_all_1_19_17,phimage_all_1_19_18,phimage_all_1_19_19,phimage_all_2_0_0,phimage_all_2_0_1,phimage_all_2_0_2,phimage_all_2_0_3,phimage_all_2_0_4,phimage_all_2_0_5,phimage_all_2_0_6,phimage_all_2_0_7,phimage_all_2_0_8,phimage_all_2_0_9,phimage_all_2_0_10,phimage_all_2_0_11,phimage_all_2_0_12,phimage_all_2_0_13,phimage_all_2_0_14,phimage_all_2_0_15,phimage_all_2_0_16,phimage_all_2_0_17,phimage_all_2_0_18,phimage_all_2_0_19,phimage_all_2_1_0,phimage_all_2_1_1,phimage_all_2_1_2,phimage_all_2_1_3,phimage_all_2_1_4,phimage_all_2_1_5,phimage_all_2_1_6,phimage_all_2_1_7,phimage_all_2_1_8,phimage_all_2_1_9,phimage_all_2_1_10,phimage_all_2_1_11,phimage_all_2_1_12,phimage_all_2_1_13,phimage_all_2_1_14,phimage_all_2_1_15,phimage_all_2_1_16,phimage_all_2_1_17,phimage_all_2_1_18,phimage_all_2_1_19,phimage_all_2_2_0,phimage_all_2_2_1,phimage_all_2_2_2,phimage_all_2_2_3,phimage_all_2_2_4,phimage_all_2_2_5,phimage_all_2_2_6,phimage_all_2_2_7,phimage_all_2_2_8,phimage_all_2_2_9,phimage_all_2_2_10,phimage_all_2_2_11,phimage_all_2_2_12,phimage_all_2_2_13,phimage_all_2_2_14,phimage_all_2_2_15,phimage_all_2_2_16,phimage_all_2_2_17,phimage_all_2_2_18,phimage_all_2_2_19,phimage_all_2_3_0,phimage_all_2_3_1,phimage_all_2_3_2,phimage_all_2_3_3,phimage_all_2_3_4,phimage_all_2_3_5,phimage_all_2_3_6,phimage_all_2_3_7,phimage_all_2_3_8,phimage_all_2_3_9,phimage_all_2_3_10,phimage_all_2_3_11,phimage_all_2_3_12,phimage_all_2_3_13,phimage_all_2_3_14,phimage_all_2_3_15,phimage_all_2_3_16,phimage_all_2_3_17,phimage_all_2_3_18,phimage_all_2_3_19,phimage_all_2_4_0,phimage_all_2_4_1,phimage_all_2_4_2,phimage_all_2_4_3,phimage_all_2_4_4,phimage_all_2_4_5,phimage_all_2_4_6,phimage_all_2_4_7,phimage_all_2_4_8,phimage_all_2_4_9,phimage_all_2_4_10,phimage_all_2_4_11,phimage_all_2_4_12,phimage_all_2_4_13,phimage_all_2_4_14,phimage_all_2_4_15,phimage_all_2_4_16,phimage_all_2_4_17,phimage_all_2_4_18,phimage_all_2_4_19,phimage_all_2_5_0,phimage_all_2_5_1,phimage_all_2_5_2,phimage_all_2_5_3,phimage_all_2_5_4,phimage_all_2_5_5,phimage_all_2_5_6,phimage_all_2_5_7,phimage_all_2_5_8,phimage_all_2_5_9,phimage_all_2_5_10,phimage_all_2_5_11,phimage_all_2_5_12,phimage_all_2_5_13,phimage_all_2_5_14,phimage_all_2_5_15,phimage_all_2_5_16,phimage_all_2_5_17,phimage_all_2_5_18,phimage_all_2_5_19,phimage_all_2_6_0,phimage_all_2_6_1,phimage_all_2_6_2,phimage_all_2_6_3,phimage_all_2_6_4,phimage_all_2_6_5,phimage_all_2_6_6,phimage_all_2_6_7,phimage_all_2_6_8,phimage_all_2_6_9,phimage_all_2_6_10,phimage_all_2_6_11,phimage_all_2_6_12,phimage_all_2_6_13,phimage_all_2_6_14,phimage_all_2_6_15,phimage_all_2_6_16,phimage_all_2_6_17,phimage_all_2_6_18,phimage_all_2_6_19,phimage_all_2_7_0,phimage_all_2_7_1,phimage_all_2_7_2,phimage_all_2_7_3,phimage_all_2_7_4,phimage_all_2_7_5,phimage_all_2_7_6,phimage_all_2_7_7,phimage_all_2_7_8,phimage_all_2_7_9,phimage_all_2_7_10,phimage_all_2_7_11,phimage_all_2_7_12,phimage_all_2_7_13,phimage_all_2_7_14,phimage_all_2_7_15,phimage_all_2_7_16,phimage_all_2_7_17,phimage_all_2_7_18,phimage_all_2_7_19,phimage_all_2_8_0,phimage_all_2_8_1,phimage_all_2_8_2,phimage_all_2_8_3,phimage_all_2_8_4,phimage_all_2_8_5,phimage_all_2_8_6,phimage_all_2_8_7,phimage_all_2_8_8,phimage_all_2_8_9,phimage_all_2_8_10,phimage_all_2_8_11,phimage_all_2_8_12,phimage_all_2_8_13,phimage_all_2_8_14,phimage_all_2_8_15,phimage_all_2_8_16,phimage_all_2_8_17,phimage_all_2_8_18,phimage_all_2_8_19,phimage_all_2_9_0,phimage_all_2_9_1,phimage_all_2_9_2,phimage_all_2_9_3,phimage_all_2_9_4,phimage_all_2_9_5,phimage_all_2_9_6,phimage_all_2_9_7,phimage_all_2_9_8,phimage_all_2_9_9,phimage_all_2_9_10,phimage_all_2_9_11,phimage_all_2_9_12,phimage_all_2_9_13,phimage_all_2_9_14,phimage_all_2_9_15,phimage_all_2_9_16,phimage_all_2_9_17,phimage_all_2_9_18,phimage_all_2_9_19,phimage_all_2_10_0,phimage_all_2_10_1,phimage_all_2_10_2,phimage_all_2_10_3,phimage_all_2_10_4,phimage_all_2_10_5,phimage_all_2_10_6,phimage_all_2_10_7,phimage_all_2_10_8,phimage_all_2_10_9,phimage_all_2_10_10,phimage_all_2_10_11,phimage_all_2_10_12,phimage_all_2_10_13,phimage_all_2_10_14,phimage_all_2_10_15,phimage_all_2_10_16,phimage_all_2_10_17,phimage_all_2_10_18,phimage_all_2_10_19,phimage_all_2_11_0,phimage_all_2_11_1,phimage_all_2_11_2,phimage_all_2_11_3,phimage_all_2_11_4,phimage_all_2_11_5,phimage_all_2_11_6,phimage_all_2_11_7,phimage_all_2_11_8,phimage_all_2_11_9,phimage_all_2_11_10,phimage_all_2_11_11,phimage_all_2_11_12,phimage_all_2_11_13,phimage_all_2_11_14,phimage_all_2_11_15,phimage_all_2_11_16,phimage_all_2_11_17,phimage_all_2_11_18,phimage_all_2_11_19,phimage_all_2_12_0,phimage_all_2_12_1,phimage_all_2_12_2,phimage_all_2_12_3,phimage_all_2_12_4,phimage_all_2_12_5,phimage_all_2_12_6,phimage_all_2_12_7,phimage_all_2_12_8,phimage_all_2_12_9,phimage_all_2_12_10,phimage_all_2_12_11,phimage_all_2_12_12,phimage_all_2_12_13,phimage_all_2_12_14,phimage_all_2_12_15,phimage_all_2_12_16,phimage_all_2_12_17,phimage_all_2_12_18,phimage_all_2_12_19,phimage_all_2_13_0,phimage_all_2_13_1,phimage_all_2_13_2,phimage_all_2_13_3,phimage_all_2_13_4,phimage_all_2_13_5,phimage_all_2_13_6,phimage_all_2_13_7,phimage_all_2_13_8,phimage_all_2_13_9,phimage_all_2_13_10,phimage_all_2_13_11,phimage_all_2_13_12,phimage_all_2_13_13,phimage_all_2_13_14,phimage_all_2_13_15,phimage_all_2_13_16,phimage_all_2_13_17,phimage_all_2_13_18,phimage_all_2_13_19,phimage_all_2_14_0,phimage_all_2_14_1,phimage_all_2_14_2,phimage_all_2_14_3,phimage_all_2_14_4,phimage_all_2_14_5,phimage_all_2_14_6,phimage_all_2_14_7,phimage_all_2_14_8,phimage_all_2_14_9,phimage_all_2_14_10,phimage_all_2_14_11,phimage_all_2_14_12,phimage_all_2_14_13,phimage_all_2_14_14,phimage_all_2_14_15,phimage_all_2_14_16,phimage_all_2_14_17,phimage_all_2_14_18,phimage_all_2_14_19,phimage_all_2_15_0,phimage_all_2_15_1,phimage_all_2_15_2,phimage_all_2_15_3,phimage_all_2_15_4,phimage_all_2_15_5,phimage_all_2_15_6,phimage_all_2_15_7,phimage_all_2_15_8,phimage_all_2_15_9,phimage_all_2_15_10,phimage_all_2_15_11,phimage_all_2_15_12,phimage_all_2_15_13,phimage_all_2_15_14,phimage_all_2_15_15,phimage_all_2_15_16,phimage_all_2_15_17,phimage_all_2_15_18,phimage_all_2_15_19,phimage_all_2_16_0,phimage_all_2_16_1,phimage_all_2_16_2,phimage_all_2_16_3,phimage_all_2_16_4,phimage_all_2_16_5,phimage_all_2_16_6,phimage_all_2_16_7,phimage_all_2_16_8,phimage_all_2_16_9,phimage_all_2_16_10,phimage_all_2_16_11,phimage_all_2_16_12,phimage_all_2_16_13,phimage_all_2_16_14,phimage_all_2_16_15,phimage_all_2_16_16,phimage_all_2_16_17,phimage_all_2_16_18,phimage_all_2_16_19,phimage_all_2_17_0,phimage_all_2_17_1,phimage_all_2_17_2,phimage_all_2_17_3,phimage_all_2_17_4,phimage_all_2_17_5,phimage_all_2_17_6,phimage_all_2_17_7,phimage_all_2_17_8,phimage_all_2_17_9,phimage_all_2_17_10,phimage_all_2_17_11,phimage_all_2_17_12,phimage_all_2_17_13,phimage_all_2_17_14,phimage_all_2_17_15,phimage_all_2_17_16,phimage_all_2_17_17,phimage_all_2_17_18,phimage_all_2_17_19,phimage_all_2_18_0,phimage_all_2_18_1,phimage_all_2_18_2,phimage_all_2_18_3,phimage_all_2_18_4,phimage_all_2_18_5,phimage_all_2_18_6,phimage_all_2_18_7,phimage_all_2_18_8,phimage_all_2_18_9,phimage_all_2_18_10,phimage_all_2_18_11,phimage_all_2_18_12,phimage_all_2_18_13,phimage_all_2_18_14,phimage_all_2_18_15,phimage_all_2_18_16,phimage_all_2_18_17,phimage_all_2_18_18,phimage_all_2_18_19,phimage_all_2_19_0,phimage_all_2_19_1,phimage_all_2_19_2,phimage_all_2_19_3,phimage_all_2_19_4,phimage_all_2_19_5,phimage_all_2_19_6,phimage_all_2_19_7,phimage_all_2_19_8,phimage_all_2_19_9,phimage_all_2_19_10,phimage_all_2_19_11,phimage_all_2_19_12,phimage_all_2_19_13,phimage_all_2_19_14,phimage_all_2_19_15,phimage_all_2_19_16,phimage_all_2_19_17,phimage_all_2_19_18,phimage_all_2_19_19,lsop_cn,lsop_tet,lsop_oct,lsop_bcc,lsop_sq_pyr,lsop_sq_pyr_legacy,lsop_tri_bipyr,lsop_sq_bipyr,lsop_oct_legacy,lsop_tri_plan,lsop_sq_plan,lsop_pent_plan,lsop_tri_pyr,lsop_pent_pyr,lsop_hex_pyr,lsop_pent_bipyr,lsop_hex_bipyr,lsop_T,lsop_cuboct,lsop_oct_max,lsop_tet_max,lsop_tri_plan_max,lsop_sq_plan_max,lsop_pent_plan_max,lsop_cuboct_max,lsop_bent,lsop_see_saw_rect,lsop_hex_plan_max,lsop_sq_face_cap_trig_pris
0,0.0,0.0,0.0,0.0,1.0,4.0,58.5,234.0,0.0,0.0,0.0,0.0,1.0,4.0,98.0,392.0,0.0,0.0,0.0,0.0,1.0,4.0,136.5,546.0,0.880333138515488,3.521332554061952,51.5,206.0,6.819842197545295,27.27936879018118,399.0,1596.0,2.2961574507966263,9.184629803186505,225.0,900.0,10.509111735915859,42.036446943663435,1030.0,4120.0,2.97061191626409,11.88244766505636,405.5,1622.0,12.942914653784218,51.77165861513687,1767.0,7068.0,0.2835651665692577,1.1342606662770307,16.594999999999995,66.37999999999998,6.391436879018118,25.565747516072474,373.89599999999996,1495.5839999999998,0.27121107987087356,1.0848443194834942,26.57999999999999,106.31999999999996,6.742899947932937,26.971599791731748,660.8421,2643.3684,0.37817954911433166,1.5127181964573266,51.624999999999986,206.49999999999994,6.424122987117551,25.696491948470204,876.9485,3507.794,7.050116890707189,28.200467562828756,412.5,1650.0,7903.364552893045,31613.45821157218,462343.0,1849372.0,7.887639279391857,31.55055711756743,773.0,3092.0,8100.739144017494,32402.956576069977,793875.0,3175500.0,9.088325281803543,36.35330112721417,1240.5,4962.0,8309.773107890498,33239.09243156199,1134290.0,4537160.0,0.0,0.0,0.0,0.0,1.0,4.0,6.0,24.0,0.0,0.0,0.0,0.0,1.0,4.0,16.0,64.0,0.0,0.0,0.0,0.0,1.0,4.0,17.5,70.0,1.3142857142857143,5.257142857142857,8.0,32.0,9.542857142857144,38.17142857142858,57.0,228.0,4.436507936507937,17.746031746031747,70.0,280.0,15.246031746031747,60.98412698412699,243.0,972.0,4.238095238095238,16.952380952380953,74.0,296.0,19.333333333333336,77.33333333333334,339.5,1358.0,1.0571428571428574,4.2285714285714295,6.390000000000001,25.560000000000002,7.026514285714285,28.10605714285714,42.19199999999999,168.76799999999997,0.39932539682539686,1.5973015873015874,6.395000000000001,25.580000000000005,9.704619047619046,38.81847619047618,155.44279999999998,621.7711999999999,0.7650000000000001,3.0600000000000005,13.475000000000003,53.90000000000001,8.220333333333333,32.88133333333333,144.242,576.968,10.757142857142856,43.028571428571425,65.5,262.0,7360.971428571429,29443.885714285716,44211.0,176844.0,6.301587301587302,25.20634920634921,101.0,404.0,8437.904761904761,33751.619047619046,135033.0,540132.0,7.916666666666668,31.66666666666667,140.0,560.0,8099.214285714286,32396.857142857145,141846.0,567384.0,0.0,0.0,0.0,0.0,1.0,2.0,1.0,2.0,0.0,0.0,0.0,0.0,1.0,2.0,2.0,4.0,0.0,0.0,0.0,0.0,1.0,2.0,3.0,6.0,2.0,4.0,2.0,4.0,3.0,6.0,3.0,6.0,0.5,1.0,1.0,2.0,5.0,10.0,10.0,20.0,0.6666666666666666,1.3333333333333333,2.0,4.0,11.0,22.0,33.0,66.0,0.8900000000000001,1.7800000000000002,0.8900000000000001,1.7800000000000002,8.771999999999998,17.543999999999997,8.771999999999998,17.543999999999997,0.44500000000000006,0.8900000000000001,0.8900000000000001,1.7800000000000002,10.302799999999998,20.605599999999995,20.605599999999995,41.21119999999999,1.1900000000000002,2.3800000000000003,3.5700000000000003,7.140000000000001,7.739999999999998,15.479999999999997,23.219999999999995,46.43999999999999,10.0,20.0,10.0,20.0,8256.0,16512.0,8256.0,16512.0,5.0,10.0,10.0,20.0,8736.0,17472.0,17472.0,34944.0,14.333333333333334,28.666666666666668,43.0,86.0,7840.0,15680.0,23520.0,47040.0,0.0,0.0,0.0,0.0,1.0,4.0,52.0,208.0,0.0,0.0,0.0,0.0,1.0,4.0,81.0,324.0,0.0,0.0,0.0,0.0,1.0,4.0,117.5,470.0,0.8173076923076923,3.269230769230769,42.5,170.0,6.548076923076923,26.192307692307693,340.5,1362.0,1.9074074074074074,7.62962962962963,154.5,618.0,9.65432098765432,38.61728395061728,782.0,3128.0,2.8125452701723885,11.250181080689554,330.5,1322.0,12.008329711719544,48.033318846878174,1411.0,5644.0,0.18769230769230758,0.7507692307692303,9.759999999999994,39.03999999999998,6.294576923076923,25.17830769230769,327.318,1309.272,0.24370370370370356,0.9748148148148142,19.739999999999988,78.95999999999995,6.112302469135802,24.449209876543208,495.0965,1980.386,0.3094788497754598,1.2379153991018392,36.36499999999999,145.45999999999995,6.136943774445895,24.54777509778358,721.0965000000001,2884.3860000000004,6.576923076923077,26.307692307692307,342.0,1368.0,7961.615384615385,31846.46153846154,414004.0,1656016.0,8.234567901234568,32.93827160493827,667.0,2668.0,8026.0,32104.0,650106.0,2600424.0,9.18296392872664,36.73185571490656,1079.0,4316.0,8346.24844270607,33384.99377082428,980684.0,3922736.0,0.0,0.0,0.0,0.0,1.0,2.0,5.0,10.0,0.0,0.0,0.0,0.0,1.0,2.0,6.0,12.0,0.0,0.0,0.0,0.0,1.0,2.0,11.0,22.0,2.6,5.2,13.0,26.0,12.0,24.0,60.0,120.0,3.0,6.0,18.0,36.0,18.0,36.0,108.0,216.0,8.909090909090908,17.818181818181817,98.0,196.0,23.0,46.0,253.0,506.0,1.6300000000000001,3.2600000000000002,8.15,16.3,5.411999999999999,10.823999999999998,27.059999999999995,54.11999999999999,0.9,1.8,5.4,10.8,4.2075,8.415,25.244999999999997,50.489999999999995,0.8536363636363639,1.7072727272727277,9.390000000000002,18.780000000000005,4.131,8.262,45.440999999999995,90.88199999999999,19.4,38.8,97.0,194.0,6745.2,13490.4,33726.0,67452.0,13.0,26.0,78.0,156.0,6278.0,12556.0,37668.0,75336.0,19.727272727272727,39.45454545454545,217.0,434.0,6769.090909090909,13538.181818181818,74460.0,148920.0,0.7056666741849418,2.6545069641550767,1.6215879950150986,0.3339302567041581,1.2815221636995442,2.748941998266381,1.7219379470123013,0.31657984942909834,4.761527241381458e-07,1.3126201830928073,0.10034995199720285,0.15924245245827479,1.3995042280710455,3.329043982341589,2.010478036819305,0.4375387327773493,1.4001075958731413,3.329086093301549,2.0303968018840504,0.43038635575284273,3.179005635800536e-05,0.13526795839690275,0.019918765064745145,0.028176067641713223,0.7073934059586379,3.249541176906764,2.122624972805971,0.397878599637011,1.3690966981379489,3.617747846336902,2.260421666791891,0.41218926281187784,6.884668295681351e-06,1.4690448613268912,0.13779669398592112,0.2231143704049952,2.0398909833239705,3.7181785849722297,2.5598049788709316,0.5069364349082607,2.040435445723903,3.718196667448443,2.5760331043115587,0.5049952468061367,2.1799254135146384e-07,0.07341133386042475,0.016228125440627187,0.02252220243481413,0.7056666741849418,2.6545069641550767,1.6891358488862862,0.3621955294407184,1.2815221636995442,2.7652616962667986,1.7936799659484302,0.34401173521996375,4.761527241381458e-07,1.3126201830928073,0.10454411706214405,0.18223032553709753,1.3995042280710455,3.329043982341589,2.1962254165174957,0.4619525500597607,1.4001075958731413,3.329086093301549,2.2086538166766143,0.4606135989772582,2.3078390714026398e-06,0.12861333989176416,0.012428400159118667,0.024658040742301702,0.7056666741849418,2.6545069641550767,1.6031260781827281,0.3403796168196545,1.2815221636995442,2.748941998266381,1.7033246933638173,0.32047188363956647,4.761527241381458e-07,1.4190781406378163,0.10019861518108947,0.1686298607935061,1.3995042280710455,3.329043982341589,1.977346985293696,0.4567306829599349,1.4001075958731413,3.329086093301549,1.9936846008899722,0.45115296692270757,3.179005635800536e-05,0.0783107406102046,0.016337615596276174,0.023208781703170464,0.0,0.0,0.0,0.0,0.0,0.5922988571481945,0.0,0.0,0.0,0.0,0.0,0.0,0.2961494285740971,0.0,0.0,0.0,0.0,0.0,0.0,0.0,4.14609200003736,0.8884482857222914,0.2961494285740971,0.0,0.0,0.0,0.0,0.0,0.0,0.0,4.146092000037365,1.4807471428704873,1.18459771429639,0.0,0.0,0.0,0.0,0.0,0.0,0.2961494285740974,9.180632285797001,2.3691954285927745,0.2961494285740968,0.0,0.0,0.0,0.0,0.0,0.0,0.0,5.330689714333754,0.0,0.0,0.0,0.0,0.0,0.0,0.0,0.0,0.0,2.665344857166877,0.2961494285740975,0.2961494285740975,0.0,0.0,0.0,0.0,0.0,0.0,0.0,3.2576437143150643,0.2961494285740968,0.0,0.0,0.0,0.0,0.0,0.0,0.0,0.0,0.5922988571481936,0.2961494285740968,0.0,0.2961494285740968,0.0,0.0,0.0,0.0,0.0,0.0,0.592298857148195,0.0,0.0,0.0,0.0,0.0,0.0,0.0,0.0,0.0,14.739408788315854,0.0,0.0,0.0,0.0,14.73940878831585,0.0,0.0,0.0,0.0,58.95763515326342,7.369704394157927,0.0,22.10911318247379,7.369704394157929,0.0,0.0,0.0,0.0,0.0,44.218226364947625,7.369704394157937,14.739408788315872,7.369704394157937,7.369704394157937,7.369704394157934,0.0,0.0,0.0,7.369704394157941,66.32733954742145,14.739408788315874,7.369704394157936,0.0,0.0,0.0,0.0,0.0,0.0,0.0,22.109113182473738,0.0,0.0,0.0,0.0,0.0,0.0,0.0,0.0,0.0,0.0,0.0,0.0,7.369704394157948,0.0,0.0,0.0,0.0,0.0,0.0,7.369704394157927,0.0,0.0,0.0,0.0,0.0,0.0,0.0,0.0,0.0,7.369704394157927,0.0,0.0,0.0,0.0,0.0,0.0,0.0,0.0,0.0,7.369704394157927,0.0,0.0,0.0,0.0,0.0,0.0,0.0,0.0,0.0,22.109113182473784,0.0,0.0,0.0,0.0,0.0,0.0,0.0,0.0,0.0,0.0,0.0,0.0,0.0,0.38807627626883656,0.0,0.0,0.0,0.0,0.0,0.0,0.3880762762688365,0.0,0.0,0.0,0.0,0.0,0.0,0.0,0.0,0.38807627626883684,0.0,0.0,0.0,0.0,0.0,0.0,0.0,0.0,0.0,0.0,0.0,0.0,0.0,0.0,0.0,0.0,0.0,0.0,0.0,4.656915315226038,1.1642288288065095,0.776152552537673,0.3880762762688365,0.38807627626883634,0.0,0.0,0.0,0.0,0.38807627626883634,8.537678077914403,2.716533933881855,0.0,0.3880762762688365,0.0,0.0,0.0,0.0,0.0,0.0,1.1642288288065095,1.552305105075346,0.0,0.0,0.0,0.0,0.0,0.0,0.0,0.0,1.1642288288065095,0.0,0.0,0.0,0.0,0.0,0.0,0.0,0.0,0.0,0.776152552537673,0.3880762762688365,0.0,0.0,0.0,0.0,0.0,0.0,0.0,0.0,0.776152552537673,0.0,0.3880762762688365,0.0,0.0,0.0,0.0,0.0,0.0,0.0,183.2770704834331,78.54731592147134,0.0,0.0,0.0,0.0,26.18243864049043,0.0,0.0,26.182438640490457,0.0,78.54731592147134,0.0,0.0,0.0,0.0,0.0,0.0,0.0,0.0,26.182438640490382,0.0,0.0,26.18243864049038,0.0,0.0,0.0,0.0,0.0,0.0,78.54731592147134,0.0,0.0,0.0,0.0,0.0,0.0,26.182438640490457,26.18243864049043,26.182438640490457,26.182438640490446,0.0,0.0,0.0,0.0,26.182438640490457,0.0,0.0,0.0,0.0,0.0,0.0,0.0,0.0,0.0,0.0,0.0,0.0,0.0,0.0,26.182438640490446,26.182438640490446,0.0,0.0,0.0,0.0,0.0,0.0,0.0,0.0,0.0,0.0,0.0,0.0,0.0,0.0,0.0,0.0,0.0,0.0,0.0,0.0,0.0,0.0,0.0,0.0,0.0,0.0,0.0,0.0,78.54731592147114,26.182438640490382,0.0,0.0,0.0,0.0,0.0,0.0,0.0,0.0,0.0,0.0,0.0,0.0,0.0,0.6980665102103721,0.0,0.0,0.0,0.0,0.0,0.0,0.34903325510518585,0.0,0.0,0.0,0.0,0.0,0.0,0.0,3.141299295946673,1.0470997653155576,0.34903325510518585,0.0,0.0,0.0,0.0,0.0,0.0,0.0,2.443232785736304,2.443232785736304,0.6980665102103726,0.0,0.3490332551051862,0.0,0.0,0.0,0.0,0.3490332551051862,6.98066510210371,1.396133020420742,0.3490332551051855,0.0,0.0,0.0,0.0,0.0,0.0,0.0,4.886465571472608,0.3490332551051863,0.0,0.0,0.3490332551051862,0.0,0.0,0.0,0.0,0.0,4.188399061262236,0.6980665102103726,0.3490332551051863,0.0,0.0,0.0,0.0,0.0,0.0,0.0,5.235498826577782,0.3490332551051855,0.0,0.0,0.0,0.0,0.0,0.0,0.0,0.0,0.698066510210371,0.3490332551051855,0.0,0.3490332551051855,0.0,0.0,0.0,0.0,0.0,0.0,0.6980665102103726,0.0,0.0,0.0,0.0,0.0,0.0,0.0,0.0,0.0,21.7819279698541,0.0,0.0,0.0,0.0,0.0,0.0,0.0,0.0,0.0,43.5638559397082,0.0,0.0,0.0,21.781927969854106,0.0,0.0,0.0,0.0,0.0,10.890963984927062,0.0,0.0,0.0,0.0,0.0,0.0,0.0,0.0,0.0,98.01867586434358,21.781927969854124,0.0,10.890963984927065,0.0,0.0,0.0,0.0,0.0,0.0,65.34578390956216,0.0,0.0,0.0,0.0,0.0,0.0,0.0,0.0,0.0,21.781927969854152,0.0,0.0,0.0,10.89096398492708,0.0,0.0,0.0,0.0,10.89096398492708,10.89096398492705,0.0,0.0,0.0,0.0,0.0,0.0,0.0,0.0,0.0,10.89096398492705,0.0,0.0,0.0,0.0,0.0,0.0,0.0,0.0,0.0,10.89096398492705,0.0,0.0,0.0,0.0,0.0,0.0,0.0,0.0,0.0,32.67289195478115,0.0,0.0,0.0,0.0,0.0,0.0,0.0,0.0,0.0,0.0,0.0,0.0,0.0,0.543745831528945,0.0,0.0,0.0,0.0,0.0,0.0,0.0,0.2718729157644725,0.0,0.0,0.0,0.0,0.0,0.0,0.0,4.078093736467087,0.8156187472934175,0.543745831528945,0.2718729157644725,0.0,0.0,0.0,0.0,0.0,0.0,5.165585399524984,1.359364578822364,1.0874916630578912,0.0,0.0,0.0,0.0,0.0,0.0,0.27187291576447303,8.42806038869864,1.087491663057889,0.0,0.0,0.0,0.0,0.0,0.0,0.0,0.0,4.349966652231565,0.0,0.0,0.0,0.0,0.0,0.0,0.0,0.0,0.0,2.4468562418802553,0.2718729157644728,0.2718729157644728,0.0,0.0,0.0,0.0,0.0,0.0,0.0,2.990602073409194,0.27187291576447226,0.0,0.0,0.0,0.0,0.0,0.0,0.0,0.0,0.8156187472934167,0.0,0.27187291576447226,0.0,0.0,0.0,0.0,0.0,0.0,0.0,0.5437458315289456,0.0,0.0,0.0,0.0,0.0,0.0,0.0,0.0,0.0,25.963371894835017,0.0,12.981685947417509,0.0,0.0,0.0,0.0,0.0,0.0,25.96337189483503,129.81685947417512,25.963371894835017,0.0,12.981685947417509,0.0,12.981685947417503,25.963371894835007,12.981685947417516,0.0,0.0,64.90842973708763,12.981685947417525,0.0,0.0,0.0,12.981685947417517,0.0,0.0,12.981685947417532,12.981685947417532,77.89011568450516,12.981685947417525,12.981685947417525,12.981685947417525,0.0,12.981685947417517,0.0,0.0,0.0,0.0,25.96337189483496,12.98168594741748,0.0,0.0,0.0,0.0,0.0,0.0,0.0,0.0,0.0,0.0,0.0,0.0,0.0,0.0,12.981685947417533,0.0,0.0,0.0,12.981685947417509,0.0,0.0,0.0,0.0,0.0,0.0,0.0,0.0,0.0,12.981685947417509,0.0,0.0,0.0,0.0,0.0,0.0,0.0,0.0,0.0,12.981685947417509,0.0,0.0,0.0,0.0,0.0,0.0,0.0,0.0,0.0,38.94505784225254,0.0,0.0,0.0,0.0,0.0,0.0,0.0,0.0,0.0,4.70009,3.10408,4.67645,194.49161891857284,214.99873173122205,160.7716739935318,201.6986798375932,177.829062066552,339.9896065769761,233.34332953291667,510.7978901704008,564.1992200876402,614.9655170252983,563.1153331184186,658.7104951867652,676.0167586356793,644.6641024875366,641.5213127107193,762.2114364028615,749.6974028742721,727.8867645573936,842.0821156741422,887.6177642057236,859.2977816758149,756.9062197171896,489.9234837651323,331.13162697363464,187.82793075935368,100.3022546880629,16.97432177923014,0.0,0.0,0.0,0.0,0.0,0.0,0.0,0.0,0.0,0.0,0.0,0.0,0.0,0.0,0.0,0.0,0.0,0.0,0.0,0.0,0.0,0.0,0.0,0.0,0.0,0.0,0.0,0.0,0.0,0.0,0.0,0.0,0.0,0.0,0.0,0.0,0.0,0.0,0.0,0.0,0.0,0.0,0.0,0.0,0.0,464.74267386937026,552.3827917338288,391.92732174228576,494.8965180575702,453.084076436218,854.4468621976844,600.2262191041588,1277.1923132529582,1394.2630972985016,1530.8495942087748,1390.686043130255,1632.8177345457143,1690.3395097175867,1608.697449583327,1619.45261214383,1894.247054010491,1834.2987677207273,1804.4485778654262,2098.76410364248,2185.8524366884353,2138.1656221291973,1896.1422545955388,1199.415159733366,826.9921299217078,471.697877359005,261.95411715786446,42.118928632856594,0.0,0.0,0.0,0.0,0.0,0.0,0.0,0.0,0.0,0.0,0.0,0.0,0.0,0.0,0.0,0.0,0.0,0.0,0.0,0.0,0.0,0.0,0.0,0.0,0.0,0.0,0.0,0.0,0.0,0.0,0.0,0.0,0.0,0.0,0.0,0.0,0.0,0.0,0.0,0.0,0.0,0.0,0.0,0.0,0.0,38.11198720612117,21.449624908986344,19.6522950372083,37.16734925654247,28.46132841611738,64.52755391135548,35.60798670099631,64.57377445179499,75.16196399634728,72.26400190595588,84.00797276571186,99.14770359873243,96.66004849698493,87.45685195951178,98.32432587145775,103.42812131784112,83.34964063314602,104.58227550451386,105.7393818560665,120.40994737420907,116.22486549076275,105.65929591812743,47.57148526411153,39.488968657346895,26.046716265668056,13.778663636005055,1.8259510715292548,0.0,0.0,0.0,0.0,0.0,0.0,0.0,0.0,0.0,0.0,0.0,0.0,0.0,0.0,0.0,0.0,0.0,0.0,0.0,0.0,0.0,0.0,0.0,0.0,0.0,0.0,0.0,0.0,0.0,0.0,0.0,0.0,0.0,0.0,0.0,0.0,0.0,0.0,0.0,0.0,0.0,0.0,0.0,0.0,0.0,69.0314034172263,89.95272260233325,69.44043016600072,74.12356752709954,65.40974782535706,130.77313917465062,91.22832404820099,218.1032826047587,229.89224762013959,250.53003802586338,221.8475556023343,257.7659545196076,273.52526320043154,257.43800763487235,258.96460045735745,305.2828183235346,306.5215219600902,296.5745485020704,349.42976273981697,360.07022956925647,350.44241116883103,306.8121164722121,208.48947273882828,137.80527097412931,77.49160041119752,43.59981602732841,7.014608898017151,0.0,0.0,0.0,0.0,0.0,0.0,0.0,0.0,0.0,0.0,0.0,0.0,0.0,0.0,0.0,0.0,0.0,0.0,0.0,0.0,0.0,0.0,0.0,0.0,0.0,0.0,0.0,0.0,0.0,0.0,0.0,0.0,0.0,0.0,0.0,0.0,0.0,0.0,0.0,0.0,0.0,0.0,0.0,0.0,0.0,61.3188478919172,97.45870960854691,71.63978616622666,62.798429787558206,62.734042803163184,121.71954597495952,91.64750305295273,233.52472983103073,231.78469852209247,252.88820839217018,214.9041865944439,244.52559737649085,279.73679061759026,257.5335346652305,266.8446352078795,306.29946460924197,305.0927241603675,292.05985138000074,358.3088581341228,361.75095539526416,350.06132243976674,313.4492308310339,218.91869512788963,145.47638217342185,82.08101463623052,50.2979707258556,6.817431479712633,0.0,0.0,0.0,0.0,0.0,0.0,0.0,0.0,0.0,0.0,0.0,0.0,0.0,0.0,0.0,0.0,0.0,0.0,0.0,0.0,0.0,0.0,0.0,0.0,0.0,0.0,0.0,0.0,0.0,0.0,0.0,0.0,0.0,0.0,0.0,0.0,0.0,0.0,0.0,0.0,0.0,0.0,0.0,0.0,0.0,42.99585832156413,18.620424304754543,23.159153771756667,48.184190085041074,27.91787461903032,73.65057364074994,39.964110402239925,70.66880004006488,91.77725931852201,85.58927332482594,88.46789583174231,116.66750198547632,111.64733027790128,101.37532276069857,92.57833698063503,115.11122452109205,103.80465962870025,116.96975822560204,121.10499697826077,143.2756598301008,138.97399538285148,114.87727033851145,55.93984370941324,43.12860798173121,22.339017400560582,10.295694860127675,3.2260200254161164,0.0,0.0,0.0,0.0,0.0,0.0,0.0,0.0,0.0,0.0,0.0,0.0,0.0,0.0,0.0,0.0,0.0,0.0,0.0,0.0,0.0,0.0,0.0,0.0,0.0,0.0,0.0,0.0,0.0,0.0,0.0,0.0,0.0,0.0,0.0,0.0,0.0,0.0,0.0,0.0,0.0,0.0,0.0,0.0,0.0,1411.96,1.20867,88.3905,626.014,517.935,0.0,0.0,0.0,0.0,0.0,0.0,0.0,0.0,0.0,0.0,0.0,0.0,0.0,0.0,0.0,0.0,0.0,0.0,0.0,0.0,0.0,0.0,0.0,0.0,0.0,0.0,0.0,0.0,0.0,0.0,0.0,0.0,0.0,0.0,0.0,0.0,0.0,0.0,0.0,0.0,0.0,0.0,0.0,0.0,0.0,0.0,0.0,0.0,0.0,0.0,0.0,0.0,0.0,0.0,0.0,0.0,0.0,0.0,0.0,0.0,0.0,0.0,0.0,0.0,0.0,0.0,0.0,0.0,0.0,0.0,0.0,0.0,0.0,0.0,0.0,0.0,0.0,0.0,0.0,0.0,0.0,0.0,0.0,0.0,0.0,0.0,0.0,0.0,0.0,0.0,0.0,0.0,0.0,0.0,0.0,0.0,0.0,0.0,0.0,0.0,0.0,0.0,0.0,0.0,0.0,0.0,0.0,0.0,0.0,0.0,0.0,0.0,0.0,0.0,0.0,0.0,0.0,0.0,0.0,0.0,0.0,0.0,0.0,0.0,0.0,0.0,0.0,0.0,0.0,0.0,0.0,0.0,0.0,0.0,0.0,0.0,0.0,0.0,0.0,0.0,0.0,0.0,0.0,0.0,0.0,0.0,0.0,0.0,0.0,0.0,0.0,0.0,0.0,0.0,0.0,0.0,0.0,0.0,0.0,0.0,0.0,0.0,0.0,0.0,0.0,0.0,0.0,0.0,0.0,0.0,0.0,0.0,0.0,0.0,0.0,0.0,0.0,0.0,0.0,0.0,0.0,0.0,0.0,0.0,0.0,0.0,0.0,0.0,0.0,0.0,0.0,0.0,0.0,0.0,0.0,0.0,0.0,0.0,0.0,0.0,0.0,0.0,0.0,0.0,0.0,0.0,0.0,0.0,0.0,0.0,0.0,0.0,0.0,0.0,0.0,0.0,0.0,0.0,0.0,0.0,0.0,0.0,0.0,0.0,0.0,0.0,0.0,0.0,0.0,0.0,0.0,0.0,0.0,0.0,0.0,0.0,0.0,0.0,0.0,0.0,0.0,0.0,0.0,0.0,0.0,0.0,0.0,0.0,0.0,0.0,0.0,0.0,0.0,0.0,0.0,0.0,0.0,0.0,0.0,0.0,0.0,0.0,0.0,0.0,0.0,0.0,0.0,0.0,0.0,0.0,0.0,0.0,0.0,0.0,0.0,0.0,0.0,0.0,0.0,0.0,0.0,0.0,0.0,0.0,0.0,0.0,0.0,0.0,0.0,0.0,0.0,0.0,0.0,0.0,0.0,0.0,0.0,0.0,0.0,0.0,0.0,0.0,0.0,0.0,0.0,0.0,0.0,0.0,0.0,0.0,0.0,0.0,0.0,0.0,0.0,0.0,0.0,0.0,0.0,0.0,0.0,0.0,0.0,1.5244368759660007e-12,3.3091809964562328e-18,0.0,0.0,0.0,0.0,0.0,0.0,0.0,0.0,0.0,0.0,0.0,0.0,0.0,0.0,0.0,0.0,0.0,0.0,0.016364390007775675,3.552310317737107e-08,0.0,0.0,0.0,0.0,0.0,0.0,0.0,0.0,0.0,0.0,0.0,0.0,0.0,0.0,0.0,0.0,0.0,0.0,11.790257069528321,2.5593775152607257e-05,0.0,0.0,0.0,0.0,0.0,0.0,0.0,0.0,0.0,0.0,0.0,0.0,0.0,0.0,0.0,0.0,0.0,0.0,39.281895864039754,8.527142405662462e-05,0.0,0.0,0.0,0.0,0.0,0.0,0.0,0.0,0.0,0.0,0.0,0.0,0.0,0.0,0.0,0.0,0.0,0.0,0.0,0.0,0.0,0.0,0.0,0.0,0.0,0.0,0.0,0.0,0.0,0.0,0.0,0.0,0.0,0.0,0.0,0.0,0.0,0.0,0.0,0.0,0.0,0.0,0.0,0.0,0.0,0.0,0.0,0.0,0.0,0.0,0.0,0.0,0.0,0.0,0.0,0.0,0.0,0.0,0.0,0.0,0.0,0.0,0.0,0.0,0.0,0.0,0.0,0.0,0.0,0.0,0.0,0.0,0.0,0.0,0.0,0.0,0.0,0.0,0.0,0.0,0.0,0.0,0.0,0.0,0.0,0.0,0.0,0.0,0.0,0.0,0.0,0.0,0.0,0.0,0.0,0.0,0.0,0.0,0.0,0.0,0.0,0.0,0.0,0.0,0.0,0.0,0.0,0.0,0.0,0.0,0.0,0.0,0.0,0.0,0.0,0.0,0.0,0.0,0.0,0.0,0.0,0.0,0.0,0.0,0.0,0.0,0.0,0.0,0.0,0.0,0.0,0.0,0.0,0.0,0.0,0.0,0.0,0.0,0.0,0.0,0.0,0.0,0.0,0.0,0.0,0.0,0.0,0.0,0.0,0.0,0.0,0.0,0.0,0.0,0.0,0.0,0.0,0.0,0.0,0.0,0.0,0.0,0.0,0.0,0.0,0.0,0.0,0.0,0.0,0.0,0.0,0.0,0.0,0.0,0.0,0.0,0.0,0.0,0.0,0.0,0.0,0.0,0.0,0.0,0.0,0.0,0.0,0.0,0.0,0.0,0.0,0.0,0.0,0.0,0.0,0.0,0.0,0.0,0.0,0.0,0.0,0.0,0.0,0.0,0.0,0.0,0.0,0.0,0.0,0.0,0.0,0.0,0.0,0.0,0.0,0.0,0.0,0.0,0.0,0.0,0.0,0.0,0.0,0.0,0.0,0.0,0.0,0.0,0.0,0.0,0.0,0.0,0.0,0.0,0.0,0.0,0.0,0.0,0.0,0.0,0.0,0.0,0.0,0.0,0.0,0.0,0.0,0.0,0.0,0.0,0.0,0.0,0.0,0.0,0.0,0.0,0.0,0.0,0.0,0.0,0.0,0.0,0.0,0.0,0.0,0.0,0.0,0.0,0.0,0.0,0.0,0.0,0.0,0.0,0.0,0.0,0.0,0.0,0.0,0.0,0.0,0.0,0.0,0.0,0.0,0.0,0.0,0.0,0.0,0.0,0.0,0.0,0.0,0.0,0.0,0.0,0.0,0.0,0.0,0.0,0.0,0.0,0.0,0.0,0.0,0.0,0.0,0.0,0.0,0.0,0.0,0.0,0.0,0.0,0.0,0.0,0.0,0.0,0.0,0.0,0.0,0.0,0.0,0.0,0.0,0.0,0.0,0.0,0.0,0.0,0.0,0.0,0.0,0.0,0.0,0.0,0.0,0.0,6.235077726638942e-17,9.964059887521295e-15,6.946033108371713e-17,2.9755833344936565e-27,0.0,0.0,0.0,0.0,0.0,0.0,0.0,0.0,0.0,0.0,0.0,0.0,0.0,0.0,0.0,0.0,1.1011922137418813e-05,0.0017596256340977586,1.2266503004534593e-05,8.158216117876764e-16,1.1560090964625148e-26,0.0,0.0,0.0,0.0,0.0,0.0,0.0,0.0,0.0,0.0,0.0,0.0,0.0,0.0,0.0,0.1511781149098639,0.9677479988418616,0.01106124146031372,2.1719842954175188e-05,8.42450979966365e-15,0.0,0.0,0.0,0.0,0.0,0.0,0.0,0.0,0.0,0.0,0.0,0.0,0.0,0.0,0.0,2.5487274268642417,60.41847446103789,17.72930243697207,0.11845898124325206,3.4805194621746524e-09,0.0,0.0,0.0,0.0,0.0,0.0,0.0,0.0,0.0,0.0,0.0,0.0,0.0,0.0,0.0,0.0,0.0,0.0,0.0,0.0,0.0,0.0,0.0,0.0,0.0,0.0,0.0,0.0,0.0,0.0,0.0,0.0,0.0,0.0,0.0,0.0,0.0,0.0,0.0,0.0,0.0,0.0,0.0,0.0,0.0,0.0,0.0,0.0,0.0,0.0,0.0,0.0,0.0,0.0,0.0,0.0,0.0,0.0,0.0,0.0,0.0,0.0,0.0,0.0,0.0,0.0,0.0,0.0,0.0,0.0,0.0,0.0,0.0,0.0,0.0,0.0,0.0,0.0,0.0,0.0,0.0,0.0,0.0,0.0,0.0,0.0,0.0,0.0,0.0,0.0,0.0,0.0,0.0,0.0,0.0,0.0,0.0,0.0,0.0,0.0,0.0,0.0,0.0,0.0,0.0,0.0,0.0,0.0,0.0,0.0,0.0,0.0,0.0,0.0,0.0,0.0,0.0,0.0,0.0,0.0,0.0,0.0,0.0,0.0,0.0,0.0,0.0,0.0,0.0,0.0,0.0,0.0,0.0,0.0,0.0,0.0,0.0,0.0,0.0,0.0,0.0,0.0,0.0,0.0,0.0,0.0,0.0,0.0,0.0,0.0,0.0,0.0,0.0,0.0,0.0,0.0,0.0,0.0,0.0,0.0,0.0,0.0,0.0,0.0,0.0,0.0,0.0,0.0,0.0,0.0,0.0,0.0,0.0,0.0,0.0,0.0,0.0,0.0,0.0,0.0,0.0,0.0,0.0,0.0,0.0,0.0,0.0,0.0,0.0,0.0,0.0,0.0,0.0,0.0,0.0,0.0,0.0,0.0,0.0,0.0,0.0,0.0,0.0,0.0,0.0,0.0,0.0,0.0,0.0,0.0,0.0,0.0,0.0,0.0,0.0,0.0,0.0,0.0,0.0,0.0,0.0,0.0,0.0,0.0,0.0,0.0,0.0,0.0,0.0,0.0,0.0,0.0,0.0,0.0,0.0,0.0,0.0,0.0,0.0,0.0,0.0,0.0,0.0,0.0,0.0,0.0,0.0,0.0,0.0,0.0,0.0,0.0,0.0,0.0,0.0,0.0,0.0,0.0,0.0,0.0,0.0,0.0,0.0,0.0,0.0,0.0,0.0,0.0,0.0,0.0,0.0,0.0,0.0,0.0,0.0,0.0,0.0,0.0,0.0,0.0,0.0,0.0,0.0,0.0,0.0,0.0,0.0,0.0,0.0,0.0,0.0,0.0,0.0,0.0,0.0,0.0,0.0,0.0,0.0,0.0,0.0,0.0,0.0,0.0,0.0,0.0,0.0,0.0,0.0,0.0,0.0,0.0,0.0,0.0,0.0,0.0,0.0,0.0,0.0,0.0,0.0,0.0,0.0,0.0,0.0,0.0,0.0,0.0,0.0,0.0,0.0,0.0,0.0,0.0,0.0,0.0,0.0,0.0,0.0,0.0,0.0,0.0,0.0,0.0,0.0,0.0,0.0,0.0,0.0,0.0,0.0,0.0,0.0,0.0,0.0,0.0,0.0,0.0,0.0,0.0,0.0,0.0,0.0,0.0,0.0,0.0,0.0,0.0,0.0,0.0,0.0,0.0,0.0,0.0,0.0,2.761682435604368e-08,6.0979087416712744e-05,5.2590020368574065e-05,4.6881296799673496e-06,1.857380403041638e-08,1.1482070070699404e-18,0.0,0.0,0.0,0.0,0.0,0.0,0.0,0.0,0.0,0.0,0.0,0.0,0.0,0.0,0.007338536864480707,11.851558227557785,12.376857043142685,2.1003159082173175,0.008503794902981365,5.280732964371427e-13,0.0,0.0,0.0,0.0,0.0,0.0,0.0,0.0,0.0,0.0,0.0,0.0,0.0,0.0,0.0,0.0,0.0,0.0,0.0,0.0,0.0,0.0,0.0,0.0,0.0,0.0,0.0,0.0,0.0,0.0,0.0,0.0,0.0,0.0,0.0,0.0,0.0,0.0,0.0,0.0,0.0,0.0,0.0,0.0,0.0,0.0,0.0,0.0,0.0,0.0,0.0,0.0,0.0,0.0,0.0,0.0,0.0,0.0,0.0,0.0,0.0,0.0,0.0,0.0,0.0,0.0,0.0,0.0,0.0,0.0,0.0,0.0,0.0,0.0,0.0,0.0,0.0,0.0,0.0,0.0,0.0,0.0,0.0,0.0,0.0,0.0,0.0,0.0,0.0,0.0,0.0,0.0,0.0,0.0,0.0,0.0,0.0,0.0,0.0,0.0,0.0,0.0,0.0,0.0,0.0,0.0,0.0,0.0,0.0,0.0,0.0,0.0,0.0,0.0,0.0,0.0,0.0,0.0,0.0,0.0,0.0,0.0,0.0,0.0,0.0,0.0,0.0,0.0,0.0,0.0,0.0,0.0,0.0,0.0,0.0,0.0,0.0,0.0,0.0,0.0,0.0,0.0,0.0,0.0,0.0,0.0,0.0,0.0,0.0,0.0,0.0,0.0,0.0,0.0,0.0,0.0,0.0,0.0,0.0,0.0,0.0,0.0,0.0,0.0,0.0,0.0,0.0,0.0,0.0,0.0,0.0,0.0,0.0,0.0,0.0,0.0,0.0,0.0,0.0,0.0,0.0,0.0,0.0,0.0,0.0,0.0,0.0,0.0,0.0,0.0,0.0,0.0,0.0,0.0,0.0,0.0,0.0,0.0,0.0,0.0,0.0,0.0,0.0,0.0,0.0,0.0,0.0,0.0,0.0,0.0,0.0,0.0,0.0,0.0,0.0,0.0,0.0,0.0,0.0,0.0,0.0,0.0,0.0,0.0,0.0,0.0,0.0,0.0,0.0,0.0,0.0,0.0,0.0,0.0,0.0,0.0,0.0,0.0,0.0,0.0,0.0,0.0,0.0,0.0,0.0,0.0,0.0,0.0,0.0,0.0,0.0,0.0,0.0,0.0,0.0,0.0,0.0,0.0,0.0,0.0,0.0,0.0,0.0,0.0,0.0,0.0,0.0,0.0,0.0,0.0,0.0,0.0,0.0,0.0,0.0,0.0,0.0,0.0,0.0,0.0,0.0,0.0,0.0,0.0,0.0,0.0,0.0,0.0,0.0,0.0,0.0,0.0,0.0,0.0,0.0,0.0,0.0,0.0,0.0,0.0,0.0,0.0,0.0,0.0,0.0,0.0,0.0,0.0,0.0,0.0,0.0,0.0,0.0,0.0,0.0,0.0,0.0,0.0,0.0,0.0,0.0,0.0,0.0,0.0,0.0,0.0,0.0,0.0,0.0,0.0,0.0,0.0,0.0,0.0,7.295631341106912e-06,1.5837037906763377e-11,0.0,0.0,0.0,0.0,0.0,0.0,0.0,0.0,0.0,0.0,0.0,0.0,0.0,0.0,0.0,0.0,0.0,0.0,2.6795599264476104,5.8166716689054e-06,0.0,0.0,0.0,0.0,0.0,0.0,0.0,0.0,0.0,0.0,0.0,0.0,0.0,0.0,0.0,0.0,0.0,0.0,9.258221687416333,2.009734332198113e-05,0.0,0.0,0.0,0.0,0.0,0.0,0.0,0.0,0.0,0.0,0.0,0.0,0.0,0.0,0.0,0.0,0.0,0.0,13.525085734199937,2.9359665455937134e-05,0.0,0.0,0.0,0.0,0.0,0.0,0.0,0.0,0.0,0.0,0.0,0.0,0.0,0.0,0.0,0.0,0.0,0.0,0.0,0.0,0.0,0.0,0.0,0.0,0.0,0.0,0.0,0.0,0.0,0.0,0.0,0.0,0.0,0.0,0.0,0.0,0.0,0.0,0.0,0.0,0.0,0.0,0.0,0.0,0.0,0.0,0.0,0.0,0.0,0.0,0.0,0.0,0.0,0.0,0.0,0.0,0.0,0.0,0.0,0.0,0.0,0.0,0.0,0.0,0.0,0.0,0.0,0.0,0.0,0.0,0.0,0.0,0.0,0.0,0.0,0.0,0.0,0.0,0.0,0.0,0.0,0.0,0.0,0.0,0.0,0.0,0.0,0.0,0.0,0.0,0.0,0.0,0.0,0.0,0.0,0.0,0.0,0.0,0.0,0.0,0.0,0.0,0.0,0.0,0.0,0.0,0.0,0.0,0.0,0.0,0.0,0.0,0.0,0.0,0.0,0.0,0.0,0.0,0.0,0.0,0.0,0.0,0.0,0.0,0.0,0.0,0.0,0.0,0.0,0.0,0.0,0.0,0.0,0.0,0.0,0.0,0.0,0.0,0.0,0.0,0.0,0.0,0.0,0.0,0.0,0.0,0.0,0.0,0.0,0.0,0.0,0.0,0.0,0.0,0.0,0.0,0.0,0.0,0.0,0.0,0.0,0.0,0.0,0.0,0.0,0.0,0.0,0.0,0.0,0.0,0.0,0.0,0.0,0.0,0.0,0.0,0.0,0.0,0.0,0.0,0.0,0.0,0.0,0.0,0.0,0.0,0.0,0.0,0.0,0.0,0.0,0.0,0.0,0.0,0.0,0.0,0.0,0.0,0.0,0.0,0.0,0.0,0.0,0.0,0.0,0.0,0.0,0.0,0.0,0.0,0.0,0.0,0.0,0.0,0.0,0.0,0.0,0.0,0.0,0.0,0.0,0.0,0.0,0.0,0.0,0.0,0.0,0.0,0.0,0.0,0.0,0.0,0.0,0.0,0.0,0.0,0.0,0.0,0.0,0.0,0.0,0.0,0.0,0.0,0.0,0.0,0.0,0.0,0.0,0.0,0.0,0.0,0.0,0.0,0.0,0.0,0.0,0.0,0.0,0.0,0.0,0.0,0.0,0.0,0.0,0.0,0.0,0.0,0.0,0.0,0.0,0.0,0.0,0.0,0.0,0.0,0.0,0.0,0.0,0.0,0.0,0.0,0.0,0.0,0.0,0.0,0.0,0.0,0.0,0.0,0.0,0.0,0.0,0.0,0.0,0.0,0.0,0.0,0.0,0.0,0.0,0.0,0.0,0.0,0.0,0.0,0.0,0.0,0.0,0.0,0.0,0.0,0.0,0.0,0.0,0.0,0.0,0.0,0.0,0.0,0.0,0.0,0.0,0.0,0.0,0.0,0.0,0.0,0.0,0.0,0.0,0.0,0.0,0.0,0.0,0.0,0.0,0.0,7.981801422091027e-19,1.2716209240782564e-12,1.7381107863977584e-12,4.8320842015881e-18,0.0,0.0,0.0,0.0,0.0,0.0,0.0,0.0,0.0,0.0,0.0,0.0,0.0,0.0,0.0,0.0,4.6423897467506076e-09,0.006381737629132802,0.00872285663393136,2.425023826720246e-08,4.007158975943486e-17,5.973649204786112e-28,0.0,0.0,0.0,0.0,0.0,0.0,0.0,0.0,0.0,0.0,0.0,0.0,0.0,0.0,0.07994176557809461,0.41348623503819903,0.5821484208187806,0.0020488259910314346,6.577034658400866e-06,9.796499692910897e-17,0.0,0.0,0.0,0.0,0.0,0.0,0.0,0.0,0.0,0.0,0.0,0.0,0.0,0.0,0.797803735938424,8.691237067453885,29.723905503237305,3.3039469335111695,0.0057724836951981336,6.985861800821083e-14,0.0,0.0,0.0,0.0,0.0,0.0,0.0,0.0,0.0,0.0,0.0,0.0,0.0,0.0,0.0,0.0,0.0,0.0,0.0,0.0,0.0,0.0,0.0,0.0,0.0,0.0,0.0,0.0,0.0,0.0,0.0,0.0,0.0,0.0,0.0,0.0,0.0,0.0,0.0,0.0,0.0,0.0,0.0,0.0,0.0,0.0,0.0,0.0,0.0,0.0,0.0,0.0,0.0,0.0,0.0,0.0,0.0,0.0,0.0,0.0,0.0,0.0,0.0,0.0,0.0,0.0,0.0,0.0,0.0,0.0,0.0,0.0,0.0,0.0,0.0,0.0,0.0,0.0,0.0,0.0,0.0,0.0,0.0,0.0,0.0,0.0,0.0,0.0,0.0,0.0,0.0,0.0,0.0,0.0,0.0,0.0,0.0,0.0,0.0,0.0,0.0,0.0,0.0,0.0,0.0,0.0,0.0,0.0,0.0,0.0,0.0,0.0,0.0,0.0,0.0,0.0,0.0,0.0,0.0,0.0,0.0,0.0,0.0,0.0,0.0,0.0,0.0,0.0,0.0,0.0,0.0,0.0,0.0,0.0,0.0,0.0,0.0,0.0,0.0,0.0,0.0,0.0,0.0,0.0,0.0,0.0,0.0,0.0,0.0,0.0,0.0,0.0,0.0,0.0,0.0,0.0,0.0,0.0,0.0,0.0,0.0,0.0,0.0,0.0,0.0,0.0,0.0,0.0,0.0,0.0,0.0,0.0,0.0,0.0,0.0,0.0,0.0,0.0,0.0,0.0,0.0,0.0,0.0,0.0,0.0,0.0,0.0,0.0,0.0,0.0,0.0,0.0,0.0,0.0,0.0,0.0,0.0,0.0,0.0,0.0,0.0,0.0,0.0,0.0,0.0,0.0,0.0,0.0,0.0,0.0,0.0,0.0,0.0,0.0,0.0,0.0,0.0,0.0,0.0,0.0,0.0,0.0,0.0,0.0,0.0,0.0,0.0,0.0,0.0,0.0,0.0,0.0,0.0,0.0,0.0,0.0,0.0,0.0,0.0,0.0,0.0,0.0,0.0,0.0,0.0,0.0,0.0,0.0,0.0,0.0,0.0,0.0,0.0,0.0,0.0,0.0,0.0,0.0,0.0,0.0,0.0,0.0,0.0,0.0,0.0,0.0,0.0,0.0,0.0,0.0,0.0,0.0,0.0,0.0,0.0,0.0,0.0,0.0,0.0,0.0,0.0,0.0,0.0,0.0,0.0,0.0,0.0,0.0,0.0,0.0,0.0,0.0,0.0,0.0,0.0,0.0,0.0,0.0,0.0,0.0,0.0,0.0,0.0,0.0,0.0,0.0,0.0,0.0,0.0,0.0,0.0,0.0,0.0,0.0,0.0,0.0,0.0,0.0,0.0,0.0,0.0,0.0,0.0,0.0,0.0,0.0,0.0,0.0,0.0,0.0,0.0,0.0,0.0,0.0,0.0,0.0,0.0,0.0,0.0,0.0,0.0,0.0,0.0,0.0,0.0,0.0,0.0,0.0,0.0,0.0,0.0,0.0,0.0,0.0,0.0,0.0,0.0,0.0,0.0,0.0,0.0,0.0,0.0,0.0,0.0,0.0,0.0,0.0,0.0,0.0,0.0,0.0,0.0,0.0,3.355393486720962e-14,2.179612697475077e-06,4.373878551045737e-05,9.861331051032339e-06,1.0581629803076388e-06,2.259444407399787e-13,0.0,0.0,0.0,0.0,0.0,0.0,0.0,0.0,0.0,0.0,0.0,0.0,0.0,0.0,1.0588898581831122e-08,0.6192004254319282,11.362926884376432,3.2719408434053907,0.4521948856055324,1.0205451138306435e-07,0.0,0.0,0.0,0.0,0.0,0.0,0.0,0.0,0.0,0.0,0.0,0.0,0.0,0.0,0.0,0.0,0.0,0.0,0.0,0.0,0.0,0.0,0.0,0.0,0.0,0.0,0.0,0.0,0.0,0.0,0.0,0.0,0.0,0.0,0.0,0.0,0.0,0.0,0.0,0.0,0.0,0.0,0.0,0.0,0.0,0.0,0.0,0.0,0.0,0.0,0.0,0.0,0.0,0.0,0.0,0.0,0.0,0.0,0.0,0.0,0.0,0.0,0.0,0.0,0.0,0.0,0.0,0.0,0.0,0.0,0.0,0.0,0.0,0.0,0.0,0.0,0.0,0.0,0.0,0.0,0.0,0.0,0.0,0.0,0.0,0.0,0.0,0.0,0.0,0.0,0.0,0.0,0.0,0.0,0.0,0.0,0.0,0.0,0.0,0.0,0.0,0.0,0.0,0.0,0.0,0.0,0.0,0.0,0.0,0.0,0.0,0.0,0.0,0.0,0.0,0.0,0.0,0.0,0.0,0.0,0.0,0.0,0.0,0.0,0.0,0.0,0.0,0.0,0.0,0.0,0.0,0.0,0.0,0.0,0.0,0.0,0.0,0.0,0.0,0.0,0.0,0.0,0.0,0.0,0.0,0.0,0.0,0.0,0.0,0.0,0.0,0.0,0.0,0.0,0.0,0.0,0.0,0.0,0.0,0.0,0.0,0.0,0.0,0.0,0.0,0.0,0.0,0.0,0.0,0.0,0.0,0.0,0.0,0.0,0.0,0.0,0.0,0.0,0.0,0.0,0.0,0.0,0.0,0.0,0.0,0.0,0.0,0.0,0.0,0.0,0.0,0.0,0.0,0.0,0.0,0.0,0.0,0.0,0.0,0.0,0.0,0.0,0.0,0.0,0.0,0.0,0.0,0.0,0.0,0.0,0.0,0.0,0.0,0.0,0.0,0.0,0.0,0.0,0.0,0.0,0.0,0.0,0.0,0.0,0.0,0.0,0.0,0.0,0.0,0.0,0.0,0.0,0.0,0.0,0.0,0.0,0.0,0.0,0.0,0.0,0.0,0.0,0.0,0.0,0.0,0.0,0.0,0.0,0.0,0.0,0.0,0.0,0.0,0.0,0.0,0.0,0.0,0.0,0.0,0.0,0.0,0.0,0.0,0.0,0.0,0.0,0.0,0.0,0.0,0.0,0.0,0.0,0.0,0.0,0.0,0.0,0.0,0.0,0.0,0.0,0.0,0.0,0.0,0.0,0.0,0.0,0.0,0.0,0.0,0.0,0.0,0.0,0.0,0.0,0.0,0.0,0.0,0.0,0.0,0.0,0.0,0.0,0.0,0.0,0.0,0.0,0.0,0.0,0.0,0.0,0.0,0.0,0.0,0.0,0.0,0.0,0.0,0.0,0.0,0.0,0.0,0.0,0.0,0.0,0.0,0.0,0.0,0.0,0.0,0.0,0.0,0.0,0.0,0.0,3.3003375582143545e-12,7.164228641880011e-18,0.0,0.0,0.0,0.0,0.0,0.0,0.0,0.0,0.0,0.0,0.0,0.0,0.0,0.0,0.0,0.0,0.0,0.0,0.027604707932757277,5.992309445146377e-08,0.0,0.0,0.0,0.0,0.0,0.0,0.0,0.0,0.0,0.0,0.0,0.0,0.0,0.0,0.0,0.0,0.0,0.0,11.752674940935604,2.551219350911246e-05,0.0,0.0,0.0,0.0,0.0,0.0,0.0,0.0,0.0,0.0,0.0,0.0,0.0,0.0,0.0,0.0,0.0,0.0,35.508569907973914,7.708045285662946e-05,0.0,0.0,0.0,0.0,0.0,0.0,0.0,0.0,0.0,0.0,0.0,0.0,0.0,0.0,0.0,0.0,0.0,0.0,0.0,0.0,0.0,0.0,0.0,0.0,0.0,0.0,0.0,0.0,0.0,0.0,0.0,0.0,0.0,0.0,0.0,0.0,0.0,0.0,0.0,0.0,0.0,0.0,0.0,0.0,0.0,0.0,0.0,0.0,0.0,0.0,0.0,0.0,0.0,0.0,0.0,0.0,0.0,0.0,0.0,0.0,0.0,0.0,0.0,0.0,0.0,0.0,0.0,0.0,0.0,0.0,0.0,0.0,0.0,0.0,0.0,0.0,0.0,0.0,0.0,0.0,0.0,0.0,0.0,0.0,0.0,0.0,0.0,0.0,0.0,0.0,0.0,0.0,0.0,0.0,0.0,0.0,0.0,0.0,0.0,0.0,0.0,0.0,0.0,0.0,0.0,0.0,0.0,0.0,0.0,0.0,0.0,0.0,0.0,0.0,0.0,0.0,0.0,0.0,0.0,0.0,0.0,0.0,0.0,0.0,0.0,0.0,0.0,0.0,0.0,0.0,0.0,0.0,0.0,0.0,0.0,0.0,0.0,0.0,0.0,0.0,0.0,0.0,0.0,0.0,0.0,0.0,0.0,0.0,0.0,0.0,0.0,0.0,0.0,0.0,0.0,0.0,0.0,0.0,0.0,0.0,0.0,0.0,0.0,0.0,0.0,0.0,0.0,0.0,0.0,0.0,0.0,0.0,0.0,0.0,0.0,0.0,0.0,0.0,0.0,0.0,0.0,0.0,0.0,0.0,0.0,0.0,0.0,0.0,0.0,0.0,0.0,0.0,0.0,0.0,0.0,0.0,0.0,0.0,0.0,0.0,0.0,0.0,0.0,0.0,0.0,0.0,0.0,0.0,0.0,0.0,0.0,0.0,0.0,0.0,0.0,0.0,0.0,0.0,0.0,0.0,0.0,0.0,0.0,0.0,0.0,0.0,0.0,0.0,0.0,0.0,0.0,0.0,0.0,0.0,0.0,0.0,0.0,0.0,0.0,0.0,0.0,0.0,0.0,0.0,0.0,0.0,0.0,0.0,0.0,0.0,0.0,0.0,0.0,0.0,0.0,0.0,0.0,0.0,0.0,0.0,0.0,0.0,0.0,0.0,0.0,0.0,0.0,0.0,0.0,0.0,0.0,0.0,0.0,0.0,0.0,0.0,0.0,0.0,0.0,0.0,0.0,0.0,0.0,0.0,0.0,0.0,0.0,0.0,0.0,0.0,0.0,0.0,0.0,0.0,0.0,0.0,0.0,0.0,0.0,0.0,0.0,0.0,0.0,0.0,0.0,0.0,0.0,0.0,0.0,0.0,0.0,0.0,0.0,0.0,0.0,0.0,0.0,0.0,0.0,0.0,0.0,0.0,0.0,0.0,0.0,0.0,0.0,0.0,0.0,0.0,0.0,0.0,0.0,0.0,0.0,0.0,0.0,0.0,6.235077726638942e-17,9.964059887521295e-15,6.946033108371713e-17,2.9755833344936565e-27,0.0,0.0,0.0,0.0,0.0,0.0,0.0,0.0,0.0,0.0,0.0,0.0,0.0,0.0,0.0,0.0,1.1011922837217622e-05,0.0017596257376640606,1.2266506341568194e-05,1.063262271774744e-15,2.1394795218112214e-26,0.0,0.0,0.0,0.0,0.0,0.0,0.0,0.0,0.0,0.0,0.0,0.0,0.0,0.0,0.0,0.15152677533996262,1.0316854837633855,0.019224726512154507,2.760117126644693e-05,8.658453653161941e-15,0.0,0.0,0.0,0.0,0.0,0.0,0.0,0.0,0.0,0.0,0.0,0.0,0.0,0.0,0.0,2.3063860659226223,44.425415392514395,20.317452447397642,0.1201546103848546,3.480524842020243e-09,0.0,0.0,0.0,0.0,0.0,0.0,0.0,0.0,0.0,0.0,0.0,0.0,0.0,0.0,0.0,0.0,0.0,0.0,0.0,0.0,0.0,0.0,0.0,0.0,0.0,0.0,0.0,0.0,0.0,0.0,0.0,0.0,0.0,0.0,0.0,0.0,0.0,0.0,0.0,0.0,0.0,0.0,0.0,0.0,0.0,0.0,0.0,0.0,0.0,0.0,0.0,0.0,0.0,0.0,0.0,0.0,0.0,0.0,0.0,0.0,0.0,0.0,0.0,0.0,0.0,0.0,0.0,0.0,0.0,0.0,0.0,0.0,0.0,0.0,0.0,0.0,0.0,0.0,0.0,0.0,0.0,0.0,0.0,0.0,0.0,0.0,0.0,0.0,0.0,0.0,0.0,0.0,0.0,0.0,0.0,0.0,0.0,0.0,0.0,0.0,0.0,0.0,0.0,0.0,0.0,0.0,0.0,0.0,0.0,0.0,0.0,0.0,0.0,0.0,0.0,0.0,0.0,0.0,0.0,0.0,0.0,0.0,0.0,0.0,0.0,0.0,0.0,0.0,0.0,0.0,0.0,0.0,0.0,0.0,0.0,0.0,0.0,0.0,0.0,0.0,0.0,0.0,0.0,0.0,0.0,0.0,0.0,0.0,0.0,0.0,0.0,0.0,0.0,0.0,0.0,0.0,0.0,0.0,0.0,0.0,0.0,0.0,0.0,0.0,0.0,0.0,0.0,0.0,0.0,0.0,0.0,0.0,0.0,0.0,0.0,0.0,0.0,0.0,0.0,0.0,0.0,0.0,0.0,0.0,0.0,0.0,0.0,0.0,0.0,0.0,0.0,0.0,0.0,0.0,0.0,0.0,0.0,0.0,0.0,0.0,0.0,0.0,0.0,0.0,0.0,0.0,0.0,0.0,0.0,0.0,0.0,0.0,0.0,0.0,0.0,0.0,0.0,0.0,0.0,0.0,0.0,0.0,0.0,0.0,0.0,0.0,0.0,0.0,0.0,0.0,0.0,0.0,0.0,0.0,0.0,0.0,0.0,0.0,0.0,0.0,0.0,0.0,0.0,0.0,0.0,0.0,0.0,0.0,0.0,0.0,0.0,0.0,0.0,0.0,0.0,0.0,0.0,0.0,0.0,0.0,0.0,0.0,0.0,0.0,0.0,0.0,0.0,0.0,0.0,0.0,0.0,0.0,0.0,0.0,0.0,0.0,0.0,0.0,0.0,0.0,0.0,0.0,0.0,0.0,0.0,0.0,0.0,0.0,0.0,0.0,0.0,0.0,0.0,0.0,0.0,0.0,0.0,0.0,0.0,0.0,0.0,0.0,0.0,0.0,0.0,0.0,0.0,0.0,0.0,0.0,0.0,0.0,0.0,0.0,0.0,0.0,0.0,0.0,0.0,0.0,0.0,0.0,0.0,0.0,0.0,0.0,0.0,0.0,0.0,0.0,0.0,0.0,0.0,0.0,0.0,0.0,0.0,0.0,0.0,0.0,0.0,0.0,0.0,0.0,0.0,0.0,0.0,0.0,0.0,0.0,0.0,0.0,0.0,0.0,0.0,0.0,0.0,0.0,0.0,0.0,0.0,0.0,0.0,0.0,0.0,0.0,0.0,0.0,0.0,0.0,0.0,0.0,0.0,0.0,0.0,1.2723333915231905e-08,1.5109898963409237e-05,5.1776017260633325e-05,4.948755561941151e-06,1.857380405575549e-08,1.1482070070699404e-18,0.0,0.0,0.0,0.0,0.0,0.0,0.0,0.0,0.0,0.0,0.0,0.0,0.0,0.0,0.00572676280460573,4.6622646326167,11.742768141806867,2.129257273996703,0.008503794907189098,5.280732964371427e-13,0.0,0.0,0.0,0.0,0.0,0.0,0.0,0.0,0.0,0.0,0.0,0.0,0.0,0.0,0.0,0.0,0.0,0.0,0.0,0.0,0.0,0.0,0.0,0.0,0.0,0.0,0.0,0.0,0.0,0.0,0.0,0.0,0.0,0.0,0.0,0.0,0.0,0.0,0.0,0.0,0.0,0.0,0.0,0.0,0.0,0.0,0.0,0.0,0.0,0.0,0.0,0.0,0.0,0.0,0.0,0.0,0.0,0.0,0.0,0.0,0.0,0.0,0.0,0.0,0.0,0.0,0.0,0.0,0.0,0.0,0.0,0.0,0.0,0.0,0.0,0.0,0.0,0.0,0.0,0.0,0.0,0.0,0.0,0.0,0.0,0.0,0.0,0.0,0.0,0.0,0.0,0.0,0.0,0.0,0.0,0.0,0.0,0.0,0.0,0.0,0.0,0.0,0.0,0.0,0.0,0.0,0.0,0.0,0.0,0.0,0.0,0.0,0.0,0.0,0.0,0.0,0.0,0.0,0.0,0.0,0.0,0.0,0.0,0.0,0.0,0.0,0.0,0.0,0.0,0.0,0.0,0.0,0.0,0.0,0.0,0.0,0.0,0.0,0.0,0.0,0.0,0.0,0.0,0.0,0.0,0.0,0.0,0.0,0.0,0.0,0.0,0.0,0.0,0.0,0.0,0.0,0.0,0.0,0.0,0.0,0.0,0.0,0.0,0.0,0.0,0.0,0.0,0.0,0.0,0.0,0.0,0.0,0.0,0.0,0.0,0.0,0.0,0.0,0.0,0.0,0.0,0.0,0.0,0.0,0.0,0.0,0.0,0.0,0.0,0.0,0.0,0.0,0.0,0.0,0.0,0.0,0.0,0.0,0.0,0.0,0.0,0.0,0.0,0.0,0.0,0.0,0.0,0.0,0.0,0.0,0.0,0.0,0.0,0.0,0.0,0.0,0.0,0.0,0.0,0.0,0.0,0.0,0.0,0.0,0.0,0.0,0.0,0.0,0.0,0.0,0.0,0.0,0.0,0.0,0.0,0.0,0.0,0.0,0.0,0.0,0.0,0.0,0.0,0.0,0.0,0.0,0.0,0.0,0.0,0.0,0.0,0.0,0.0,0.0,0.0,0.0,0.0,0.0,0.0,0.0,0.0,0.0,0.0,0.0,0.0,0.0,0.0,0.0,0.0,0.0,0.0,0.0,0.0,0.0,0.0,0.0,0.0,0.0,0.0,0.0,0.0,0.0,0.0,0.0,0.0,0.0,0.0,0.0,0.0,0.0,0.0,0.0,0.0,0.0,0.0,0.0,0.0,0.0,0.0,0.0,0.0,0.0,0.0,0.0,0.0,0.0,0.0,0.0,0.0,0.0,0.0,0.0,0.0,0.0,0.0,0.0,0.0,0.0,0.0,0.0,0.0,0.0,0.0,0.0,0.0,0.0,0.0,0.0,0.0,0.0,0.0,0.0,0.0,0.0,2.0106002347785504e-13,4.364523184460154e-19,0.0,0.0,0.0,0.0,0.0,0.0,0.0,0.0,0.0,0.0,0.0,0.0,0.0,0.0,0.0,0.0,0.0,0.0,0.007494171183212496,1.626801952554565e-08,0.0,0.0,0.0,0.0,0.0,0.0,0.0,0.0,0.0,0.0,0.0,0.0,0.0,0.0,0.0,0.0,0.0,0.0,11.920515877661337,2.5876535284752227e-05,0.0,0.0,0.0,0.0,0.0,0.0,0.0,0.0,0.0,0.0,0.0,0.0,0.0,0.0,0.0,0.0,0.0,0.0,39.971733263268696,8.676889295688768e-05,0.0,0.0,0.0,0.0,0.0,0.0,0.0,0.0,0.0,0.0,0.0,0.0,0.0,0.0,0.0,0.0,0.0,0.0,0.0,0.0,0.0,0.0,0.0,0.0,0.0,0.0,0.0,0.0,0.0,0.0,0.0,0.0,0.0,0.0,0.0,0.0,0.0,0.0,0.0,0.0,0.0,0.0,0.0,0.0,0.0,0.0,0.0,0.0,0.0,0.0,0.0,0.0,0.0,0.0,0.0,0.0,0.0,0.0,0.0,0.0,0.0,0.0,0.0,0.0,0.0,0.0,0.0,0.0,0.0,0.0,0.0,0.0,0.0,0.0,0.0,0.0,0.0,0.0,0.0,0.0,0.0,0.0,0.0,0.0,0.0,0.0,0.0,0.0,0.0,0.0,0.0,0.0,0.0,0.0,0.0,0.0,0.0,0.0,0.0,0.0,0.0,0.0,0.0,0.0,0.0,0.0,0.0,0.0,0.0,0.0,0.0,0.0,0.0,0.0,0.0,0.0,0.0,0.0,0.0,0.0,0.0,0.0,0.0,0.0,0.0,0.0,0.0,0.0,0.0,0.0,0.0,0.0,0.0,0.0,0.0,0.0,0.0,0.0,0.0,0.0,0.0,0.0,0.0,0.0,0.0,0.0,0.0,0.0,0.0,0.0,0.0,0.0,0.0,0.0,0.0,0.0,0.0,0.0,0.0,0.0,0.0,0.0,0.0,0.0,0.0,0.0,0.0,0.0,0.0,0.0,0.0,0.0,0.0,0.0,0.0,0.0,0.0,0.0,0.0,0.0,0.0,0.0,0.0,0.0,0.0,0.0,0.0,0.0,0.0,0.0,0.0,0.0,0.0,0.0,0.0,0.0,0.0,0.0,0.0,0.0,0.0,0.0,0.0,0.0,0.0,0.0,0.0,0.0,0.0,0.0,0.0,0.0,0.0,0.0,0.0,0.0,0.0,0.0,0.0,0.0,0.0,0.0,0.0,0.0,0.0,0.0,0.0,0.0,0.0,0.0,0.0,0.0,0.0,0.0,0.0,0.0,0.0,0.0,0.0,0.0,0.0,0.0,0.0,0.0,0.0,0.0,0.0,0.0,0.0,0.0,0.0,0.0,0.0,0.0,0.0,0.0,0.0,0.0,0.0,0.0,0.0,0.0,0.0,0.0,0.0,0.0,0.0,0.0,0.0,0.0,0.0,0.0,0.0,0.0,0.0,0.0,0.0,0.0,0.0,0.0,0.0,0.0,0.0,0.0,0.0,0.0,0.0,0.0,0.0,0.0,0.0,0.0,0.0,0.0,0.0,0.0,0.0,0.0,0.0,0.0,0.0,0.0,0.0,0.0,0.0,0.0,0.0,0.0,0.0,0.0,0.0,0.0,0.0,0.0,0.0,0.0,0.0,0.0,0.0,0.0,0.0,0.0,0.0,0.0,0.0,0.0,0.0,0.0,0.0,0.0,0.0,0.0,0.0,0.0,0.0,0.0,0.0,0.0,1.3530260601988651e-14,5.343657762012343e-13,7.547771487152252e-16,2.8548136602849773e-27,0.0,0.0,0.0,0.0,0.0,0.0,0.0,0.0,0.0,0.0,0.0,0.0,0.0,0.0,0.0,0.0,0.00021049550651111685,0.008313298158744278,1.1742307772831518e-05,3.347550413387804e-16,1.1560090964625148e-26,0.0,0.0,0.0,0.0,0.0,0.0,0.0,0.0,0.0,0.0,0.0,0.0,0.0,0.0,0.0,0.16971853803252981,0.9668544968565529,0.005768614742915171,2.171984178115077e-05,8.42450979966365e-15,0.0,0.0,0.0,0.0,0.0,0.0,0.0,0.0,0.0,0.0,0.0,0.0,0.0,0.0,0.0,2.7793770445903685,60.94925562437197,17.142402676209937,0.11845888401698013,3.4805194621746524e-09,0.0,0.0,0.0,0.0,0.0,0.0,0.0,0.0,0.0,0.0,0.0,0.0,0.0,0.0,0.0,0.0,0.0,0.0,0.0,0.0,0.0,0.0,0.0,0.0,0.0,0.0,0.0,0.0,0.0,0.0,0.0,0.0,0.0,0.0,0.0,0.0,0.0,0.0,0.0,0.0,0.0,0.0,0.0,0.0,0.0,0.0,0.0,0.0,0.0,0.0,0.0,0.0,0.0,0.0,0.0,0.0,0.0,0.0,0.0,0.0,0.0,0.0,0.0,0.0,0.0,0.0,0.0,0.0,0.0,0.0,0.0,0.0,0.0,0.0,0.0,0.0,0.0,0.0,0.0,0.0,0.0,0.0,0.0,0.0,0.0,0.0,0.0,0.0,0.0,0.0,0.0,0.0,0.0,0.0,0.0,0.0,0.0,0.0,0.0,0.0,0.0,0.0,0.0,0.0,0.0,0.0,0.0,0.0,0.0,0.0,0.0,0.0,0.0,0.0,0.0,0.0,0.0,0.0,0.0,0.0,0.0,0.0,0.0,0.0,0.0,0.0,0.0,0.0,0.0,0.0,0.0,0.0,0.0,0.0,0.0,0.0,0.0,0.0,0.0,0.0,0.0,0.0,0.0,0.0,0.0,0.0,0.0,0.0,0.0,0.0,0.0,0.0,0.0,0.0,0.0,0.0,0.0,0.0,0.0,0.0,0.0,0.0,0.0,0.0,0.0,0.0,0.0,0.0,0.0,0.0,0.0,0.0,0.0,0.0,0.0,0.0,0.0,0.0,0.0,0.0,0.0,0.0,0.0,0.0,0.0,0.0,0.0,0.0,0.0,0.0,0.0,0.0,0.0,0.0,0.0,0.0,0.0,0.0,0.0,0.0,0.0,0.0,0.0,0.0,0.0,0.0,0.0,0.0,0.0,0.0,0.0,0.0,0.0,0.0,0.0,0.0,0.0,0.0,0.0,0.0,0.0,0.0,0.0,0.0,0.0,0.0,0.0,0.0,0.0,0.0,0.0,0.0,0.0,0.0,0.0,0.0,0.0,0.0,0.0,0.0,0.0,0.0,0.0,0.0,0.0,0.0,0.0,0.0,0.0,0.0,0.0,0.0,0.0,0.0,0.0,0.0,0.0,0.0,0.0,0.0,0.0,0.0,0.0,0.0,0.0,0.0,0.0,0.0,0.0,0.0,0.0,0.0,0.0,0.0,0.0,0.0,0.0,0.0,0.0,0.0,0.0,0.0,0.0,0.0,0.0,0.0,0.0,0.0,0.0,0.0,0.0,0.0,0.0,0.0,0.0,0.0,0.0,0.0,0.0,0.0,0.0,0.0,0.0,0.0,0.0,0.0,0.0,0.0,0.0,0.0,0.0,0.0,0.0,0.0,0.0,0.0,0.0,0.0,0.0,0.0,0.0,0.0,0.0,0.0,0.0,0.0,0.0,0.0,0.0,0.0,0.0,0.0,0.0,0.0,0.0,0.0,0.0,0.0,0.0,0.0,0.0,0.0,0.0,0.0,0.0,0.0,0.0,0.0,0.0,0.0,0.0,0.0,0.0,0.0,0.0,0.0,0.0,0.0,0.0,0.0,0.0,0.0,0.0,0.0,0.0,0.0,0.0,0.0,0.0,0.0,0.0,0.0,0.0,0.0,0.0,2.9052618291223552e-08,5.406891039132795e-05,3.4972311078873e-05,4.687938824049957e-06,1.857380403041638e-08,1.1482070070699404e-18,0.0,0.0,0.0,0.0,0.0,0.0,0.0,0.0,0.0,0.0,0.0,0.0,0.0,0.0,0.007866824594146874,13.046142927212832,10.478103027728531,2.1002448738220885,0.008503794902981365,5.280732964371427e-13,0.0,0.0,0.0,0.0,0.0,0.0,0.0,0.0,0.0,0.0,0.0,0.0,0.0,0.0,110.0,0.02594625766797316,0.09232386642116035,0.005803368886174624,0.22755025349655497,0.055611020509394496,0.2165747789049026,0.21790912452510727,-0.07440634222156416,0.030250798391950724,0.10036984532847777,0.05195593246387118,0.20116830531275742,0.22865086236482884,0.25660434222978307,0.24670660844467143,0.26556037965116647,0.29915847509602095,0.45075421339961563,0.21790912452510727,0.16788087576144387,0.1992136577928707,0.3065842532835086,0.23203311526185866,0.9889920748327997,0.0845604745017779,0.1803738627738531,0.27648726539805785,0.2939974773498182
