,RACS-linker_all_prop-I_scope-1_propagg-diff_corragg-avg_bbagg-avg,RACS-linker_all_prop-I_scope-1_propagg-diff_corragg-avg_bbagg-sum,RACS-linker_all_prop-I_scope-1_propagg-diff_corragg-sum_bbagg-avg,RACS-linker_all_prop-I_scope-1_propagg-diff_corragg-sum_bbagg-sum,RACS-linker_all_prop-I_scope-1_propagg-product_corragg-avg_bbagg-avg,RACS-linker_all_prop-I_scope-1_propagg-product_corragg-avg_bbagg-sum,RACS-linker_all_prop-I_scope-1_propagg-product_corragg-sum_bbagg-avg,RACS-linker_all_prop-I_scope-1_propagg-product_corragg-sum_bbagg-sum,RACS-linker_all_prop-I_scope-2_propagg-diff_corragg-avg_bbagg-avg,RACS-linker_all_prop-I_scope-2_propagg-diff_corragg-avg_bbagg-sum,RACS-linker_all_prop-I_scope-2_propagg-diff_corragg-sum_bbagg-avg,RACS-linker_all_prop-I_scope-2_propagg-diff_corragg-sum_bbagg-sum,RACS-linker_all_prop-I_scope-2_propagg-product_corragg-avg_bbagg-avg,RACS-linker_all_prop-I_scope-2_propagg-product_corragg-avg_bbagg-sum,RACS-linker_all_prop-I_scope-2_propagg-product_corragg-sum_bbagg-avg,RACS-linker_all_prop-I_scope-2_propagg-product_corragg-sum_bbagg-sum,RACS-linker_all_prop-I_scope-3_propagg-diff_corragg-avg_bbagg-avg,RACS-linker_all_prop-I_scope-3_propagg-diff_corragg-avg_bbagg-sum,RACS-linker_all_prop-I_scope-3_propagg-diff_corragg-sum_bbagg-avg,RACS-linker_all_prop-I_scope-3_propagg-diff_corragg-sum_bbagg-sum,RACS-linker_all_prop-I_scope-3_propagg-product_corragg-avg_bbagg-avg,RACS-linker_all_prop-I_scope-3_propagg-product_corragg-avg_bbagg-sum,RACS-linker_all_prop-I_scope-3_propagg-product_corragg-sum_bbagg-avg,RACS-linker_all_prop-I_scope-3_propagg-product_corragg-sum_bbagg-sum,RACS-linker_all_prop-T_scope-1_propagg-diff_corragg-avg_bbagg-avg,RACS-linker_all_prop-T_scope-1_propagg-diff_corragg-avg_bbagg-sum,RACS-linker_all_prop-T_scope-1_propagg-diff_corragg-sum_bbagg-avg,RACS-linker_all_prop-T_scope-1_propagg-diff_corragg-sum_bbagg-sum,RACS-linker_all_prop-T_scope-1_propagg-product_corragg-avg_bbagg-avg,RACS-linker_all_prop-T_scope-1_propagg-product_corragg-avg_bbagg-sum,RACS-linker_all_prop-T_scope-1_propagg-product_corragg-sum_bbagg-avg,RACS-linker_all_prop-T_scope-1_propagg-product_corragg-sum_bbagg-sum,RACS-linker_all_prop-T_scope-2_propagg-diff_corragg-avg_bbagg-avg,RACS-linker_all_prop-T_scope-2_propagg-diff_corragg-avg_bbagg-sum,RACS-linker_all_prop-T_scope-2_propagg-diff_corragg-sum_bbagg-avg,RACS-linker_all_prop-T_scope-2_propagg-diff_corragg-sum_bbagg-sum,RACS-linker_all_prop-T_scope-2_propagg-product_corragg-avg_bbagg-avg,RACS-linker_all_prop-T_scope-2_propagg-product_corragg-avg_bbagg-sum,RACS-linker_all_prop-T_scope-2_propagg-product_corragg-sum_bbagg-avg,RACS-linker_all_prop-T_scope-2_propagg-product_corragg-sum_bbagg-sum,RACS-linker_all_prop-T_scope-3_propagg-diff_corragg-avg_bbagg-avg,RACS-linker_all_prop-T_scope-3_propagg-diff_corragg-avg_bbagg-sum,RACS-linker_all_prop-T_scope-3_propagg-diff_corragg-sum_bbagg-avg,RACS-linker_all_prop-T_scope-3_propagg-diff_corragg-sum_bbagg-sum,RACS-linker_all_prop-T_scope-3_propagg-product_corragg-avg_bbagg-avg,RACS-linker_all_prop-T_scope-3_propagg-product_corragg-avg_bbagg-sum,RACS-linker_all_prop-T_scope-3_propagg-product_corragg-sum_bbagg-avg,RACS-linker_all_prop-T_scope-3_propagg-product_corragg-sum_bbagg-sum,RACS-linker_all_prop-X_scope-1_propagg-diff_corragg-avg_bbagg-avg,RACS-linker_all_prop-X_scope-1_propagg-diff_corragg-avg_bbagg-sum,RACS-linker_all_prop-X_scope-1_propagg-diff_corragg-sum_bbagg-avg,RACS-linker_all_prop-X_scope-1_propagg-diff_corragg-sum_bbagg-sum,RACS-linker_all_prop-X_scope-1_propagg-product_corragg-avg_bbagg-avg,RACS-linker_all_prop-X_scope-1_propagg-product_corragg-avg_bbagg-sum,RACS-linker_all_prop-X_scope-1_propagg-product_corragg-sum_bbagg-avg,RACS-linker_all_prop-X_scope-1_propagg-product_corragg-sum_bbagg-sum,RACS-linker_all_prop-X_scope-2_propagg-diff_corragg-avg_bbagg-avg,RACS-linker_all_prop-X_scope-2_propagg-diff_corragg-avg_bbagg-sum,RACS-linker_all_prop-X_scope-2_propagg-diff_corragg-sum_bbagg-avg,RACS-linker_all_prop-X_scope-2_propagg-diff_corragg-sum_bbagg-sum,RACS-linker_all_prop-X_scope-2_propagg-product_corragg-avg_bbagg-avg,RACS-linker_all_prop-X_scope-2_propagg-product_corragg-avg_bbagg-sum,RACS-linker_all_prop-X_scope-2_propagg-product_corragg-sum_bbagg-avg,RACS-linker_all_prop-X_scope-2_propagg-product_corragg-sum_bbagg-sum,RACS-linker_all_prop-X_scope-3_propagg-diff_corragg-avg_bbagg-avg,RACS-linker_all_prop-X_scope-3_propagg-diff_corragg-avg_bbagg-sum,RACS-linker_all_prop-X_scope-3_propagg-diff_corragg-sum_bbagg-avg,RACS-linker_all_prop-X_scope-3_propagg-diff_corragg-sum_bbagg-sum,RACS-linker_all_prop-X_scope-3_propagg-product_corragg-avg_bbagg-avg,RACS-linker_all_prop-X_scope-3_propagg-product_corragg-avg_bbagg-sum,RACS-linker_all_prop-X_scope-3_propagg-product_corragg-sum_bbagg-avg,RACS-linker_all_prop-X_scope-3_propagg-product_corragg-sum_bbagg-sum,RACS-linker_all_prop-mod_pettifor_scope-1_propagg-diff_corragg-avg_bbagg-avg,RACS-linker_all_prop-mod_pettifor_scope-1_propagg-diff_corragg-avg_bbagg-sum,RACS-linker_all_prop-mod_pettifor_scope-1_propagg-diff_corragg-sum_bbagg-avg,RACS-linker_all_prop-mod_pettifor_scope-1_propagg-diff_corragg-sum_bbagg-sum,RACS-linker_all_prop-mod_pettifor_scope-1_propagg-product_corragg-avg_bbagg-avg,RACS-linker_all_prop-mod_pettifor_scope-1_propagg-product_corragg-avg_bbagg-sum,RACS-linker_all_prop-mod_pettifor_scope-1_propagg-product_corragg-sum_bbagg-avg,RACS-linker_all_prop-mod_pettifor_scope-1_propagg-product_corragg-sum_bbagg-sum,RACS-linker_all_prop-mod_pettifor_scope-2_propagg-diff_corragg-avg_bbagg-avg,RACS-linker_all_prop-mod_pettifor_scope-2_propagg-diff_corragg-avg_bbagg-sum,RACS-linker_all_prop-mod_pettifor_scope-2_propagg-diff_corragg-sum_bbagg-avg,RACS-linker_all_prop-mod_pettifor_scope-2_propagg-diff_corragg-sum_bbagg-sum,RACS-linker_all_prop-mod_pettifor_scope-2_propagg-product_corragg-avg_bbagg-avg,RACS-linker_all_prop-mod_pettifor_scope-2_propagg-product_corragg-avg_bbagg-sum,RACS-linker_all_prop-mod_pettifor_scope-2_propagg-product_corragg-sum_bbagg-avg,RACS-linker_all_prop-mod_pettifor_scope-2_propagg-product_corragg-sum_bbagg-sum,RACS-linker_all_prop-mod_pettifor_scope-3_propagg-diff_corragg-avg_bbagg-avg,RACS-linker_all_prop-mod_pettifor_scope-3_propagg-diff_corragg-avg_bbagg-sum,RACS-linker_all_prop-mod_pettifor_scope-3_propagg-diff_corragg-sum_bbagg-avg,RACS-linker_all_prop-mod_pettifor_scope-3_propagg-diff_corragg-sum_bbagg-sum,RACS-linker_all_prop-mod_pettifor_scope-3_propagg-product_corragg-avg_bbagg-avg,RACS-linker_all_prop-mod_pettifor_scope-3_propagg-product_corragg-avg_bbagg-sum,RACS-linker_all_prop-mod_pettifor_scope-3_propagg-product_corragg-sum_bbagg-avg,RACS-linker_all_prop-mod_pettifor_scope-3_propagg-product_corragg-sum_bbagg-sum,RACS-linker_connecting_prop-I_scope-1_propagg-diff_corragg-avg_bbagg-avg,RACS-linker_connecting_prop-I_scope-1_propagg-diff_corragg-avg_bbagg-sum,RACS-linker_connecting_prop-I_scope-1_propagg-diff_corragg-sum_bbagg-avg,RACS-linker_connecting_prop-I_scope-1_propagg-diff_corragg-sum_bbagg-sum,RACS-linker_connecting_prop-I_scope-1_propagg-product_corragg-avg_bbagg-avg,RACS-linker_connecting_prop-I_scope-1_propagg-product_corragg-avg_bbagg-sum,RACS-linker_connecting_prop-I_scope-1_propagg-product_corragg-sum_bbagg-avg,RACS-linker_connecting_prop-I_scope-1_propagg-product_corragg-sum_bbagg-sum,RACS-linker_connecting_prop-I_scope-2_propagg-diff_corragg-avg_bbagg-avg,RACS-linker_connecting_prop-I_scope-2_propagg-diff_corragg-avg_bbagg-sum,RACS-linker_connecting_prop-I_scope-2_propagg-diff_corragg-sum_bbagg-avg,RACS-linker_connecting_prop-I_scope-2_propagg-diff_corragg-sum_bbagg-sum,RACS-linker_connecting_prop-I_scope-2_propagg-product_corragg-avg_bbagg-avg,RACS-linker_connecting_prop-I_scope-2_propagg-product_corragg-avg_bbagg-sum,RACS-linker_connecting_prop-I_scope-2_propagg-product_corragg-sum_bbagg-avg,RACS-linker_connecting_prop-I_scope-2_propagg-product_corragg-sum_bbagg-sum,RACS-linker_connecting_prop-I_scope-3_propagg-diff_corragg-avg_bbagg-avg,RACS-linker_connecting_prop-I_scope-3_propagg-diff_corragg-avg_bbagg-sum,RACS-linker_connecting_prop-I_scope-3_propagg-diff_corragg-sum_bbagg-avg,RACS-linker_connecting_prop-I_scope-3_propagg-diff_corragg-sum_bbagg-sum,RACS-linker_connecting_prop-I_scope-3_propagg-product_corragg-avg_bbagg-avg,RACS-linker_connecting_prop-I_scope-3_propagg-product_corragg-avg_bbagg-sum,RACS-linker_connecting_prop-I_scope-3_propagg-product_corragg-sum_bbagg-avg,RACS-linker_connecting_prop-I_scope-3_propagg-product_corragg-sum_bbagg-sum,RACS-linker_connecting_prop-T_scope-1_propagg-diff_corragg-avg_bbagg-avg,RACS-linker_connecting_prop-T_scope-1_propagg-diff_corragg-avg_bbagg-sum,RACS-linker_connecting_prop-T_scope-1_propagg-diff_corragg-sum_bbagg-avg,RACS-linker_connecting_prop-T_scope-1_propagg-diff_corragg-sum_bbagg-sum,RACS-linker_connecting_prop-T_scope-1_propagg-product_corragg-avg_bbagg-avg,RACS-linker_connecting_prop-T_scope-1_propagg-product_corragg-avg_bbagg-sum,RACS-linker_connecting_prop-T_scope-1_propagg-product_corragg-sum_bbagg-avg,RACS-linker_connecting_prop-T_scope-1_propagg-product_corragg-sum_bbagg-sum,RACS-linker_connecting_prop-T_scope-2_propagg-diff_corragg-avg_bbagg-avg,RACS-linker_connecting_prop-T_scope-2_propagg-diff_corragg-avg_bbagg-sum,RACS-linker_connecting_prop-T_scope-2_propagg-diff_corragg-sum_bbagg-avg,RACS-linker_connecting_prop-T_scope-2_propagg-diff_corragg-sum_bbagg-sum,RACS-linker_connecting_prop-T_scope-2_propagg-product_corragg-avg_bbagg-avg,RACS-linker_connecting_prop-T_scope-2_propagg-product_corragg-avg_bbagg-sum,RACS-linker_connecting_prop-T_scope-2_propagg-product_corragg-sum_bbagg-avg,RACS-linker_connecting_prop-T_scope-2_propagg-product_corragg-sum_bbagg-sum,RACS-linker_connecting_prop-T_scope-3_propagg-diff_corragg-avg_bbagg-avg,RACS-linker_connecting_prop-T_scope-3_propagg-diff_corragg-avg_bbagg-sum,RACS-linker_connecting_prop-T_scope-3_propagg-diff_corragg-sum_bbagg-avg,RACS-linker_connecting_prop-T_scope-3_propagg-diff_corragg-sum_bbagg-sum,RACS-linker_connecting_prop-T_scope-3_propagg-product_corragg-avg_bbagg-avg,RACS-linker_connecting_prop-T_scope-3_propagg-product_corragg-avg_bbagg-sum,RACS-linker_connecting_prop-T_scope-3_propagg-product_corragg-sum_bbagg-avg,RACS-linker_connecting_prop-T_scope-3_propagg-product_corragg-sum_bbagg-sum,RACS-linker_connecting_prop-X_scope-1_propagg-diff_corragg-avg_bbagg-avg,RACS-linker_connecting_prop-X_scope-1_propagg-diff_corragg-avg_bbagg-sum,RACS-linker_connecting_prop-X_scope-1_propagg-diff_corragg-sum_bbagg-avg,RACS-linker_connecting_prop-X_scope-1_propagg-diff_corragg-sum_bbagg-sum,RACS-linker_connecting_prop-X_scope-1_propagg-product_corragg-avg_bbagg-avg,RACS-linker_connecting_prop-X_scope-1_propagg-product_corragg-avg_bbagg-sum,RACS-linker_connecting_prop-X_scope-1_propagg-product_corragg-sum_bbagg-avg,RACS-linker_connecting_prop-X_scope-1_propagg-product_corragg-sum_bbagg-sum,RACS-linker_connecting_prop-X_scope-2_propagg-diff_corragg-avg_bbagg-avg,RACS-linker_connecting_prop-X_scope-2_propagg-diff_corragg-avg_bbagg-sum,RACS-linker_connecting_prop-X_scope-2_propagg-diff_corragg-sum_bbagg-avg,RACS-linker_connecting_prop-X_scope-2_propagg-diff_corragg-sum_bbagg-sum,RACS-linker_connecting_prop-X_scope-2_propagg-product_corragg-avg_bbagg-avg,RACS-linker_connecting_prop-X_scope-2_propagg-product_corragg-avg_bbagg-sum,RACS-linker_connecting_prop-X_scope-2_propagg-product_corragg-sum_bbagg-avg,RACS-linker_connecting_prop-X_scope-2_propagg-product_corragg-sum_bbagg-sum,RACS-linker_connecting_prop-X_scope-3_propagg-diff_corragg-avg_bbagg-avg,RACS-linker_connecting_prop-X_scope-3_propagg-diff_corragg-avg_bbagg-sum,RACS-linker_connecting_prop-X_scope-3_propagg-diff_corragg-sum_bbagg-avg,RACS-linker_connecting_prop-X_scope-3_propagg-diff_corragg-sum_bbagg-sum,RACS-linker_connecting_prop-X_scope-3_propagg-product_corragg-avg_bbagg-avg,RACS-linker_connecting_prop-X_scope-3_propagg-product_corragg-avg_bbagg-sum,RACS-linker_connecting_prop-X_scope-3_propagg-product_corragg-sum_bbagg-avg,RACS-linker_connecting_prop-X_scope-3_propagg-product_corragg-sum_bbagg-sum,RACS-linker_connecting_prop-mod_pettifor_scope-1_propagg-diff_corragg-avg_bbagg-avg,RACS-linker_connecting_prop-mod_pettifor_scope-1_propagg-diff_corragg-avg_bbagg-sum,RACS-linker_connecting_prop-mod_pettifor_scope-1_propagg-diff_corragg-sum_bbagg-avg,RACS-linker_connecting_prop-mod_pettifor_scope-1_propagg-diff_corragg-sum_bbagg-sum,RACS-linker_connecting_prop-mod_pettifor_scope-1_propagg-product_corragg-avg_bbagg-avg,RACS-linker_connecting_prop-mod_pettifor_scope-1_propagg-product_corragg-avg_bbagg-sum,RACS-linker_connecting_prop-mod_pettifor_scope-1_propagg-product_corragg-sum_bbagg-avg,RACS-linker_connecting_prop-mod_pettifor_scope-1_propagg-product_corragg-sum_bbagg-sum,RACS-linker_connecting_prop-mod_pettifor_scope-2_propagg-diff_corragg-avg_bbagg-avg,RACS-linker_connecting_prop-mod_pettifor_scope-2_propagg-diff_corragg-avg_bbagg-sum,RACS-linker_connecting_prop-mod_pettifor_scope-2_propagg-diff_corragg-sum_bbagg-avg,RACS-linker_connecting_prop-mod_pettifor_scope-2_propagg-diff_corragg-sum_bbagg-sum,RACS-linker_connecting_prop-mod_pettifor_scope-2_propagg-product_corragg-avg_bbagg-avg,RACS-linker_connecting_prop-mod_pettifor_scope-2_propagg-product_corragg-avg_bbagg-sum,RACS-linker_connecting_prop-mod_pettifor_scope-2_propagg-product_corragg-sum_bbagg-avg,RACS-linker_connecting_prop-mod_pettifor_scope-2_propagg-product_corragg-sum_bbagg-sum,RACS-linker_connecting_prop-mod_pettifor_scope-3_propagg-diff_corragg-avg_bbagg-avg,RACS-linker_connecting_prop-mod_pettifor_scope-3_propagg-diff_corragg-avg_bbagg-sum,RACS-linker_connecting_prop-mod_pettifor_scope-3_propagg-diff_corragg-sum_bbagg-avg,RACS-linker_connecting_prop-mod_pettifor_scope-3_propagg-diff_corragg-sum_bbagg-sum,RACS-linker_connecting_prop-mod_pettifor_scope-3_propagg-product_corragg-avg_bbagg-avg,RACS-linker_connecting_prop-mod_pettifor_scope-3_propagg-product_corragg-avg_bbagg-sum,RACS-linker_connecting_prop-mod_pettifor_scope-3_propagg-product_corragg-sum_bbagg-avg,RACS-linker_connecting_prop-mod_pettifor_scope-3_propagg-product_corragg-sum_bbagg-sum,RACS-linker_functional_prop-I_scope-1_propagg-diff_corragg-avg_bbagg-avg,RACS-linker_functional_prop-I_scope-1_propagg-diff_corragg-avg_bbagg-sum,RACS-linker_functional_prop-I_scope-1_propagg-diff_corragg-sum_bbagg-avg,RACS-linker_functional_prop-I_scope-1_propagg-diff_corragg-sum_bbagg-sum,RACS-linker_functional_prop-I_scope-1_propagg-product_corragg-avg_bbagg-avg,RACS-linker_functional_prop-I_scope-1_propagg-product_corragg-avg_bbagg-sum,RACS-linker_functional_prop-I_scope-1_propagg-product_corragg-sum_bbagg-avg,RACS-linker_functional_prop-I_scope-1_propagg-product_corragg-sum_bbagg-sum,RACS-linker_functional_prop-I_scope-2_propagg-diff_corragg-avg_bbagg-avg,RACS-linker_functional_prop-I_scope-2_propagg-diff_corragg-avg_bbagg-sum,RACS-linker_functional_prop-I_scope-2_propagg-diff_corragg-sum_bbagg-avg,RACS-linker_functional_prop-I_scope-2_propagg-diff_corragg-sum_bbagg-sum,RACS-linker_functional_prop-I_scope-2_propagg-product_corragg-avg_bbagg-avg,RACS-linker_functional_prop-I_scope-2_propagg-product_corragg-avg_bbagg-sum,RACS-linker_functional_prop-I_scope-2_propagg-product_corragg-sum_bbagg-avg,RACS-linker_functional_prop-I_scope-2_propagg-product_corragg-sum_bbagg-sum,RACS-linker_functional_prop-I_scope-3_propagg-diff_corragg-avg_bbagg-avg,RACS-linker_functional_prop-I_scope-3_propagg-diff_corragg-avg_bbagg-sum,RACS-linker_functional_prop-I_scope-3_propagg-diff_corragg-sum_bbagg-avg,RACS-linker_functional_prop-I_scope-3_propagg-diff_corragg-sum_bbagg-sum,RACS-linker_functional_prop-I_scope-3_propagg-product_corragg-avg_bbagg-avg,RACS-linker_functional_prop-I_scope-3_propagg-product_corragg-avg_bbagg-sum,RACS-linker_functional_prop-I_scope-3_propagg-product_corragg-sum_bbagg-avg,RACS-linker_functional_prop-I_scope-3_propagg-product_corragg-sum_bbagg-sum,RACS-linker_functional_prop-T_scope-1_propagg-diff_corragg-avg_bbagg-avg,RACS-linker_functional_prop-T_scope-1_propagg-diff_corragg-avg_bbagg-sum,RACS-linker_functional_prop-T_scope-1_propagg-diff_corragg-sum_bbagg-avg,RACS-linker_functional_prop-T_scope-1_propagg-diff_corragg-sum_bbagg-sum,RACS-linker_functional_prop-T_scope-1_propagg-product_corragg-avg_bbagg-avg,RACS-linker_functional_prop-T_scope-1_propagg-product_corragg-avg_bbagg-sum,RACS-linker_functional_prop-T_scope-1_propagg-product_corragg-sum_bbagg-avg,RACS-linker_functional_prop-T_scope-1_propagg-product_corragg-sum_bbagg-sum,RACS-linker_functional_prop-T_scope-2_propagg-diff_corragg-avg_bbagg-avg,RACS-linker_functional_prop-T_scope-2_propagg-diff_corragg-avg_bbagg-sum,RACS-linker_functional_prop-T_scope-2_propagg-diff_corragg-sum_bbagg-avg,RACS-linker_functional_prop-T_scope-2_propagg-diff_corragg-sum_bbagg-sum,RACS-linker_functional_prop-T_scope-2_propagg-product_corragg-avg_bbagg-avg,RACS-linker_functional_prop-T_scope-2_propagg-product_corragg-avg_bbagg-sum,RACS-linker_functional_prop-T_scope-2_propagg-product_corragg-sum_bbagg-avg,RACS-linker_functional_prop-T_scope-2_propagg-product_corragg-sum_bbagg-sum,RACS-linker_functional_prop-T_scope-3_propagg-diff_corragg-avg_bbagg-avg,RACS-linker_functional_prop-T_scope-3_propagg-diff_corragg-avg_bbagg-sum,RACS-linker_functional_prop-T_scope-3_propagg-diff_corragg-sum_bbagg-avg,RACS-linker_functional_prop-T_scope-3_propagg-diff_corragg-sum_bbagg-sum,RACS-linker_functional_prop-T_scope-3_propagg-product_corragg-avg_bbagg-avg,RACS-linker_functional_prop-T_scope-3_propagg-product_corragg-avg_bbagg-sum,RACS-linker_functional_prop-T_scope-3_propagg-product_corragg-sum_bbagg-avg,RACS-linker_functional_prop-T_scope-3_propagg-product_corragg-sum_bbagg-sum,RACS-linker_functional_prop-X_scope-1_propagg-diff_corragg-avg_bbagg-avg,RACS-linker_functional_prop-X_scope-1_propagg-diff_corragg-avg_bbagg-sum,RACS-linker_functional_prop-X_scope-1_propagg-diff_corragg-sum_bbagg-avg,RACS-linker_functional_prop-X_scope-1_propagg-diff_corragg-sum_bbagg-sum,RACS-linker_functional_prop-X_scope-1_propagg-product_corragg-avg_bbagg-avg,RACS-linker_functional_prop-X_scope-1_propagg-product_corragg-avg_bbagg-sum,RACS-linker_functional_prop-X_scope-1_propagg-product_corragg-sum_bbagg-avg,RACS-linker_functional_prop-X_scope-1_propagg-product_corragg-sum_bbagg-sum,RACS-linker_functional_prop-X_scope-2_propagg-diff_corragg-avg_bbagg-avg,RACS-linker_functional_prop-X_scope-2_propagg-diff_corragg-avg_bbagg-sum,RACS-linker_functional_prop-X_scope-2_propagg-diff_corragg-sum_bbagg-avg,RACS-linker_functional_prop-X_scope-2_propagg-diff_corragg-sum_bbagg-sum,RACS-linker_functional_prop-X_scope-2_propagg-product_corragg-avg_bbagg-avg,RACS-linker_functional_prop-X_scope-2_propagg-product_corragg-avg_bbagg-sum,RACS-linker_functional_prop-X_scope-2_propagg-product_corragg-sum_bbagg-avg,RACS-linker_functional_prop-X_scope-2_propagg-product_corragg-sum_bbagg-sum,RACS-linker_functional_prop-X_scope-3_propagg-diff_corragg-avg_bbagg-avg,RACS-linker_functional_prop-X_scope-3_propagg-diff_corragg-avg_bbagg-sum,RACS-linker_functional_prop-X_scope-3_propagg-diff_corragg-sum_bbagg-avg,RACS-linker_functional_prop-X_scope-3_propagg-diff_corragg-sum_bbagg-sum,RACS-linker_functional_prop-X_scope-3_propagg-product_corragg-avg_bbagg-avg,RACS-linker_functional_prop-X_scope-3_propagg-product_corragg-avg_bbagg-sum,RACS-linker_functional_prop-X_scope-3_propagg-product_corragg-sum_bbagg-avg,RACS-linker_functional_prop-X_scope-3_propagg-product_corragg-sum_bbagg-sum,RACS-linker_functional_prop-mod_pettifor_scope-1_propagg-diff_corragg-avg_bbagg-avg,RACS-linker_functional_prop-mod_pettifor_scope-1_propagg-diff_corragg-avg_bbagg-sum,RACS-linker_functional_prop-mod_pettifor_scope-1_propagg-diff_corragg-sum_bbagg-avg,RACS-linker_functional_prop-mod_pettifor_scope-1_propagg-diff_corragg-sum_bbagg-sum,RACS-linker_functional_prop-mod_pettifor_scope-1_propagg-product_corragg-avg_bbagg-avg,RACS-linker_functional_prop-mod_pettifor_scope-1_propagg-product_corragg-avg_bbagg-sum,RACS-linker_functional_prop-mod_pettifor_scope-1_propagg-product_corragg-sum_bbagg-avg,RACS-linker_functional_prop-mod_pettifor_scope-1_propagg-product_corragg-sum_bbagg-sum,RACS-linker_functional_prop-mod_pettifor_scope-2_propagg-diff_corragg-avg_bbagg-avg,RACS-linker_functional_prop-mod_pettifor_scope-2_propagg-diff_corragg-avg_bbagg-sum,RACS-linker_functional_prop-mod_pettifor_scope-2_propagg-diff_corragg-sum_bbagg-avg,RACS-linker_functional_prop-mod_pettifor_scope-2_propagg-diff_corragg-sum_bbagg-sum,RACS-linker_functional_prop-mod_pettifor_scope-2_propagg-product_corragg-avg_bbagg-avg,RACS-linker_functional_prop-mod_pettifor_scope-2_propagg-product_corragg-avg_bbagg-sum,RACS-linker_functional_prop-mod_pettifor_scope-2_propagg-product_corragg-sum_bbagg-avg,RACS-linker_functional_prop-mod_pettifor_scope-2_propagg-product_corragg-sum_bbagg-sum,RACS-linker_functional_prop-mod_pettifor_scope-3_propagg-diff_corragg-avg_bbagg-avg,RACS-linker_functional_prop-mod_pettifor_scope-3_propagg-diff_corragg-avg_bbagg-sum,RACS-linker_functional_prop-mod_pettifor_scope-3_propagg-diff_corragg-sum_bbagg-avg,RACS-linker_functional_prop-mod_pettifor_scope-3_propagg-diff_corragg-sum_bbagg-sum,RACS-linker_functional_prop-mod_pettifor_scope-3_propagg-product_corragg-avg_bbagg-avg,RACS-linker_functional_prop-mod_pettifor_scope-3_propagg-product_corragg-avg_bbagg-sum,RACS-linker_functional_prop-mod_pettifor_scope-3_propagg-product_corragg-sum_bbagg-avg,RACS-linker_functional_prop-mod_pettifor_scope-3_propagg-product_corragg-sum_bbagg-sum,RACS-linker_scaffold_prop-I_scope-1_propagg-diff_corragg-avg_bbagg-avg,RACS-linker_scaffold_prop-I_scope-1_propagg-diff_corragg-avg_bbagg-sum,RACS-linker_scaffold_prop-I_scope-1_propagg-diff_corragg-sum_bbagg-avg,RACS-linker_scaffold_prop-I_scope-1_propagg-diff_corragg-sum_bbagg-sum,RACS-linker_scaffold_prop-I_scope-1_propagg-product_corragg-avg_bbagg-avg,RACS-linker_scaffold_prop-I_scope-1_propagg-product_corragg-avg_bbagg-sum,RACS-linker_scaffold_prop-I_scope-1_propagg-product_corragg-sum_bbagg-avg,RACS-linker_scaffold_prop-I_scope-1_propagg-product_corragg-sum_bbagg-sum,RACS-linker_scaffold_prop-I_scope-2_propagg-diff_corragg-avg_bbagg-avg,RACS-linker_scaffold_prop-I_scope-2_propagg-diff_corragg-avg_bbagg-sum,RACS-linker_scaffold_prop-I_scope-2_propagg-diff_corragg-sum_bbagg-avg,RACS-linker_scaffold_prop-I_scope-2_propagg-diff_corragg-sum_bbagg-sum,RACS-linker_scaffold_prop-I_scope-2_propagg-product_corragg-avg_bbagg-avg,RACS-linker_scaffold_prop-I_scope-2_propagg-product_corragg-avg_bbagg-sum,RACS-linker_scaffold_prop-I_scope-2_propagg-product_corragg-sum_bbagg-avg,RACS-linker_scaffold_prop-I_scope-2_propagg-product_corragg-sum_bbagg-sum,RACS-linker_scaffold_prop-I_scope-3_propagg-diff_corragg-avg_bbagg-avg,RACS-linker_scaffold_prop-I_scope-3_propagg-diff_corragg-avg_bbagg-sum,RACS-linker_scaffold_prop-I_scope-3_propagg-diff_corragg-sum_bbagg-avg,RACS-linker_scaffold_prop-I_scope-3_propagg-diff_corragg-sum_bbagg-sum,RACS-linker_scaffold_prop-I_scope-3_propagg-product_corragg-avg_bbagg-avg,RACS-linker_scaffold_prop-I_scope-3_propagg-product_corragg-avg_bbagg-sum,RACS-linker_scaffold_prop-I_scope-3_propagg-product_corragg-sum_bbagg-avg,RACS-linker_scaffold_prop-I_scope-3_propagg-product_corragg-sum_bbagg-sum,RACS-linker_scaffold_prop-T_scope-1_propagg-diff_corragg-avg_bbagg-avg,RACS-linker_scaffold_prop-T_scope-1_propagg-diff_corragg-avg_bbagg-sum,RACS-linker_scaffold_prop-T_scope-1_propagg-diff_corragg-sum_bbagg-avg,RACS-linker_scaffold_prop-T_scope-1_propagg-diff_corragg-sum_bbagg-sum,RACS-linker_scaffold_prop-T_scope-1_propagg-product_corragg-avg_bbagg-avg,RACS-linker_scaffold_prop-T_scope-1_propagg-product_corragg-avg_bbagg-sum,RACS-linker_scaffold_prop-T_scope-1_propagg-product_corragg-sum_bbagg-avg,RACS-linker_scaffold_prop-T_scope-1_propagg-product_corragg-sum_bbagg-sum,RACS-linker_scaffold_prop-T_scope-2_propagg-diff_corragg-avg_bbagg-avg,RACS-linker_scaffold_prop-T_scope-2_propagg-diff_corragg-avg_bbagg-sum,RACS-linker_scaffold_prop-T_scope-2_propagg-diff_corragg-sum_bbagg-avg,RACS-linker_scaffold_prop-T_scope-2_propagg-diff_corragg-sum_bbagg-sum,RACS-linker_scaffold_prop-T_scope-2_propagg-product_corragg-avg_bbagg-avg,RACS-linker_scaffold_prop-T_scope-2_propagg-product_corragg-avg_bbagg-sum,RACS-linker_scaffold_prop-T_scope-2_propagg-product_corragg-sum_bbagg-avg,RACS-linker_scaffold_prop-T_scope-2_propagg-product_corragg-sum_bbagg-sum,RACS-linker_scaffold_prop-T_scope-3_propagg-diff_corragg-avg_bbagg-avg,RACS-linker_scaffold_prop-T_scope-3_propagg-diff_corragg-avg_bbagg-sum,RACS-linker_scaffold_prop-T_scope-3_propagg-diff_corragg-sum_bbagg-avg,RACS-linker_scaffold_prop-T_scope-3_propagg-diff_corragg-sum_bbagg-sum,RACS-linker_scaffold_prop-T_scope-3_propagg-product_corragg-avg_bbagg-avg,RACS-linker_scaffold_prop-T_scope-3_propagg-product_corragg-avg_bbagg-sum,RACS-linker_scaffold_prop-T_scope-3_propagg-product_corragg-sum_bbagg-avg,RACS-linker_scaffold_prop-T_scope-3_propagg-product_corragg-sum_bbagg-sum,RACS-linker_scaffold_prop-X_scope-1_propagg-diff_corragg-avg_bbagg-avg,RACS-linker_scaffold_prop-X_scope-1_propagg-diff_corragg-avg_bbagg-sum,RACS-linker_scaffold_prop-X_scope-1_propagg-diff_corragg-sum_bbagg-avg,RACS-linker_scaffold_prop-X_scope-1_propagg-diff_corragg-sum_bbagg-sum,RACS-linker_scaffold_prop-X_scope-1_propagg-product_corragg-avg_bbagg-avg,RACS-linker_scaffold_prop-X_scope-1_propagg-product_corragg-avg_bbagg-sum,RACS-linker_scaffold_prop-X_scope-1_propagg-product_corragg-sum_bbagg-avg,RACS-linker_scaffold_prop-X_scope-1_propagg-product_corragg-sum_bbagg-sum,RACS-linker_scaffold_prop-X_scope-2_propagg-diff_corragg-avg_bbagg-avg,RACS-linker_scaffold_prop-X_scope-2_propagg-diff_corragg-avg_bbagg-sum,RACS-linker_scaffold_prop-X_scope-2_propagg-diff_corragg-sum_bbagg-avg,RACS-linker_scaffold_prop-X_scope-2_propagg-diff_corragg-sum_bbagg-sum,RACS-linker_scaffold_prop-X_scope-2_propagg-product_corragg-avg_bbagg-avg,RACS-linker_scaffold_prop-X_scope-2_propagg-product_corragg-avg_bbagg-sum,RACS-linker_scaffold_prop-X_scope-2_propagg-product_corragg-sum_bbagg-avg,RACS-linker_scaffold_prop-X_scope-2_propagg-product_corragg-sum_bbagg-sum,RACS-linker_scaffold_prop-X_scope-3_propagg-diff_corragg-avg_bbagg-avg,RACS-linker_scaffold_prop-X_scope-3_propagg-diff_corragg-avg_bbagg-sum,RACS-linker_scaffold_prop-X_scope-3_propagg-diff_corragg-sum_bbagg-avg,RACS-linker_scaffold_prop-X_scope-3_propagg-diff_corragg-sum_bbagg-sum,RACS-linker_scaffold_prop-X_scope-3_propagg-product_corragg-avg_bbagg-avg,RACS-linker_scaffold_prop-X_scope-3_propagg-product_corragg-avg_bbagg-sum,RACS-linker_scaffold_prop-X_scope-3_propagg-product_corragg-sum_bbagg-avg,RACS-linker_scaffold_prop-X_scope-3_propagg-product_corragg-sum_bbagg-sum,RACS-linker_scaffold_prop-mod_pettifor_scope-1_propagg-diff_corragg-avg_bbagg-avg,RACS-linker_scaffold_prop-mod_pettifor_scope-1_propagg-diff_corragg-avg_bbagg-sum,RACS-linker_scaffold_prop-mod_pettifor_scope-1_propagg-diff_corragg-sum_bbagg-avg,RACS-linker_scaffold_prop-mod_pettifor_scope-1_propagg-diff_corragg-sum_bbagg-sum,RACS-linker_scaffold_prop-mod_pettifor_scope-1_propagg-product_corragg-avg_bbagg-avg,RACS-linker_scaffold_prop-mod_pettifor_scope-1_propagg-product_corragg-avg_bbagg-sum,RACS-linker_scaffold_prop-mod_pettifor_scope-1_propagg-product_corragg-sum_bbagg-avg,RACS-linker_scaffold_prop-mod_pettifor_scope-1_propagg-product_corragg-sum_bbagg-sum,RACS-linker_scaffold_prop-mod_pettifor_scope-2_propagg-diff_corragg-avg_bbagg-avg,RACS-linker_scaffold_prop-mod_pettifor_scope-2_propagg-diff_corragg-avg_bbagg-sum,RACS-linker_scaffold_prop-mod_pettifor_scope-2_propagg-diff_corragg-sum_bbagg-avg,RACS-linker_scaffold_prop-mod_pettifor_scope-2_propagg-diff_corragg-sum_bbagg-sum,RACS-linker_scaffold_prop-mod_pettifor_scope-2_propagg-product_corragg-avg_bbagg-avg,RACS-linker_scaffold_prop-mod_pettifor_scope-2_propagg-product_corragg-avg_bbagg-sum,RACS-linker_scaffold_prop-mod_pettifor_scope-2_propagg-product_corragg-sum_bbagg-avg,RACS-linker_scaffold_prop-mod_pettifor_scope-2_propagg-product_corragg-sum_bbagg-sum,RACS-linker_scaffold_prop-mod_pettifor_scope-3_propagg-diff_corragg-avg_bbagg-avg,RACS-linker_scaffold_prop-mod_pettifor_scope-3_propagg-diff_corragg-avg_bbagg-sum,RACS-linker_scaffold_prop-mod_pettifor_scope-3_propagg-diff_corragg-sum_bbagg-avg,RACS-linker_scaffold_prop-mod_pettifor_scope-3_propagg-diff_corragg-sum_bbagg-sum,RACS-linker_scaffold_prop-mod_pettifor_scope-3_propagg-product_corragg-avg_bbagg-avg,RACS-linker_scaffold_prop-mod_pettifor_scope-3_propagg-product_corragg-avg_bbagg-sum,RACS-linker_scaffold_prop-mod_pettifor_scope-3_propagg-product_corragg-sum_bbagg-avg,RACS-linker_scaffold_prop-mod_pettifor_scope-3_propagg-product_corragg-sum_bbagg-sum,RACS-nodes_prop-I_scope-1_propagg-diff_corragg-avg_bbagg-avg,RACS-nodes_prop-I_scope-1_propagg-diff_corragg-avg_bbagg-sum,RACS-nodes_prop-I_scope-1_propagg-diff_corragg-sum_bbagg-avg,RACS-nodes_prop-I_scope-1_propagg-diff_corragg-sum_bbagg-sum,RACS-nodes_prop-I_scope-1_propagg-product_corragg-avg_bbagg-avg,RACS-nodes_prop-I_scope-1_propagg-product_corragg-avg_bbagg-sum,RACS-nodes_prop-I_scope-1_propagg-product_corragg-sum_bbagg-avg,RACS-nodes_prop-I_scope-1_propagg-product_corragg-sum_bbagg-sum,RACS-nodes_prop-I_scope-2_propagg-diff_corragg-avg_bbagg-avg,RACS-nodes_prop-I_scope-2_propagg-diff_corragg-avg_bbagg-sum,RACS-nodes_prop-I_scope-2_propagg-diff_corragg-sum_bbagg-avg,RACS-nodes_prop-I_scope-2_propagg-diff_corragg-sum_bbagg-sum,RACS-nodes_prop-I_scope-2_propagg-product_corragg-avg_bbagg-avg,RACS-nodes_prop-I_scope-2_propagg-product_corragg-avg_bbagg-sum,RACS-nodes_prop-I_scope-2_propagg-product_corragg-sum_bbagg-avg,RACS-nodes_prop-I_scope-2_propagg-product_corragg-sum_bbagg-sum,RACS-nodes_prop-I_scope-3_propagg-diff_corragg-avg_bbagg-avg,RACS-nodes_prop-I_scope-3_propagg-diff_corragg-avg_bbagg-sum,RACS-nodes_prop-I_scope-3_propagg-diff_corragg-sum_bbagg-avg,RACS-nodes_prop-I_scope-3_propagg-diff_corragg-sum_bbagg-sum,RACS-nodes_prop-I_scope-3_propagg-product_corragg-avg_bbagg-avg,RACS-nodes_prop-I_scope-3_propagg-product_corragg-avg_bbagg-sum,RACS-nodes_prop-I_scope-3_propagg-product_corragg-sum_bbagg-avg,RACS-nodes_prop-I_scope-3_propagg-product_corragg-sum_bbagg-sum,RACS-nodes_prop-T_scope-1_propagg-diff_corragg-avg_bbagg-avg,RACS-nodes_prop-T_scope-1_propagg-diff_corragg-avg_bbagg-sum,RACS-nodes_prop-T_scope-1_propagg-diff_corragg-sum_bbagg-avg,RACS-nodes_prop-T_scope-1_propagg-diff_corragg-sum_bbagg-sum,RACS-nodes_prop-T_scope-1_propagg-product_corragg-avg_bbagg-avg,RACS-nodes_prop-T_scope-1_propagg-product_corragg-avg_bbagg-sum,RACS-nodes_prop-T_scope-1_propagg-product_corragg-sum_bbagg-avg,RACS-nodes_prop-T_scope-1_propagg-product_corragg-sum_bbagg-sum,RACS-nodes_prop-T_scope-2_propagg-diff_corragg-avg_bbagg-avg,RACS-nodes_prop-T_scope-2_propagg-diff_corragg-avg_bbagg-sum,RACS-nodes_prop-T_scope-2_propagg-diff_corragg-sum_bbagg-avg,RACS-nodes_prop-T_scope-2_propagg-diff_corragg-sum_bbagg-sum,RACS-nodes_prop-T_scope-2_propagg-product_corragg-avg_bbagg-avg,RACS-nodes_prop-T_scope-2_propagg-product_corragg-avg_bbagg-sum,RACS-nodes_prop-T_scope-2_propagg-product_corragg-sum_bbagg-avg,RACS-nodes_prop-T_scope-2_propagg-product_corragg-sum_bbagg-sum,RACS-nodes_prop-T_scope-3_propagg-diff_corragg-avg_bbagg-avg,RACS-nodes_prop-T_scope-3_propagg-diff_corragg-avg_bbagg-sum,RACS-nodes_prop-T_scope-3_propagg-diff_corragg-sum_bbagg-avg,RACS-nodes_prop-T_scope-3_propagg-diff_corragg-sum_bbagg-sum,RACS-nodes_prop-T_scope-3_propagg-product_corragg-avg_bbagg-avg,RACS-nodes_prop-T_scope-3_propagg-product_corragg-avg_bbagg-sum,RACS-nodes_prop-T_scope-3_propagg-product_corragg-sum_bbagg-avg,RACS-nodes_prop-T_scope-3_propagg-product_corragg-sum_bbagg-sum,RACS-nodes_prop-X_scope-1_propagg-diff_corragg-avg_bbagg-avg,RACS-nodes_prop-X_scope-1_propagg-diff_corragg-avg_bbagg-sum,RACS-nodes_prop-X_scope-1_propagg-diff_corragg-sum_bbagg-avg,RACS-nodes_prop-X_scope-1_propagg-diff_corragg-sum_bbagg-sum,RACS-nodes_prop-X_scope-1_propagg-product_corragg-avg_bbagg-avg,RACS-nodes_prop-X_scope-1_propagg-product_corragg-avg_bbagg-sum,RACS-nodes_prop-X_scope-1_propagg-product_corragg-sum_bbagg-avg,RACS-nodes_prop-X_scope-1_propagg-product_corragg-sum_bbagg-sum,RACS-nodes_prop-X_scope-2_propagg-diff_corragg-avg_bbagg-avg,RACS-nodes_prop-X_scope-2_propagg-diff_corragg-avg_bbagg-sum,RACS-nodes_prop-X_scope-2_propagg-diff_corragg-sum_bbagg-avg,RACS-nodes_prop-X_scope-2_propagg-diff_corragg-sum_bbagg-sum,RACS-nodes_prop-X_scope-2_propagg-product_corragg-avg_bbagg-avg,RACS-nodes_prop-X_scope-2_propagg-product_corragg-avg_bbagg-sum,RACS-nodes_prop-X_scope-2_propagg-product_corragg-sum_bbagg-avg,RACS-nodes_prop-X_scope-2_propagg-product_corragg-sum_bbagg-sum,RACS-nodes_prop-X_scope-3_propagg-diff_corragg-avg_bbagg-avg,RACS-nodes_prop-X_scope-3_propagg-diff_corragg-avg_bbagg-sum,RACS-nodes_prop-X_scope-3_propagg-diff_corragg-sum_bbagg-avg,RACS-nodes_prop-X_scope-3_propagg-diff_corragg-sum_bbagg-sum,RACS-nodes_prop-X_scope-3_propagg-product_corragg-avg_bbagg-avg,RACS-nodes_prop-X_scope-3_propagg-product_corragg-avg_bbagg-sum,RACS-nodes_prop-X_scope-3_propagg-product_corragg-sum_bbagg-avg,RACS-nodes_prop-X_scope-3_propagg-product_corragg-sum_bbagg-sum,RACS-nodes_prop-mod_pettifor_scope-1_propagg-diff_corragg-avg_bbagg-avg,RACS-nodes_prop-mod_pettifor_scope-1_propagg-diff_corragg-avg_bbagg-sum,RACS-nodes_prop-mod_pettifor_scope-1_propagg-diff_corragg-sum_bbagg-avg,RACS-nodes_prop-mod_pettifor_scope-1_propagg-diff_corragg-sum_bbagg-sum,RACS-nodes_prop-mod_pettifor_scope-1_propagg-product_corragg-avg_bbagg-avg,RACS-nodes_prop-mod_pettifor_scope-1_propagg-product_corragg-avg_bbagg-sum,RACS-nodes_prop-mod_pettifor_scope-1_propagg-product_corragg-sum_bbagg-avg,RACS-nodes_prop-mod_pettifor_scope-1_propagg-product_corragg-sum_bbagg-sum,RACS-nodes_prop-mod_pettifor_scope-2_propagg-diff_corragg-avg_bbagg-avg,RACS-nodes_prop-mod_pettifor_scope-2_propagg-diff_corragg-avg_bbagg-sum,RACS-nodes_prop-mod_pettifor_scope-2_propagg-diff_corragg-sum_bbagg-avg,RACS-nodes_prop-mod_pettifor_scope-2_propagg-diff_corragg-sum_bbagg-sum,RACS-nodes_prop-mod_pettifor_scope-2_propagg-product_corragg-avg_bbagg-avg,RACS-nodes_prop-mod_pettifor_scope-2_propagg-product_corragg-avg_bbagg-sum,RACS-nodes_prop-mod_pettifor_scope-2_propagg-product_corragg-sum_bbagg-avg,RACS-nodes_prop-mod_pettifor_scope-2_propagg-product_corragg-sum_bbagg-sum,RACS-nodes_prop-mod_pettifor_scope-3_propagg-diff_corragg-avg_bbagg-avg,RACS-nodes_prop-mod_pettifor_scope-3_propagg-diff_corragg-avg_bbagg-sum,RACS-nodes_prop-mod_pettifor_scope-3_propagg-diff_corragg-sum_bbagg-avg,RACS-nodes_prop-mod_pettifor_scope-3_propagg-diff_corragg-sum_bbagg-sum,RACS-nodes_prop-mod_pettifor_scope-3_propagg-product_corragg-avg_bbagg-avg,RACS-nodes_prop-mod_pettifor_scope-3_propagg-product_corragg-avg_bbagg-sum,RACS-nodes_prop-mod_pettifor_scope-3_propagg-product_corragg-sum_bbagg-avg,RACS-nodes_prop-mod_pettifor_scope-3_propagg-product_corragg-sum_bbagg-sum,phstats_C-H-N-O_dim1_birth_min,phstats_C-H-N-O_dim1_birth_max,phstats_C-H-N-O_dim1_birth_mean,phstats_C-H-N-O_dim1_birth_std,phstats_C-H-N-O_dim1_death_min,phstats_C-H-N-O_dim1_death_max,phstats_C-H-N-O_dim1_death_mean,phstats_C-H-N-O_dim1_death_std,phstats_C-H-N-O_dim1_persistence_min,phstats_C-H-N-O_dim1_persistence_max,phstats_C-H-N-O_dim1_persistence_mean,phstats_C-H-N-O_dim1_persistence_std,phstats_C-H-N-O_dim2_birth_min,phstats_C-H-N-O_dim2_birth_max,phstats_C-H-N-O_dim2_birth_mean,phstats_C-H-N-O_dim2_birth_std,phstats_C-H-N-O_dim2_death_min,phstats_C-H-N-O_dim2_death_max,phstats_C-H-N-O_dim2_death_mean,phstats_C-H-N-O_dim2_death_std,phstats_C-H-N-O_dim2_persistence_min,phstats_C-H-N-O_dim2_persistence_max,phstats_C-H-N-O_dim2_persistence_mean,phstats_C-H-N-O_dim2_persistence_std,phstats_F-Cl-Br-I_dim1_birth_min,phstats_F-Cl-Br-I_dim1_birth_max,phstats_F-Cl-Br-I_dim1_birth_mean,phstats_F-Cl-Br-I_dim1_birth_std,phstats_F-Cl-Br-I_dim1_death_min,phstats_F-Cl-Br-I_dim1_death_max,phstats_F-Cl-Br-I_dim1_death_mean,phstats_F-Cl-Br-I_dim1_death_std,phstats_F-Cl-Br-I_dim1_persistence_min,phstats_F-Cl-Br-I_dim1_persistence_max,phstats_F-Cl-Br-I_dim1_persistence_mean,phstats_F-Cl-Br-I_dim1_persistence_std,phstats_F-Cl-Br-I_dim2_birth_min,phstats_F-Cl-Br-I_dim2_birth_max,phstats_F-Cl-Br-I_dim2_birth_mean,phstats_F-Cl-Br-I_dim2_birth_std,phstats_F-Cl-Br-I_dim2_death_min,phstats_F-Cl-Br-I_dim2_death_max,phstats_F-Cl-Br-I_dim2_death_mean,phstats_F-Cl-Br-I_dim2_death_std,phstats_F-Cl-Br-I_dim2_persistence_min,phstats_F-Cl-Br-I_dim2_persistence_max,phstats_F-Cl-Br-I_dim2_persistence_mean,phstats_F-Cl-Br-I_dim2_persistence_std,phstats_Cu-Mn-Ni-Mo-Fe-Pt-Zn-Ca-Er-Au-Cd-Co-Gd-Na-Sm-Eu-Tb-V-Ag-Nd-U-Ba-Ce-K-Ga-Cr-Al-Li-Sc-Ru-In-Mg-Zr-Dy-W-Yb-Y-Ho-Re-Be-Rb-La-Sn-Cs-Pb-Pr-Bi-Tm-Sr-Ti-Hf-Ir-Nb-Pd-Hg-Th-Np-Lu-Rh-Pu_dim1_birth_min,phstats_Cu-Mn-Ni-Mo-Fe-Pt-Zn-Ca-Er-Au-Cd-Co-Gd-Na-Sm-Eu-Tb-V-Ag-Nd-U-Ba-Ce-K-Ga-Cr-Al-Li-Sc-Ru-In-Mg-Zr-Dy-W-Yb-Y-Ho-Re-Be-Rb-La-Sn-Cs-Pb-Pr-Bi-Tm-Sr-Ti-Hf-Ir-Nb-Pd-Hg-Th-Np-Lu-Rh-Pu_dim1_birth_max,phstats_Cu-Mn-Ni-Mo-Fe-Pt-Zn-Ca-Er-Au-Cd-Co-Gd-Na-Sm-Eu-Tb-V-Ag-Nd-U-Ba-Ce-K-Ga-Cr-Al-Li-Sc-Ru-In-Mg-Zr-Dy-W-Yb-Y-Ho-Re-Be-Rb-La-Sn-Cs-Pb-Pr-Bi-Tm-Sr-Ti-Hf-Ir-Nb-Pd-Hg-Th-Np-Lu-Rh-Pu_dim1_birth_mean,phstats_Cu-Mn-Ni-Mo-Fe-Pt-Zn-Ca-Er-Au-Cd-Co-Gd-Na-Sm-Eu-Tb-V-Ag-Nd-U-Ba-Ce-K-Ga-Cr-Al-Li-Sc-Ru-In-Mg-Zr-Dy-W-Yb-Y-Ho-Re-Be-Rb-La-Sn-Cs-Pb-Pr-Bi-Tm-Sr-Ti-Hf-Ir-Nb-Pd-Hg-Th-Np-Lu-Rh-Pu_dim1_birth_std,phstats_Cu-Mn-Ni-Mo-Fe-Pt-Zn-Ca-Er-Au-Cd-Co-Gd-Na-Sm-Eu-Tb-V-Ag-Nd-U-Ba-Ce-K-Ga-Cr-Al-Li-Sc-Ru-In-Mg-Zr-Dy-W-Yb-Y-Ho-Re-Be-Rb-La-Sn-Cs-Pb-Pr-Bi-Tm-Sr-Ti-Hf-Ir-Nb-Pd-Hg-Th-Np-Lu-Rh-Pu_dim1_death_min,phstats_Cu-Mn-Ni-Mo-Fe-Pt-Zn-Ca-Er-Au-Cd-Co-Gd-Na-Sm-Eu-Tb-V-Ag-Nd-U-Ba-Ce-K-Ga-Cr-Al-Li-Sc-Ru-In-Mg-Zr-Dy-W-Yb-Y-Ho-Re-Be-Rb-La-Sn-Cs-Pb-Pr-Bi-Tm-Sr-Ti-Hf-Ir-Nb-Pd-Hg-Th-Np-Lu-Rh-Pu_dim1_death_max,phstats_Cu-Mn-Ni-Mo-Fe-Pt-Zn-Ca-Er-Au-Cd-Co-Gd-Na-Sm-Eu-Tb-V-Ag-Nd-U-Ba-Ce-K-Ga-Cr-Al-Li-Sc-Ru-In-Mg-Zr-Dy-W-Yb-Y-Ho-Re-Be-Rb-La-Sn-Cs-Pb-Pr-Bi-Tm-Sr-Ti-Hf-Ir-Nb-Pd-Hg-Th-Np-Lu-Rh-Pu_dim1_death_mean,phstats_Cu-Mn-Ni-Mo-Fe-Pt-Zn-Ca-Er-Au-Cd-Co-Gd-Na-Sm-Eu-Tb-V-Ag-Nd-U-Ba-Ce-K-Ga-Cr-Al-Li-Sc-Ru-In-Mg-Zr-Dy-W-Yb-Y-Ho-Re-Be-Rb-La-Sn-Cs-Pb-Pr-Bi-Tm-Sr-Ti-Hf-Ir-Nb-Pd-Hg-Th-Np-Lu-Rh-Pu_dim1_death_std,phstats_Cu-Mn-Ni-Mo-Fe-Pt-Zn-Ca-Er-Au-Cd-Co-Gd-Na-Sm-Eu-Tb-V-Ag-Nd-U-Ba-Ce-K-Ga-Cr-Al-Li-Sc-Ru-In-Mg-Zr-Dy-W-Yb-Y-Ho-Re-Be-Rb-La-Sn-Cs-Pb-Pr-Bi-Tm-Sr-Ti-Hf-Ir-Nb-Pd-Hg-Th-Np-Lu-Rh-Pu_dim1_persistence_min,phstats_Cu-Mn-Ni-Mo-Fe-Pt-Zn-Ca-Er-Au-Cd-Co-Gd-Na-Sm-Eu-Tb-V-Ag-Nd-U-Ba-Ce-K-Ga-Cr-Al-Li-Sc-Ru-In-Mg-Zr-Dy-W-Yb-Y-Ho-Re-Be-Rb-La-Sn-Cs-Pb-Pr-Bi-Tm-Sr-Ti-Hf-Ir-Nb-Pd-Hg-Th-Np-Lu-Rh-Pu_dim1_persistence_max,phstats_Cu-Mn-Ni-Mo-Fe-Pt-Zn-Ca-Er-Au-Cd-Co-Gd-Na-Sm-Eu-Tb-V-Ag-Nd-U-Ba-Ce-K-Ga-Cr-Al-Li-Sc-Ru-In-Mg-Zr-Dy-W-Yb-Y-Ho-Re-Be-Rb-La-Sn-Cs-Pb-Pr-Bi-Tm-Sr-Ti-Hf-Ir-Nb-Pd-Hg-Th-Np-Lu-Rh-Pu_dim1_persistence_mean,phstats_Cu-Mn-Ni-Mo-Fe-Pt-Zn-Ca-Er-Au-Cd-Co-Gd-Na-Sm-Eu-Tb-V-Ag-Nd-U-Ba-Ce-K-Ga-Cr-Al-Li-Sc-Ru-In-Mg-Zr-Dy-W-Yb-Y-Ho-Re-Be-Rb-La-Sn-Cs-Pb-Pr-Bi-Tm-Sr-Ti-Hf-Ir-Nb-Pd-Hg-Th-Np-Lu-Rh-Pu_dim1_persistence_std,phstats_Cu-Mn-Ni-Mo-Fe-Pt-Zn-Ca-Er-Au-Cd-Co-Gd-Na-Sm-Eu-Tb-V-Ag-Nd-U-Ba-Ce-K-Ga-Cr-Al-Li-Sc-Ru-In-Mg-Zr-Dy-W-Yb-Y-Ho-Re-Be-Rb-La-Sn-Cs-Pb-Pr-Bi-Tm-Sr-Ti-Hf-Ir-Nb-Pd-Hg-Th-Np-Lu-Rh-Pu_dim2_birth_min,phstats_Cu-Mn-Ni-Mo-Fe-Pt-Zn-Ca-Er-Au-Cd-Co-Gd-Na-Sm-Eu-Tb-V-Ag-Nd-U-Ba-Ce-K-Ga-Cr-Al-Li-Sc-Ru-In-Mg-Zr-Dy-W-Yb-Y-Ho-Re-Be-Rb-La-Sn-Cs-Pb-Pr-Bi-Tm-Sr-Ti-Hf-Ir-Nb-Pd-Hg-Th-Np-Lu-Rh-Pu_dim2_birth_max,phstats_Cu-Mn-Ni-Mo-Fe-Pt-Zn-Ca-Er-Au-Cd-Co-Gd-Na-Sm-Eu-Tb-V-Ag-Nd-U-Ba-Ce-K-Ga-Cr-Al-Li-Sc-Ru-In-Mg-Zr-Dy-W-Yb-Y-Ho-Re-Be-Rb-La-Sn-Cs-Pb-Pr-Bi-Tm-Sr-Ti-Hf-Ir-Nb-Pd-Hg-Th-Np-Lu-Rh-Pu_dim2_birth_mean,phstats_Cu-Mn-Ni-Mo-Fe-Pt-Zn-Ca-Er-Au-Cd-Co-Gd-Na-Sm-Eu-Tb-V-Ag-Nd-U-Ba-Ce-K-Ga-Cr-Al-Li-Sc-Ru-In-Mg-Zr-Dy-W-Yb-Y-Ho-Re-Be-Rb-La-Sn-Cs-Pb-Pr-Bi-Tm-Sr-Ti-Hf-Ir-Nb-Pd-Hg-Th-Np-Lu-Rh-Pu_dim2_birth_std,phstats_Cu-Mn-Ni-Mo-Fe-Pt-Zn-Ca-Er-Au-Cd-Co-Gd-Na-Sm-Eu-Tb-V-Ag-Nd-U-Ba-Ce-K-Ga-Cr-Al-Li-Sc-Ru-In-Mg-Zr-Dy-W-Yb-Y-Ho-Re-Be-Rb-La-Sn-Cs-Pb-Pr-Bi-Tm-Sr-Ti-Hf-Ir-Nb-Pd-Hg-Th-Np-Lu-Rh-Pu_dim2_death_min,phstats_Cu-Mn-Ni-Mo-Fe-Pt-Zn-Ca-Er-Au-Cd-Co-Gd-Na-Sm-Eu-Tb-V-Ag-Nd-U-Ba-Ce-K-Ga-Cr-Al-Li-Sc-Ru-In-Mg-Zr-Dy-W-Yb-Y-Ho-Re-Be-Rb-La-Sn-Cs-Pb-Pr-Bi-Tm-Sr-Ti-Hf-Ir-Nb-Pd-Hg-Th-Np-Lu-Rh-Pu_dim2_death_max,phstats_Cu-Mn-Ni-Mo-Fe-Pt-Zn-Ca-Er-Au-Cd-Co-Gd-Na-Sm-Eu-Tb-V-Ag-Nd-U-Ba-Ce-K-Ga-Cr-Al-Li-Sc-Ru-In-Mg-Zr-Dy-W-Yb-Y-Ho-Re-Be-Rb-La-Sn-Cs-Pb-Pr-Bi-Tm-Sr-Ti-Hf-Ir-Nb-Pd-Hg-Th-Np-Lu-Rh-Pu_dim2_death_mean,phstats_Cu-Mn-Ni-Mo-Fe-Pt-Zn-Ca-Er-Au-Cd-Co-Gd-Na-Sm-Eu-Tb-V-Ag-Nd-U-Ba-Ce-K-Ga-Cr-Al-Li-Sc-Ru-In-Mg-Zr-Dy-W-Yb-Y-Ho-Re-Be-Rb-La-Sn-Cs-Pb-Pr-Bi-Tm-Sr-Ti-Hf-Ir-Nb-Pd-Hg-Th-Np-Lu-Rh-Pu_dim2_death_std,phstats_Cu-Mn-Ni-Mo-Fe-Pt-Zn-Ca-Er-Au-Cd-Co-Gd-Na-Sm-Eu-Tb-V-Ag-Nd-U-Ba-Ce-K-Ga-Cr-Al-Li-Sc-Ru-In-Mg-Zr-Dy-W-Yb-Y-Ho-Re-Be-Rb-La-Sn-Cs-Pb-Pr-Bi-Tm-Sr-Ti-Hf-Ir-Nb-Pd-Hg-Th-Np-Lu-Rh-Pu_dim2_persistence_min,phstats_Cu-Mn-Ni-Mo-Fe-Pt-Zn-Ca-Er-Au-Cd-Co-Gd-Na-Sm-Eu-Tb-V-Ag-Nd-U-Ba-Ce-K-Ga-Cr-Al-Li-Sc-Ru-In-Mg-Zr-Dy-W-Yb-Y-Ho-Re-Be-Rb-La-Sn-Cs-Pb-Pr-Bi-Tm-Sr-Ti-Hf-Ir-Nb-Pd-Hg-Th-Np-Lu-Rh-Pu_dim2_persistence_max,phstats_Cu-Mn-Ni-Mo-Fe-Pt-Zn-Ca-Er-Au-Cd-Co-Gd-Na-Sm-Eu-Tb-V-Ag-Nd-U-Ba-Ce-K-Ga-Cr-Al-Li-Sc-Ru-In-Mg-Zr-Dy-W-Yb-Y-Ho-Re-Be-Rb-La-Sn-Cs-Pb-Pr-Bi-Tm-Sr-Ti-Hf-Ir-Nb-Pd-Hg-Th-Np-Lu-Rh-Pu_dim2_persistence_mean,phstats_Cu-Mn-Ni-Mo-Fe-Pt-Zn-Ca-Er-Au-Cd-Co-Gd-Na-Sm-Eu-Tb-V-Ag-Nd-U-Ba-Ce-K-Ga-Cr-Al-Li-Sc-Ru-In-Mg-Zr-Dy-W-Yb-Y-Ho-Re-Be-Rb-La-Sn-Cs-Pb-Pr-Bi-Tm-Sr-Ti-Hf-Ir-Nb-Pd-Hg-Th-Np-Lu-Rh-Pu_dim2_persistence_std,phstats_all_dim1_birth_min,phstats_all_dim1_birth_max,phstats_all_dim1_birth_mean,phstats_all_dim1_birth_std,phstats_all_dim1_death_min,phstats_all_dim1_death_max,phstats_all_dim1_death_mean,phstats_all_dim1_death_std,phstats_all_dim1_persistence_min,phstats_all_dim1_persistence_max,phstats_all_dim1_persistence_mean,phstats_all_dim1_persistence_std,phstats_all_dim2_birth_min,phstats_all_dim2_birth_max,phstats_all_dim2_birth_mean,phstats_all_dim2_birth_std,phstats_all_dim2_death_min,phstats_all_dim2_death_max,phstats_all_dim2_death_mean,phstats_all_dim2_death_std,phstats_all_dim2_persistence_min,phstats_all_dim2_persistence_max,phstats_all_dim2_persistence_mean,phstats_all_dim2_persistence_std,phhist_C-H-N-O_dim1_nx0_ny0_persistence,phhist_C-H-N-O_dim1_nx0_ny1_persistence,phhist_C-H-N-O_dim1_nx0_ny2_persistence,phhist_C-H-N-O_dim1_nx0_ny3_persistence,phhist_C-H-N-O_dim1_nx0_ny4_persistence,phhist_C-H-N-O_dim1_nx0_ny5_persistence,phhist_C-H-N-O_dim1_nx0_ny6_persistence,phhist_C-H-N-O_dim1_nx0_ny7_persistence,phhist_C-H-N-O_dim1_nx0_ny8_persistence,phhist_C-H-N-O_dim1_nx0_ny9_persistence,phhist_C-H-N-O_dim1_nx1_ny0_persistence,phhist_C-H-N-O_dim1_nx1_ny1_persistence,phhist_C-H-N-O_dim1_nx1_ny2_persistence,phhist_C-H-N-O_dim1_nx1_ny3_persistence,phhist_C-H-N-O_dim1_nx1_ny4_persistence,phhist_C-H-N-O_dim1_nx1_ny5_persistence,phhist_C-H-N-O_dim1_nx1_ny6_persistence,phhist_C-H-N-O_dim1_nx1_ny7_persistence,phhist_C-H-N-O_dim1_nx1_ny8_persistence,phhist_C-H-N-O_dim1_nx1_ny9_persistence,phhist_C-H-N-O_dim1_nx2_ny0_persistence,phhist_C-H-N-O_dim1_nx2_ny1_persistence,phhist_C-H-N-O_dim1_nx2_ny2_persistence,phhist_C-H-N-O_dim1_nx2_ny3_persistence,phhist_C-H-N-O_dim1_nx2_ny4_persistence,phhist_C-H-N-O_dim1_nx2_ny5_persistence,phhist_C-H-N-O_dim1_nx2_ny6_persistence,phhist_C-H-N-O_dim1_nx2_ny7_persistence,phhist_C-H-N-O_dim1_nx2_ny8_persistence,phhist_C-H-N-O_dim1_nx2_ny9_persistence,phhist_C-H-N-O_dim1_nx3_ny0_persistence,phhist_C-H-N-O_dim1_nx3_ny1_persistence,phhist_C-H-N-O_dim1_nx3_ny2_persistence,phhist_C-H-N-O_dim1_nx3_ny3_persistence,phhist_C-H-N-O_dim1_nx3_ny4_persistence,phhist_C-H-N-O_dim1_nx3_ny5_persistence,phhist_C-H-N-O_dim1_nx3_ny6_persistence,phhist_C-H-N-O_dim1_nx3_ny7_persistence,phhist_C-H-N-O_dim1_nx3_ny8_persistence,phhist_C-H-N-O_dim1_nx3_ny9_persistence,phhist_C-H-N-O_dim1_nx4_ny0_persistence,phhist_C-H-N-O_dim1_nx4_ny1_persistence,phhist_C-H-N-O_dim1_nx4_ny2_persistence,phhist_C-H-N-O_dim1_nx4_ny3_persistence,phhist_C-H-N-O_dim1_nx4_ny4_persistence,phhist_C-H-N-O_dim1_nx4_ny5_persistence,phhist_C-H-N-O_dim1_nx4_ny6_persistence,phhist_C-H-N-O_dim1_nx4_ny7_persistence,phhist_C-H-N-O_dim1_nx4_ny8_persistence,phhist_C-H-N-O_dim1_nx4_ny9_persistence,phhist_C-H-N-O_dim1_nx5_ny0_persistence,phhist_C-H-N-O_dim1_nx5_ny1_persistence,phhist_C-H-N-O_dim1_nx5_ny2_persistence,phhist_C-H-N-O_dim1_nx5_ny3_persistence,phhist_C-H-N-O_dim1_nx5_ny4_persistence,phhist_C-H-N-O_dim1_nx5_ny5_persistence,phhist_C-H-N-O_dim1_nx5_ny6_persistence,phhist_C-H-N-O_dim1_nx5_ny7_persistence,phhist_C-H-N-O_dim1_nx5_ny8_persistence,phhist_C-H-N-O_dim1_nx5_ny9_persistence,phhist_C-H-N-O_dim1_nx6_ny0_persistence,phhist_C-H-N-O_dim1_nx6_ny1_persistence,phhist_C-H-N-O_dim1_nx6_ny2_persistence,phhist_C-H-N-O_dim1_nx6_ny3_persistence,phhist_C-H-N-O_dim1_nx6_ny4_persistence,phhist_C-H-N-O_dim1_nx6_ny5_persistence,phhist_C-H-N-O_dim1_nx6_ny6_persistence,phhist_C-H-N-O_dim1_nx6_ny7_persistence,phhist_C-H-N-O_dim1_nx6_ny8_persistence,phhist_C-H-N-O_dim1_nx6_ny9_persistence,phhist_C-H-N-O_dim1_nx7_ny0_persistence,phhist_C-H-N-O_dim1_nx7_ny1_persistence,phhist_C-H-N-O_dim1_nx7_ny2_persistence,phhist_C-H-N-O_dim1_nx7_ny3_persistence,phhist_C-H-N-O_dim1_nx7_ny4_persistence,phhist_C-H-N-O_dim1_nx7_ny5_persistence,phhist_C-H-N-O_dim1_nx7_ny6_persistence,phhist_C-H-N-O_dim1_nx7_ny7_persistence,phhist_C-H-N-O_dim1_nx7_ny8_persistence,phhist_C-H-N-O_dim1_nx7_ny9_persistence,phhist_C-H-N-O_dim1_nx8_ny0_persistence,phhist_C-H-N-O_dim1_nx8_ny1_persistence,phhist_C-H-N-O_dim1_nx8_ny2_persistence,phhist_C-H-N-O_dim1_nx8_ny3_persistence,phhist_C-H-N-O_dim1_nx8_ny4_persistence,phhist_C-H-N-O_dim1_nx8_ny5_persistence,phhist_C-H-N-O_dim1_nx8_ny6_persistence,phhist_C-H-N-O_dim1_nx8_ny7_persistence,phhist_C-H-N-O_dim1_nx8_ny8_persistence,phhist_C-H-N-O_dim1_nx8_ny9_persistence,phhist_C-H-N-O_dim1_nx9_ny0_persistence,phhist_C-H-N-O_dim1_nx9_ny1_persistence,phhist_C-H-N-O_dim1_nx9_ny2_persistence,phhist_C-H-N-O_dim1_nx9_ny3_persistence,phhist_C-H-N-O_dim1_nx9_ny4_persistence,phhist_C-H-N-O_dim1_nx9_ny5_persistence,phhist_C-H-N-O_dim1_nx9_ny6_persistence,phhist_C-H-N-O_dim1_nx9_ny7_persistence,phhist_C-H-N-O_dim1_nx9_ny8_persistence,phhist_C-H-N-O_dim1_nx9_ny9_persistence,phhist_C-H-N-O_dim2_nx0_ny0_persistence,phhist_C-H-N-O_dim2_nx0_ny1_persistence,phhist_C-H-N-O_dim2_nx0_ny2_persistence,phhist_C-H-N-O_dim2_nx0_ny3_persistence,phhist_C-H-N-O_dim2_nx0_ny4_persistence,phhist_C-H-N-O_dim2_nx0_ny5_persistence,phhist_C-H-N-O_dim2_nx0_ny6_persistence,phhist_C-H-N-O_dim2_nx0_ny7_persistence,phhist_C-H-N-O_dim2_nx0_ny8_persistence,phhist_C-H-N-O_dim2_nx0_ny9_persistence,phhist_C-H-N-O_dim2_nx1_ny0_persistence,phhist_C-H-N-O_dim2_nx1_ny1_persistence,phhist_C-H-N-O_dim2_nx1_ny2_persistence,phhist_C-H-N-O_dim2_nx1_ny3_persistence,phhist_C-H-N-O_dim2_nx1_ny4_persistence,phhist_C-H-N-O_dim2_nx1_ny5_persistence,phhist_C-H-N-O_dim2_nx1_ny6_persistence,phhist_C-H-N-O_dim2_nx1_ny7_persistence,phhist_C-H-N-O_dim2_nx1_ny8_persistence,phhist_C-H-N-O_dim2_nx1_ny9_persistence,phhist_C-H-N-O_dim2_nx2_ny0_persistence,phhist_C-H-N-O_dim2_nx2_ny1_persistence,phhist_C-H-N-O_dim2_nx2_ny2_persistence,phhist_C-H-N-O_dim2_nx2_ny3_persistence,phhist_C-H-N-O_dim2_nx2_ny4_persistence,phhist_C-H-N-O_dim2_nx2_ny5_persistence,phhist_C-H-N-O_dim2_nx2_ny6_persistence,phhist_C-H-N-O_dim2_nx2_ny7_persistence,phhist_C-H-N-O_dim2_nx2_ny8_persistence,phhist_C-H-N-O_dim2_nx2_ny9_persistence,phhist_C-H-N-O_dim2_nx3_ny0_persistence,phhist_C-H-N-O_dim2_nx3_ny1_persistence,phhist_C-H-N-O_dim2_nx3_ny2_persistence,phhist_C-H-N-O_dim2_nx3_ny3_persistence,phhist_C-H-N-O_dim2_nx3_ny4_persistence,phhist_C-H-N-O_dim2_nx3_ny5_persistence,phhist_C-H-N-O_dim2_nx3_ny6_persistence,phhist_C-H-N-O_dim2_nx3_ny7_persistence,phhist_C-H-N-O_dim2_nx3_ny8_persistence,phhist_C-H-N-O_dim2_nx3_ny9_persistence,phhist_C-H-N-O_dim2_nx4_ny0_persistence,phhist_C-H-N-O_dim2_nx4_ny1_persistence,phhist_C-H-N-O_dim2_nx4_ny2_persistence,phhist_C-H-N-O_dim2_nx4_ny3_persistence,phhist_C-H-N-O_dim2_nx4_ny4_persistence,phhist_C-H-N-O_dim2_nx4_ny5_persistence,phhist_C-H-N-O_dim2_nx4_ny6_persistence,phhist_C-H-N-O_dim2_nx4_ny7_persistence,phhist_C-H-N-O_dim2_nx4_ny8_persistence,phhist_C-H-N-O_dim2_nx4_ny9_persistence,phhist_C-H-N-O_dim2_nx5_ny0_persistence,phhist_C-H-N-O_dim2_nx5_ny1_persistence,phhist_C-H-N-O_dim2_nx5_ny2_persistence,phhist_C-H-N-O_dim2_nx5_ny3_persistence,phhist_C-H-N-O_dim2_nx5_ny4_persistence,phhist_C-H-N-O_dim2_nx5_ny5_persistence,phhist_C-H-N-O_dim2_nx5_ny6_persistence,phhist_C-H-N-O_dim2_nx5_ny7_persistence,phhist_C-H-N-O_dim2_nx5_ny8_persistence,phhist_C-H-N-O_dim2_nx5_ny9_persistence,phhist_C-H-N-O_dim2_nx6_ny0_persistence,phhist_C-H-N-O_dim2_nx6_ny1_persistence,phhist_C-H-N-O_dim2_nx6_ny2_persistence,phhist_C-H-N-O_dim2_nx6_ny3_persistence,phhist_C-H-N-O_dim2_nx6_ny4_persistence,phhist_C-H-N-O_dim2_nx6_ny5_persistence,phhist_C-H-N-O_dim2_nx6_ny6_persistence,phhist_C-H-N-O_dim2_nx6_ny7_persistence,phhist_C-H-N-O_dim2_nx6_ny8_persistence,phhist_C-H-N-O_dim2_nx6_ny9_persistence,phhist_C-H-N-O_dim2_nx7_ny0_persistence,phhist_C-H-N-O_dim2_nx7_ny1_persistence,phhist_C-H-N-O_dim2_nx7_ny2_persistence,phhist_C-H-N-O_dim2_nx7_ny3_persistence,phhist_C-H-N-O_dim2_nx7_ny4_persistence,phhist_C-H-N-O_dim2_nx7_ny5_persistence,phhist_C-H-N-O_dim2_nx7_ny6_persistence,phhist_C-H-N-O_dim2_nx7_ny7_persistence,phhist_C-H-N-O_dim2_nx7_ny8_persistence,phhist_C-H-N-O_dim2_nx7_ny9_persistence,phhist_C-H-N-O_dim2_nx8_ny0_persistence,phhist_C-H-N-O_dim2_nx8_ny1_persistence,phhist_C-H-N-O_dim2_nx8_ny2_persistence,phhist_C-H-N-O_dim2_nx8_ny3_persistence,phhist_C-H-N-O_dim2_nx8_ny4_persistence,phhist_C-H-N-O_dim2_nx8_ny5_persistence,phhist_C-H-N-O_dim2_nx8_ny6_persistence,phhist_C-H-N-O_dim2_nx8_ny7_persistence,phhist_C-H-N-O_dim2_nx8_ny8_persistence,phhist_C-H-N-O_dim2_nx8_ny9_persistence,phhist_C-H-N-O_dim2_nx9_ny0_persistence,phhist_C-H-N-O_dim2_nx9_ny1_persistence,phhist_C-H-N-O_dim2_nx9_ny2_persistence,phhist_C-H-N-O_dim2_nx9_ny3_persistence,phhist_C-H-N-O_dim2_nx9_ny4_persistence,phhist_C-H-N-O_dim2_nx9_ny5_persistence,phhist_C-H-N-O_dim2_nx9_ny6_persistence,phhist_C-H-N-O_dim2_nx9_ny7_persistence,phhist_C-H-N-O_dim2_nx9_ny8_persistence,phhist_C-H-N-O_dim2_nx9_ny9_persistence,phhist_F-Cl-Br-I_dim1_nx0_ny0_persistence,phhist_F-Cl-Br-I_dim1_nx0_ny1_persistence,phhist_F-Cl-Br-I_dim1_nx0_ny2_persistence,phhist_F-Cl-Br-I_dim1_nx0_ny3_persistence,phhist_F-Cl-Br-I_dim1_nx0_ny4_persistence,phhist_F-Cl-Br-I_dim1_nx0_ny5_persistence,phhist_F-Cl-Br-I_dim1_nx0_ny6_persistence,phhist_F-Cl-Br-I_dim1_nx0_ny7_persistence,phhist_F-Cl-Br-I_dim1_nx0_ny8_persistence,phhist_F-Cl-Br-I_dim1_nx0_ny9_persistence,phhist_F-Cl-Br-I_dim1_nx1_ny0_persistence,phhist_F-Cl-Br-I_dim1_nx1_ny1_persistence,phhist_F-Cl-Br-I_dim1_nx1_ny2_persistence,phhist_F-Cl-Br-I_dim1_nx1_ny3_persistence,phhist_F-Cl-Br-I_dim1_nx1_ny4_persistence,phhist_F-Cl-Br-I_dim1_nx1_ny5_persistence,phhist_F-Cl-Br-I_dim1_nx1_ny6_persistence,phhist_F-Cl-Br-I_dim1_nx1_ny7_persistence,phhist_F-Cl-Br-I_dim1_nx1_ny8_persistence,phhist_F-Cl-Br-I_dim1_nx1_ny9_persistence,phhist_F-Cl-Br-I_dim1_nx2_ny0_persistence,phhist_F-Cl-Br-I_dim1_nx2_ny1_persistence,phhist_F-Cl-Br-I_dim1_nx2_ny2_persistence,phhist_F-Cl-Br-I_dim1_nx2_ny3_persistence,phhist_F-Cl-Br-I_dim1_nx2_ny4_persistence,phhist_F-Cl-Br-I_dim1_nx2_ny5_persistence,phhist_F-Cl-Br-I_dim1_nx2_ny6_persistence,phhist_F-Cl-Br-I_dim1_nx2_ny7_persistence,phhist_F-Cl-Br-I_dim1_nx2_ny8_persistence,phhist_F-Cl-Br-I_dim1_nx2_ny9_persistence,phhist_F-Cl-Br-I_dim1_nx3_ny0_persistence,phhist_F-Cl-Br-I_dim1_nx3_ny1_persistence,phhist_F-Cl-Br-I_dim1_nx3_ny2_persistence,phhist_F-Cl-Br-I_dim1_nx3_ny3_persistence,phhist_F-Cl-Br-I_dim1_nx3_ny4_persistence,phhist_F-Cl-Br-I_dim1_nx3_ny5_persistence,phhist_F-Cl-Br-I_dim1_nx3_ny6_persistence,phhist_F-Cl-Br-I_dim1_nx3_ny7_persistence,phhist_F-Cl-Br-I_dim1_nx3_ny8_persistence,phhist_F-Cl-Br-I_dim1_nx3_ny9_persistence,phhist_F-Cl-Br-I_dim1_nx4_ny0_persistence,phhist_F-Cl-Br-I_dim1_nx4_ny1_persistence,phhist_F-Cl-Br-I_dim1_nx4_ny2_persistence,phhist_F-Cl-Br-I_dim1_nx4_ny3_persistence,phhist_F-Cl-Br-I_dim1_nx4_ny4_persistence,phhist_F-Cl-Br-I_dim1_nx4_ny5_persistence,phhist_F-Cl-Br-I_dim1_nx4_ny6_persistence,phhist_F-Cl-Br-I_dim1_nx4_ny7_persistence,phhist_F-Cl-Br-I_dim1_nx4_ny8_persistence,phhist_F-Cl-Br-I_dim1_nx4_ny9_persistence,phhist_F-Cl-Br-I_dim1_nx5_ny0_persistence,phhist_F-Cl-Br-I_dim1_nx5_ny1_persistence,phhist_F-Cl-Br-I_dim1_nx5_ny2_persistence,phhist_F-Cl-Br-I_dim1_nx5_ny3_persistence,phhist_F-Cl-Br-I_dim1_nx5_ny4_persistence,phhist_F-Cl-Br-I_dim1_nx5_ny5_persistence,phhist_F-Cl-Br-I_dim1_nx5_ny6_persistence,phhist_F-Cl-Br-I_dim1_nx5_ny7_persistence,phhist_F-Cl-Br-I_dim1_nx5_ny8_persistence,phhist_F-Cl-Br-I_dim1_nx5_ny9_persistence,phhist_F-Cl-Br-I_dim1_nx6_ny0_persistence,phhist_F-Cl-Br-I_dim1_nx6_ny1_persistence,phhist_F-Cl-Br-I_dim1_nx6_ny2_persistence,phhist_F-Cl-Br-I_dim1_nx6_ny3_persistence,phhist_F-Cl-Br-I_dim1_nx6_ny4_persistence,phhist_F-Cl-Br-I_dim1_nx6_ny5_persistence,phhist_F-Cl-Br-I_dim1_nx6_ny6_persistence,phhist_F-Cl-Br-I_dim1_nx6_ny7_persistence,phhist_F-Cl-Br-I_dim1_nx6_ny8_persistence,phhist_F-Cl-Br-I_dim1_nx6_ny9_persistence,phhist_F-Cl-Br-I_dim1_nx7_ny0_persistence,phhist_F-Cl-Br-I_dim1_nx7_ny1_persistence,phhist_F-Cl-Br-I_dim1_nx7_ny2_persistence,phhist_F-Cl-Br-I_dim1_nx7_ny3_persistence,phhist_F-Cl-Br-I_dim1_nx7_ny4_persistence,phhist_F-Cl-Br-I_dim1_nx7_ny5_persistence,phhist_F-Cl-Br-I_dim1_nx7_ny6_persistence,phhist_F-Cl-Br-I_dim1_nx7_ny7_persistence,phhist_F-Cl-Br-I_dim1_nx7_ny8_persistence,phhist_F-Cl-Br-I_dim1_nx7_ny9_persistence,phhist_F-Cl-Br-I_dim1_nx8_ny0_persistence,phhist_F-Cl-Br-I_dim1_nx8_ny1_persistence,phhist_F-Cl-Br-I_dim1_nx8_ny2_persistence,phhist_F-Cl-Br-I_dim1_nx8_ny3_persistence,phhist_F-Cl-Br-I_dim1_nx8_ny4_persistence,phhist_F-Cl-Br-I_dim1_nx8_ny5_persistence,phhist_F-Cl-Br-I_dim1_nx8_ny6_persistence,phhist_F-Cl-Br-I_dim1_nx8_ny7_persistence,phhist_F-Cl-Br-I_dim1_nx8_ny8_persistence,phhist_F-Cl-Br-I_dim1_nx8_ny9_persistence,phhist_F-Cl-Br-I_dim1_nx9_ny0_persistence,phhist_F-Cl-Br-I_dim1_nx9_ny1_persistence,phhist_F-Cl-Br-I_dim1_nx9_ny2_persistence,phhist_F-Cl-Br-I_dim1_nx9_ny3_persistence,phhist_F-Cl-Br-I_dim1_nx9_ny4_persistence,phhist_F-Cl-Br-I_dim1_nx9_ny5_persistence,phhist_F-Cl-Br-I_dim1_nx9_ny6_persistence,phhist_F-Cl-Br-I_dim1_nx9_ny7_persistence,phhist_F-Cl-Br-I_dim1_nx9_ny8_persistence,phhist_F-Cl-Br-I_dim1_nx9_ny9_persistence,phhist_F-Cl-Br-I_dim2_nx0_ny0_persistence,phhist_F-Cl-Br-I_dim2_nx0_ny1_persistence,phhist_F-Cl-Br-I_dim2_nx0_ny2_persistence,phhist_F-Cl-Br-I_dim2_nx0_ny3_persistence,phhist_F-Cl-Br-I_dim2_nx0_ny4_persistence,phhist_F-Cl-Br-I_dim2_nx0_ny5_persistence,phhist_F-Cl-Br-I_dim2_nx0_ny6_persistence,phhist_F-Cl-Br-I_dim2_nx0_ny7_persistence,phhist_F-Cl-Br-I_dim2_nx0_ny8_persistence,phhist_F-Cl-Br-I_dim2_nx0_ny9_persistence,phhist_F-Cl-Br-I_dim2_nx1_ny0_persistence,phhist_F-Cl-Br-I_dim2_nx1_ny1_persistence,phhist_F-Cl-Br-I_dim2_nx1_ny2_persistence,phhist_F-Cl-Br-I_dim2_nx1_ny3_persistence,phhist_F-Cl-Br-I_dim2_nx1_ny4_persistence,phhist_F-Cl-Br-I_dim2_nx1_ny5_persistence,phhist_F-Cl-Br-I_dim2_nx1_ny6_persistence,phhist_F-Cl-Br-I_dim2_nx1_ny7_persistence,phhist_F-Cl-Br-I_dim2_nx1_ny8_persistence,phhist_F-Cl-Br-I_dim2_nx1_ny9_persistence,phhist_F-Cl-Br-I_dim2_nx2_ny0_persistence,phhist_F-Cl-Br-I_dim2_nx2_ny1_persistence,phhist_F-Cl-Br-I_dim2_nx2_ny2_persistence,phhist_F-Cl-Br-I_dim2_nx2_ny3_persistence,phhist_F-Cl-Br-I_dim2_nx2_ny4_persistence,phhist_F-Cl-Br-I_dim2_nx2_ny5_persistence,phhist_F-Cl-Br-I_dim2_nx2_ny6_persistence,phhist_F-Cl-Br-I_dim2_nx2_ny7_persistence,phhist_F-Cl-Br-I_dim2_nx2_ny8_persistence,phhist_F-Cl-Br-I_dim2_nx2_ny9_persistence,phhist_F-Cl-Br-I_dim2_nx3_ny0_persistence,phhist_F-Cl-Br-I_dim2_nx3_ny1_persistence,phhist_F-Cl-Br-I_dim2_nx3_ny2_persistence,phhist_F-Cl-Br-I_dim2_nx3_ny3_persistence,phhist_F-Cl-Br-I_dim2_nx3_ny4_persistence,phhist_F-Cl-Br-I_dim2_nx3_ny5_persistence,phhist_F-Cl-Br-I_dim2_nx3_ny6_persistence,phhist_F-Cl-Br-I_dim2_nx3_ny7_persistence,phhist_F-Cl-Br-I_dim2_nx3_ny8_persistence,phhist_F-Cl-Br-I_dim2_nx3_ny9_persistence,phhist_F-Cl-Br-I_dim2_nx4_ny0_persistence,phhist_F-Cl-Br-I_dim2_nx4_ny1_persistence,phhist_F-Cl-Br-I_dim2_nx4_ny2_persistence,phhist_F-Cl-Br-I_dim2_nx4_ny3_persistence,phhist_F-Cl-Br-I_dim2_nx4_ny4_persistence,phhist_F-Cl-Br-I_dim2_nx4_ny5_persistence,phhist_F-Cl-Br-I_dim2_nx4_ny6_persistence,phhist_F-Cl-Br-I_dim2_nx4_ny7_persistence,phhist_F-Cl-Br-I_dim2_nx4_ny8_persistence,phhist_F-Cl-Br-I_dim2_nx4_ny9_persistence,phhist_F-Cl-Br-I_dim2_nx5_ny0_persistence,phhist_F-Cl-Br-I_dim2_nx5_ny1_persistence,phhist_F-Cl-Br-I_dim2_nx5_ny2_persistence,phhist_F-Cl-Br-I_dim2_nx5_ny3_persistence,phhist_F-Cl-Br-I_dim2_nx5_ny4_persistence,phhist_F-Cl-Br-I_dim2_nx5_ny5_persistence,phhist_F-Cl-Br-I_dim2_nx5_ny6_persistence,phhist_F-Cl-Br-I_dim2_nx5_ny7_persistence,phhist_F-Cl-Br-I_dim2_nx5_ny8_persistence,phhist_F-Cl-Br-I_dim2_nx5_ny9_persistence,phhist_F-Cl-Br-I_dim2_nx6_ny0_persistence,phhist_F-Cl-Br-I_dim2_nx6_ny1_persistence,phhist_F-Cl-Br-I_dim2_nx6_ny2_persistence,phhist_F-Cl-Br-I_dim2_nx6_ny3_persistence,phhist_F-Cl-Br-I_dim2_nx6_ny4_persistence,phhist_F-Cl-Br-I_dim2_nx6_ny5_persistence,phhist_F-Cl-Br-I_dim2_nx6_ny6_persistence,phhist_F-Cl-Br-I_dim2_nx6_ny7_persistence,phhist_F-Cl-Br-I_dim2_nx6_ny8_persistence,phhist_F-Cl-Br-I_dim2_nx6_ny9_persistence,phhist_F-Cl-Br-I_dim2_nx7_ny0_persistence,phhist_F-Cl-Br-I_dim2_nx7_ny1_persistence,phhist_F-Cl-Br-I_dim2_nx7_ny2_persistence,phhist_F-Cl-Br-I_dim2_nx7_ny3_persistence,phhist_F-Cl-Br-I_dim2_nx7_ny4_persistence,phhist_F-Cl-Br-I_dim2_nx7_ny5_persistence,phhist_F-Cl-Br-I_dim2_nx7_ny6_persistence,phhist_F-Cl-Br-I_dim2_nx7_ny7_persistence,phhist_F-Cl-Br-I_dim2_nx7_ny8_persistence,phhist_F-Cl-Br-I_dim2_nx7_ny9_persistence,phhist_F-Cl-Br-I_dim2_nx8_ny0_persistence,phhist_F-Cl-Br-I_dim2_nx8_ny1_persistence,phhist_F-Cl-Br-I_dim2_nx8_ny2_persistence,phhist_F-Cl-Br-I_dim2_nx8_ny3_persistence,phhist_F-Cl-Br-I_dim2_nx8_ny4_persistence,phhist_F-Cl-Br-I_dim2_nx8_ny5_persistence,phhist_F-Cl-Br-I_dim2_nx8_ny6_persistence,phhist_F-Cl-Br-I_dim2_nx8_ny7_persistence,phhist_F-Cl-Br-I_dim2_nx8_ny8_persistence,phhist_F-Cl-Br-I_dim2_nx8_ny9_persistence,phhist_F-Cl-Br-I_dim2_nx9_ny0_persistence,phhist_F-Cl-Br-I_dim2_nx9_ny1_persistence,phhist_F-Cl-Br-I_dim2_nx9_ny2_persistence,phhist_F-Cl-Br-I_dim2_nx9_ny3_persistence,phhist_F-Cl-Br-I_dim2_nx9_ny4_persistence,phhist_F-Cl-Br-I_dim2_nx9_ny5_persistence,phhist_F-Cl-Br-I_dim2_nx9_ny6_persistence,phhist_F-Cl-Br-I_dim2_nx9_ny7_persistence,phhist_F-Cl-Br-I_dim2_nx9_ny8_persistence,phhist_F-Cl-Br-I_dim2_nx9_ny9_persistence,phhist_Cu-Mn-Ni-Mo-Fe-Pt-Zn-Ca-Er-Au-Cd-Co-Gd-Na-Sm-Eu-Tb-V-Ag-Nd-U-Ba-Ce-K-Ga-Cr-Al-Li-Sc-Ru-In-Mg-Zr-Dy-W-Yb-Y-Ho-Re-Be-Rb-La-Sn-Cs-Pb-Pr-Bi-Tm-Sr-Ti-Hf-Ir-Nb-Pd-Hg-Th-Np-Lu-Rh-Pu_dim1_nx0_ny0_persistence,phhist_Cu-Mn-Ni-Mo-Fe-Pt-Zn-Ca-Er-Au-Cd-Co-Gd-Na-Sm-Eu-Tb-V-Ag-Nd-U-Ba-Ce-K-Ga-Cr-Al-Li-Sc-Ru-In-Mg-Zr-Dy-W-Yb-Y-Ho-Re-Be-Rb-La-Sn-Cs-Pb-Pr-Bi-Tm-Sr-Ti-Hf-Ir-Nb-Pd-Hg-Th-Np-Lu-Rh-Pu_dim1_nx0_ny1_persistence,phhist_Cu-Mn-Ni-Mo-Fe-Pt-Zn-Ca-Er-Au-Cd-Co-Gd-Na-Sm-Eu-Tb-V-Ag-Nd-U-Ba-Ce-K-Ga-Cr-Al-Li-Sc-Ru-In-Mg-Zr-Dy-W-Yb-Y-Ho-Re-Be-Rb-La-Sn-Cs-Pb-Pr-Bi-Tm-Sr-Ti-Hf-Ir-Nb-Pd-Hg-Th-Np-Lu-Rh-Pu_dim1_nx0_ny2_persistence,phhist_Cu-Mn-Ni-Mo-Fe-Pt-Zn-Ca-Er-Au-Cd-Co-Gd-Na-Sm-Eu-Tb-V-Ag-Nd-U-Ba-Ce-K-Ga-Cr-Al-Li-Sc-Ru-In-Mg-Zr-Dy-W-Yb-Y-Ho-Re-Be-Rb-La-Sn-Cs-Pb-Pr-Bi-Tm-Sr-Ti-Hf-Ir-Nb-Pd-Hg-Th-Np-Lu-Rh-Pu_dim1_nx0_ny3_persistence,phhist_Cu-Mn-Ni-Mo-Fe-Pt-Zn-Ca-Er-Au-Cd-Co-Gd-Na-Sm-Eu-Tb-V-Ag-Nd-U-Ba-Ce-K-Ga-Cr-Al-Li-Sc-Ru-In-Mg-Zr-Dy-W-Yb-Y-Ho-Re-Be-Rb-La-Sn-Cs-Pb-Pr-Bi-Tm-Sr-Ti-Hf-Ir-Nb-Pd-Hg-Th-Np-Lu-Rh-Pu_dim1_nx0_ny4_persistence,phhist_Cu-Mn-Ni-Mo-Fe-Pt-Zn-Ca-Er-Au-Cd-Co-Gd-Na-Sm-Eu-Tb-V-Ag-Nd-U-Ba-Ce-K-Ga-Cr-Al-Li-Sc-Ru-In-Mg-Zr-Dy-W-Yb-Y-Ho-Re-Be-Rb-La-Sn-Cs-Pb-Pr-Bi-Tm-Sr-Ti-Hf-Ir-Nb-Pd-Hg-Th-Np-Lu-Rh-Pu_dim1_nx0_ny5_persistence,phhist_Cu-Mn-Ni-Mo-Fe-Pt-Zn-Ca-Er-Au-Cd-Co-Gd-Na-Sm-Eu-Tb-V-Ag-Nd-U-Ba-Ce-K-Ga-Cr-Al-Li-Sc-Ru-In-Mg-Zr-Dy-W-Yb-Y-Ho-Re-Be-Rb-La-Sn-Cs-Pb-Pr-Bi-Tm-Sr-Ti-Hf-Ir-Nb-Pd-Hg-Th-Np-Lu-Rh-Pu_dim1_nx0_ny6_persistence,phhist_Cu-Mn-Ni-Mo-Fe-Pt-Zn-Ca-Er-Au-Cd-Co-Gd-Na-Sm-Eu-Tb-V-Ag-Nd-U-Ba-Ce-K-Ga-Cr-Al-Li-Sc-Ru-In-Mg-Zr-Dy-W-Yb-Y-Ho-Re-Be-Rb-La-Sn-Cs-Pb-Pr-Bi-Tm-Sr-Ti-Hf-Ir-Nb-Pd-Hg-Th-Np-Lu-Rh-Pu_dim1_nx0_ny7_persistence,phhist_Cu-Mn-Ni-Mo-Fe-Pt-Zn-Ca-Er-Au-Cd-Co-Gd-Na-Sm-Eu-Tb-V-Ag-Nd-U-Ba-Ce-K-Ga-Cr-Al-Li-Sc-Ru-In-Mg-Zr-Dy-W-Yb-Y-Ho-Re-Be-Rb-La-Sn-Cs-Pb-Pr-Bi-Tm-Sr-Ti-Hf-Ir-Nb-Pd-Hg-Th-Np-Lu-Rh-Pu_dim1_nx0_ny8_persistence,phhist_Cu-Mn-Ni-Mo-Fe-Pt-Zn-Ca-Er-Au-Cd-Co-Gd-Na-Sm-Eu-Tb-V-Ag-Nd-U-Ba-Ce-K-Ga-Cr-Al-Li-Sc-Ru-In-Mg-Zr-Dy-W-Yb-Y-Ho-Re-Be-Rb-La-Sn-Cs-Pb-Pr-Bi-Tm-Sr-Ti-Hf-Ir-Nb-Pd-Hg-Th-Np-Lu-Rh-Pu_dim1_nx0_ny9_persistence,phhist_Cu-Mn-Ni-Mo-Fe-Pt-Zn-Ca-Er-Au-Cd-Co-Gd-Na-Sm-Eu-Tb-V-Ag-Nd-U-Ba-Ce-K-Ga-Cr-Al-Li-Sc-Ru-In-Mg-Zr-Dy-W-Yb-Y-Ho-Re-Be-Rb-La-Sn-Cs-Pb-Pr-Bi-Tm-Sr-Ti-Hf-Ir-Nb-Pd-Hg-Th-Np-Lu-Rh-Pu_dim1_nx1_ny0_persistence,phhist_Cu-Mn-Ni-Mo-Fe-Pt-Zn-Ca-Er-Au-Cd-Co-Gd-Na-Sm-Eu-Tb-V-Ag-Nd-U-Ba-Ce-K-Ga-Cr-Al-Li-Sc-Ru-In-Mg-Zr-Dy-W-Yb-Y-Ho-Re-Be-Rb-La-Sn-Cs-Pb-Pr-Bi-Tm-Sr-Ti-Hf-Ir-Nb-Pd-Hg-Th-Np-Lu-Rh-Pu_dim1_nx1_ny1_persistence,phhist_Cu-Mn-Ni-Mo-Fe-Pt-Zn-Ca-Er-Au-Cd-Co-Gd-Na-Sm-Eu-Tb-V-Ag-Nd-U-Ba-Ce-K-Ga-Cr-Al-Li-Sc-Ru-In-Mg-Zr-Dy-W-Yb-Y-Ho-Re-Be-Rb-La-Sn-Cs-Pb-Pr-Bi-Tm-Sr-Ti-Hf-Ir-Nb-Pd-Hg-Th-Np-Lu-Rh-Pu_dim1_nx1_ny2_persistence,phhist_Cu-Mn-Ni-Mo-Fe-Pt-Zn-Ca-Er-Au-Cd-Co-Gd-Na-Sm-Eu-Tb-V-Ag-Nd-U-Ba-Ce-K-Ga-Cr-Al-Li-Sc-Ru-In-Mg-Zr-Dy-W-Yb-Y-Ho-Re-Be-Rb-La-Sn-Cs-Pb-Pr-Bi-Tm-Sr-Ti-Hf-Ir-Nb-Pd-Hg-Th-Np-Lu-Rh-Pu_dim1_nx1_ny3_persistence,phhist_Cu-Mn-Ni-Mo-Fe-Pt-Zn-Ca-Er-Au-Cd-Co-Gd-Na-Sm-Eu-Tb-V-Ag-Nd-U-Ba-Ce-K-Ga-Cr-Al-Li-Sc-Ru-In-Mg-Zr-Dy-W-Yb-Y-Ho-Re-Be-Rb-La-Sn-Cs-Pb-Pr-Bi-Tm-Sr-Ti-Hf-Ir-Nb-Pd-Hg-Th-Np-Lu-Rh-Pu_dim1_nx1_ny4_persistence,phhist_Cu-Mn-Ni-Mo-Fe-Pt-Zn-Ca-Er-Au-Cd-Co-Gd-Na-Sm-Eu-Tb-V-Ag-Nd-U-Ba-Ce-K-Ga-Cr-Al-Li-Sc-Ru-In-Mg-Zr-Dy-W-Yb-Y-Ho-Re-Be-Rb-La-Sn-Cs-Pb-Pr-Bi-Tm-Sr-Ti-Hf-Ir-Nb-Pd-Hg-Th-Np-Lu-Rh-Pu_dim1_nx1_ny5_persistence,phhist_Cu-Mn-Ni-Mo-Fe-Pt-Zn-Ca-Er-Au-Cd-Co-Gd-Na-Sm-Eu-Tb-V-Ag-Nd-U-Ba-Ce-K-Ga-Cr-Al-Li-Sc-Ru-In-Mg-Zr-Dy-W-Yb-Y-Ho-Re-Be-Rb-La-Sn-Cs-Pb-Pr-Bi-Tm-Sr-Ti-Hf-Ir-Nb-Pd-Hg-Th-Np-Lu-Rh-Pu_dim1_nx1_ny6_persistence,phhist_Cu-Mn-Ni-Mo-Fe-Pt-Zn-Ca-Er-Au-Cd-Co-Gd-Na-Sm-Eu-Tb-V-Ag-Nd-U-Ba-Ce-K-Ga-Cr-Al-Li-Sc-Ru-In-Mg-Zr-Dy-W-Yb-Y-Ho-Re-Be-Rb-La-Sn-Cs-Pb-Pr-Bi-Tm-Sr-Ti-Hf-Ir-Nb-Pd-Hg-Th-Np-Lu-Rh-Pu_dim1_nx1_ny7_persistence,phhist_Cu-Mn-Ni-Mo-Fe-Pt-Zn-Ca-Er-Au-Cd-Co-Gd-Na-Sm-Eu-Tb-V-Ag-Nd-U-Ba-Ce-K-Ga-Cr-Al-Li-Sc-Ru-In-Mg-Zr-Dy-W-Yb-Y-Ho-Re-Be-Rb-La-Sn-Cs-Pb-Pr-Bi-Tm-Sr-Ti-Hf-Ir-Nb-Pd-Hg-Th-Np-Lu-Rh-Pu_dim1_nx1_ny8_persistence,phhist_Cu-Mn-Ni-Mo-Fe-Pt-Zn-Ca-Er-Au-Cd-Co-Gd-Na-Sm-Eu-Tb-V-Ag-Nd-U-Ba-Ce-K-Ga-Cr-Al-Li-Sc-Ru-In-Mg-Zr-Dy-W-Yb-Y-Ho-Re-Be-Rb-La-Sn-Cs-Pb-Pr-Bi-Tm-Sr-Ti-Hf-Ir-Nb-Pd-Hg-Th-Np-Lu-Rh-Pu_dim1_nx1_ny9_persistence,phhist_Cu-Mn-Ni-Mo-Fe-Pt-Zn-Ca-Er-Au-Cd-Co-Gd-Na-Sm-Eu-Tb-V-Ag-Nd-U-Ba-Ce-K-Ga-Cr-Al-Li-Sc-Ru-In-Mg-Zr-Dy-W-Yb-Y-Ho-Re-Be-Rb-La-Sn-Cs-Pb-Pr-Bi-Tm-Sr-Ti-Hf-Ir-Nb-Pd-Hg-Th-Np-Lu-Rh-Pu_dim1_nx2_ny0_persistence,phhist_Cu-Mn-Ni-Mo-Fe-Pt-Zn-Ca-Er-Au-Cd-Co-Gd-Na-Sm-Eu-Tb-V-Ag-Nd-U-Ba-Ce-K-Ga-Cr-Al-Li-Sc-Ru-In-Mg-Zr-Dy-W-Yb-Y-Ho-Re-Be-Rb-La-Sn-Cs-Pb-Pr-Bi-Tm-Sr-Ti-Hf-Ir-Nb-Pd-Hg-Th-Np-Lu-Rh-Pu_dim1_nx2_ny1_persistence,phhist_Cu-Mn-Ni-Mo-Fe-Pt-Zn-Ca-Er-Au-Cd-Co-Gd-Na-Sm-Eu-Tb-V-Ag-Nd-U-Ba-Ce-K-Ga-Cr-Al-Li-Sc-Ru-In-Mg-Zr-Dy-W-Yb-Y-Ho-Re-Be-Rb-La-Sn-Cs-Pb-Pr-Bi-Tm-Sr-Ti-Hf-Ir-Nb-Pd-Hg-Th-Np-Lu-Rh-Pu_dim1_nx2_ny2_persistence,phhist_Cu-Mn-Ni-Mo-Fe-Pt-Zn-Ca-Er-Au-Cd-Co-Gd-Na-Sm-Eu-Tb-V-Ag-Nd-U-Ba-Ce-K-Ga-Cr-Al-Li-Sc-Ru-In-Mg-Zr-Dy-W-Yb-Y-Ho-Re-Be-Rb-La-Sn-Cs-Pb-Pr-Bi-Tm-Sr-Ti-Hf-Ir-Nb-Pd-Hg-Th-Np-Lu-Rh-Pu_dim1_nx2_ny3_persistence,phhist_Cu-Mn-Ni-Mo-Fe-Pt-Zn-Ca-Er-Au-Cd-Co-Gd-Na-Sm-Eu-Tb-V-Ag-Nd-U-Ba-Ce-K-Ga-Cr-Al-Li-Sc-Ru-In-Mg-Zr-Dy-W-Yb-Y-Ho-Re-Be-Rb-La-Sn-Cs-Pb-Pr-Bi-Tm-Sr-Ti-Hf-Ir-Nb-Pd-Hg-Th-Np-Lu-Rh-Pu_dim1_nx2_ny4_persistence,phhist_Cu-Mn-Ni-Mo-Fe-Pt-Zn-Ca-Er-Au-Cd-Co-Gd-Na-Sm-Eu-Tb-V-Ag-Nd-U-Ba-Ce-K-Ga-Cr-Al-Li-Sc-Ru-In-Mg-Zr-Dy-W-Yb-Y-Ho-Re-Be-Rb-La-Sn-Cs-Pb-Pr-Bi-Tm-Sr-Ti-Hf-Ir-Nb-Pd-Hg-Th-Np-Lu-Rh-Pu_dim1_nx2_ny5_persistence,phhist_Cu-Mn-Ni-Mo-Fe-Pt-Zn-Ca-Er-Au-Cd-Co-Gd-Na-Sm-Eu-Tb-V-Ag-Nd-U-Ba-Ce-K-Ga-Cr-Al-Li-Sc-Ru-In-Mg-Zr-Dy-W-Yb-Y-Ho-Re-Be-Rb-La-Sn-Cs-Pb-Pr-Bi-Tm-Sr-Ti-Hf-Ir-Nb-Pd-Hg-Th-Np-Lu-Rh-Pu_dim1_nx2_ny6_persistence,phhist_Cu-Mn-Ni-Mo-Fe-Pt-Zn-Ca-Er-Au-Cd-Co-Gd-Na-Sm-Eu-Tb-V-Ag-Nd-U-Ba-Ce-K-Ga-Cr-Al-Li-Sc-Ru-In-Mg-Zr-Dy-W-Yb-Y-Ho-Re-Be-Rb-La-Sn-Cs-Pb-Pr-Bi-Tm-Sr-Ti-Hf-Ir-Nb-Pd-Hg-Th-Np-Lu-Rh-Pu_dim1_nx2_ny7_persistence,phhist_Cu-Mn-Ni-Mo-Fe-Pt-Zn-Ca-Er-Au-Cd-Co-Gd-Na-Sm-Eu-Tb-V-Ag-Nd-U-Ba-Ce-K-Ga-Cr-Al-Li-Sc-Ru-In-Mg-Zr-Dy-W-Yb-Y-Ho-Re-Be-Rb-La-Sn-Cs-Pb-Pr-Bi-Tm-Sr-Ti-Hf-Ir-Nb-Pd-Hg-Th-Np-Lu-Rh-Pu_dim1_nx2_ny8_persistence,phhist_Cu-Mn-Ni-Mo-Fe-Pt-Zn-Ca-Er-Au-Cd-Co-Gd-Na-Sm-Eu-Tb-V-Ag-Nd-U-Ba-Ce-K-Ga-Cr-Al-Li-Sc-Ru-In-Mg-Zr-Dy-W-Yb-Y-Ho-Re-Be-Rb-La-Sn-Cs-Pb-Pr-Bi-Tm-Sr-Ti-Hf-Ir-Nb-Pd-Hg-Th-Np-Lu-Rh-Pu_dim1_nx2_ny9_persistence,phhist_Cu-Mn-Ni-Mo-Fe-Pt-Zn-Ca-Er-Au-Cd-Co-Gd-Na-Sm-Eu-Tb-V-Ag-Nd-U-Ba-Ce-K-Ga-Cr-Al-Li-Sc-Ru-In-Mg-Zr-Dy-W-Yb-Y-Ho-Re-Be-Rb-La-Sn-Cs-Pb-Pr-Bi-Tm-Sr-Ti-Hf-Ir-Nb-Pd-Hg-Th-Np-Lu-Rh-Pu_dim1_nx3_ny0_persistence,phhist_Cu-Mn-Ni-Mo-Fe-Pt-Zn-Ca-Er-Au-Cd-Co-Gd-Na-Sm-Eu-Tb-V-Ag-Nd-U-Ba-Ce-K-Ga-Cr-Al-Li-Sc-Ru-In-Mg-Zr-Dy-W-Yb-Y-Ho-Re-Be-Rb-La-Sn-Cs-Pb-Pr-Bi-Tm-Sr-Ti-Hf-Ir-Nb-Pd-Hg-Th-Np-Lu-Rh-Pu_dim1_nx3_ny1_persistence,phhist_Cu-Mn-Ni-Mo-Fe-Pt-Zn-Ca-Er-Au-Cd-Co-Gd-Na-Sm-Eu-Tb-V-Ag-Nd-U-Ba-Ce-K-Ga-Cr-Al-Li-Sc-Ru-In-Mg-Zr-Dy-W-Yb-Y-Ho-Re-Be-Rb-La-Sn-Cs-Pb-Pr-Bi-Tm-Sr-Ti-Hf-Ir-Nb-Pd-Hg-Th-Np-Lu-Rh-Pu_dim1_nx3_ny2_persistence,phhist_Cu-Mn-Ni-Mo-Fe-Pt-Zn-Ca-Er-Au-Cd-Co-Gd-Na-Sm-Eu-Tb-V-Ag-Nd-U-Ba-Ce-K-Ga-Cr-Al-Li-Sc-Ru-In-Mg-Zr-Dy-W-Yb-Y-Ho-Re-Be-Rb-La-Sn-Cs-Pb-Pr-Bi-Tm-Sr-Ti-Hf-Ir-Nb-Pd-Hg-Th-Np-Lu-Rh-Pu_dim1_nx3_ny3_persistence,phhist_Cu-Mn-Ni-Mo-Fe-Pt-Zn-Ca-Er-Au-Cd-Co-Gd-Na-Sm-Eu-Tb-V-Ag-Nd-U-Ba-Ce-K-Ga-Cr-Al-Li-Sc-Ru-In-Mg-Zr-Dy-W-Yb-Y-Ho-Re-Be-Rb-La-Sn-Cs-Pb-Pr-Bi-Tm-Sr-Ti-Hf-Ir-Nb-Pd-Hg-Th-Np-Lu-Rh-Pu_dim1_nx3_ny4_persistence,phhist_Cu-Mn-Ni-Mo-Fe-Pt-Zn-Ca-Er-Au-Cd-Co-Gd-Na-Sm-Eu-Tb-V-Ag-Nd-U-Ba-Ce-K-Ga-Cr-Al-Li-Sc-Ru-In-Mg-Zr-Dy-W-Yb-Y-Ho-Re-Be-Rb-La-Sn-Cs-Pb-Pr-Bi-Tm-Sr-Ti-Hf-Ir-Nb-Pd-Hg-Th-Np-Lu-Rh-Pu_dim1_nx3_ny5_persistence,phhist_Cu-Mn-Ni-Mo-Fe-Pt-Zn-Ca-Er-Au-Cd-Co-Gd-Na-Sm-Eu-Tb-V-Ag-Nd-U-Ba-Ce-K-Ga-Cr-Al-Li-Sc-Ru-In-Mg-Zr-Dy-W-Yb-Y-Ho-Re-Be-Rb-La-Sn-Cs-Pb-Pr-Bi-Tm-Sr-Ti-Hf-Ir-Nb-Pd-Hg-Th-Np-Lu-Rh-Pu_dim1_nx3_ny6_persistence,phhist_Cu-Mn-Ni-Mo-Fe-Pt-Zn-Ca-Er-Au-Cd-Co-Gd-Na-Sm-Eu-Tb-V-Ag-Nd-U-Ba-Ce-K-Ga-Cr-Al-Li-Sc-Ru-In-Mg-Zr-Dy-W-Yb-Y-Ho-Re-Be-Rb-La-Sn-Cs-Pb-Pr-Bi-Tm-Sr-Ti-Hf-Ir-Nb-Pd-Hg-Th-Np-Lu-Rh-Pu_dim1_nx3_ny7_persistence,phhist_Cu-Mn-Ni-Mo-Fe-Pt-Zn-Ca-Er-Au-Cd-Co-Gd-Na-Sm-Eu-Tb-V-Ag-Nd-U-Ba-Ce-K-Ga-Cr-Al-Li-Sc-Ru-In-Mg-Zr-Dy-W-Yb-Y-Ho-Re-Be-Rb-La-Sn-Cs-Pb-Pr-Bi-Tm-Sr-Ti-Hf-Ir-Nb-Pd-Hg-Th-Np-Lu-Rh-Pu_dim1_nx3_ny8_persistence,phhist_Cu-Mn-Ni-Mo-Fe-Pt-Zn-Ca-Er-Au-Cd-Co-Gd-Na-Sm-Eu-Tb-V-Ag-Nd-U-Ba-Ce-K-Ga-Cr-Al-Li-Sc-Ru-In-Mg-Zr-Dy-W-Yb-Y-Ho-Re-Be-Rb-La-Sn-Cs-Pb-Pr-Bi-Tm-Sr-Ti-Hf-Ir-Nb-Pd-Hg-Th-Np-Lu-Rh-Pu_dim1_nx3_ny9_persistence,phhist_Cu-Mn-Ni-Mo-Fe-Pt-Zn-Ca-Er-Au-Cd-Co-Gd-Na-Sm-Eu-Tb-V-Ag-Nd-U-Ba-Ce-K-Ga-Cr-Al-Li-Sc-Ru-In-Mg-Zr-Dy-W-Yb-Y-Ho-Re-Be-Rb-La-Sn-Cs-Pb-Pr-Bi-Tm-Sr-Ti-Hf-Ir-Nb-Pd-Hg-Th-Np-Lu-Rh-Pu_dim1_nx4_ny0_persistence,phhist_Cu-Mn-Ni-Mo-Fe-Pt-Zn-Ca-Er-Au-Cd-Co-Gd-Na-Sm-Eu-Tb-V-Ag-Nd-U-Ba-Ce-K-Ga-Cr-Al-Li-Sc-Ru-In-Mg-Zr-Dy-W-Yb-Y-Ho-Re-Be-Rb-La-Sn-Cs-Pb-Pr-Bi-Tm-Sr-Ti-Hf-Ir-Nb-Pd-Hg-Th-Np-Lu-Rh-Pu_dim1_nx4_ny1_persistence,phhist_Cu-Mn-Ni-Mo-Fe-Pt-Zn-Ca-Er-Au-Cd-Co-Gd-Na-Sm-Eu-Tb-V-Ag-Nd-U-Ba-Ce-K-Ga-Cr-Al-Li-Sc-Ru-In-Mg-Zr-Dy-W-Yb-Y-Ho-Re-Be-Rb-La-Sn-Cs-Pb-Pr-Bi-Tm-Sr-Ti-Hf-Ir-Nb-Pd-Hg-Th-Np-Lu-Rh-Pu_dim1_nx4_ny2_persistence,phhist_Cu-Mn-Ni-Mo-Fe-Pt-Zn-Ca-Er-Au-Cd-Co-Gd-Na-Sm-Eu-Tb-V-Ag-Nd-U-Ba-Ce-K-Ga-Cr-Al-Li-Sc-Ru-In-Mg-Zr-Dy-W-Yb-Y-Ho-Re-Be-Rb-La-Sn-Cs-Pb-Pr-Bi-Tm-Sr-Ti-Hf-Ir-Nb-Pd-Hg-Th-Np-Lu-Rh-Pu_dim1_nx4_ny3_persistence,phhist_Cu-Mn-Ni-Mo-Fe-Pt-Zn-Ca-Er-Au-Cd-Co-Gd-Na-Sm-Eu-Tb-V-Ag-Nd-U-Ba-Ce-K-Ga-Cr-Al-Li-Sc-Ru-In-Mg-Zr-Dy-W-Yb-Y-Ho-Re-Be-Rb-La-Sn-Cs-Pb-Pr-Bi-Tm-Sr-Ti-Hf-Ir-Nb-Pd-Hg-Th-Np-Lu-Rh-Pu_dim1_nx4_ny4_persistence,phhist_Cu-Mn-Ni-Mo-Fe-Pt-Zn-Ca-Er-Au-Cd-Co-Gd-Na-Sm-Eu-Tb-V-Ag-Nd-U-Ba-Ce-K-Ga-Cr-Al-Li-Sc-Ru-In-Mg-Zr-Dy-W-Yb-Y-Ho-Re-Be-Rb-La-Sn-Cs-Pb-Pr-Bi-Tm-Sr-Ti-Hf-Ir-Nb-Pd-Hg-Th-Np-Lu-Rh-Pu_dim1_nx4_ny5_persistence,phhist_Cu-Mn-Ni-Mo-Fe-Pt-Zn-Ca-Er-Au-Cd-Co-Gd-Na-Sm-Eu-Tb-V-Ag-Nd-U-Ba-Ce-K-Ga-Cr-Al-Li-Sc-Ru-In-Mg-Zr-Dy-W-Yb-Y-Ho-Re-Be-Rb-La-Sn-Cs-Pb-Pr-Bi-Tm-Sr-Ti-Hf-Ir-Nb-Pd-Hg-Th-Np-Lu-Rh-Pu_dim1_nx4_ny6_persistence,phhist_Cu-Mn-Ni-Mo-Fe-Pt-Zn-Ca-Er-Au-Cd-Co-Gd-Na-Sm-Eu-Tb-V-Ag-Nd-U-Ba-Ce-K-Ga-Cr-Al-Li-Sc-Ru-In-Mg-Zr-Dy-W-Yb-Y-Ho-Re-Be-Rb-La-Sn-Cs-Pb-Pr-Bi-Tm-Sr-Ti-Hf-Ir-Nb-Pd-Hg-Th-Np-Lu-Rh-Pu_dim1_nx4_ny7_persistence,phhist_Cu-Mn-Ni-Mo-Fe-Pt-Zn-Ca-Er-Au-Cd-Co-Gd-Na-Sm-Eu-Tb-V-Ag-Nd-U-Ba-Ce-K-Ga-Cr-Al-Li-Sc-Ru-In-Mg-Zr-Dy-W-Yb-Y-Ho-Re-Be-Rb-La-Sn-Cs-Pb-Pr-Bi-Tm-Sr-Ti-Hf-Ir-Nb-Pd-Hg-Th-Np-Lu-Rh-Pu_dim1_nx4_ny8_persistence,phhist_Cu-Mn-Ni-Mo-Fe-Pt-Zn-Ca-Er-Au-Cd-Co-Gd-Na-Sm-Eu-Tb-V-Ag-Nd-U-Ba-Ce-K-Ga-Cr-Al-Li-Sc-Ru-In-Mg-Zr-Dy-W-Yb-Y-Ho-Re-Be-Rb-La-Sn-Cs-Pb-Pr-Bi-Tm-Sr-Ti-Hf-Ir-Nb-Pd-Hg-Th-Np-Lu-Rh-Pu_dim1_nx4_ny9_persistence,phhist_Cu-Mn-Ni-Mo-Fe-Pt-Zn-Ca-Er-Au-Cd-Co-Gd-Na-Sm-Eu-Tb-V-Ag-Nd-U-Ba-Ce-K-Ga-Cr-Al-Li-Sc-Ru-In-Mg-Zr-Dy-W-Yb-Y-Ho-Re-Be-Rb-La-Sn-Cs-Pb-Pr-Bi-Tm-Sr-Ti-Hf-Ir-Nb-Pd-Hg-Th-Np-Lu-Rh-Pu_dim1_nx5_ny0_persistence,phhist_Cu-Mn-Ni-Mo-Fe-Pt-Zn-Ca-Er-Au-Cd-Co-Gd-Na-Sm-Eu-Tb-V-Ag-Nd-U-Ba-Ce-K-Ga-Cr-Al-Li-Sc-Ru-In-Mg-Zr-Dy-W-Yb-Y-Ho-Re-Be-Rb-La-Sn-Cs-Pb-Pr-Bi-Tm-Sr-Ti-Hf-Ir-Nb-Pd-Hg-Th-Np-Lu-Rh-Pu_dim1_nx5_ny1_persistence,phhist_Cu-Mn-Ni-Mo-Fe-Pt-Zn-Ca-Er-Au-Cd-Co-Gd-Na-Sm-Eu-Tb-V-Ag-Nd-U-Ba-Ce-K-Ga-Cr-Al-Li-Sc-Ru-In-Mg-Zr-Dy-W-Yb-Y-Ho-Re-Be-Rb-La-Sn-Cs-Pb-Pr-Bi-Tm-Sr-Ti-Hf-Ir-Nb-Pd-Hg-Th-Np-Lu-Rh-Pu_dim1_nx5_ny2_persistence,phhist_Cu-Mn-Ni-Mo-Fe-Pt-Zn-Ca-Er-Au-Cd-Co-Gd-Na-Sm-Eu-Tb-V-Ag-Nd-U-Ba-Ce-K-Ga-Cr-Al-Li-Sc-Ru-In-Mg-Zr-Dy-W-Yb-Y-Ho-Re-Be-Rb-La-Sn-Cs-Pb-Pr-Bi-Tm-Sr-Ti-Hf-Ir-Nb-Pd-Hg-Th-Np-Lu-Rh-Pu_dim1_nx5_ny3_persistence,phhist_Cu-Mn-Ni-Mo-Fe-Pt-Zn-Ca-Er-Au-Cd-Co-Gd-Na-Sm-Eu-Tb-V-Ag-Nd-U-Ba-Ce-K-Ga-Cr-Al-Li-Sc-Ru-In-Mg-Zr-Dy-W-Yb-Y-Ho-Re-Be-Rb-La-Sn-Cs-Pb-Pr-Bi-Tm-Sr-Ti-Hf-Ir-Nb-Pd-Hg-Th-Np-Lu-Rh-Pu_dim1_nx5_ny4_persistence,phhist_Cu-Mn-Ni-Mo-Fe-Pt-Zn-Ca-Er-Au-Cd-Co-Gd-Na-Sm-Eu-Tb-V-Ag-Nd-U-Ba-Ce-K-Ga-Cr-Al-Li-Sc-Ru-In-Mg-Zr-Dy-W-Yb-Y-Ho-Re-Be-Rb-La-Sn-Cs-Pb-Pr-Bi-Tm-Sr-Ti-Hf-Ir-Nb-Pd-Hg-Th-Np-Lu-Rh-Pu_dim1_nx5_ny5_persistence,phhist_Cu-Mn-Ni-Mo-Fe-Pt-Zn-Ca-Er-Au-Cd-Co-Gd-Na-Sm-Eu-Tb-V-Ag-Nd-U-Ba-Ce-K-Ga-Cr-Al-Li-Sc-Ru-In-Mg-Zr-Dy-W-Yb-Y-Ho-Re-Be-Rb-La-Sn-Cs-Pb-Pr-Bi-Tm-Sr-Ti-Hf-Ir-Nb-Pd-Hg-Th-Np-Lu-Rh-Pu_dim1_nx5_ny6_persistence,phhist_Cu-Mn-Ni-Mo-Fe-Pt-Zn-Ca-Er-Au-Cd-Co-Gd-Na-Sm-Eu-Tb-V-Ag-Nd-U-Ba-Ce-K-Ga-Cr-Al-Li-Sc-Ru-In-Mg-Zr-Dy-W-Yb-Y-Ho-Re-Be-Rb-La-Sn-Cs-Pb-Pr-Bi-Tm-Sr-Ti-Hf-Ir-Nb-Pd-Hg-Th-Np-Lu-Rh-Pu_dim1_nx5_ny7_persistence,phhist_Cu-Mn-Ni-Mo-Fe-Pt-Zn-Ca-Er-Au-Cd-Co-Gd-Na-Sm-Eu-Tb-V-Ag-Nd-U-Ba-Ce-K-Ga-Cr-Al-Li-Sc-Ru-In-Mg-Zr-Dy-W-Yb-Y-Ho-Re-Be-Rb-La-Sn-Cs-Pb-Pr-Bi-Tm-Sr-Ti-Hf-Ir-Nb-Pd-Hg-Th-Np-Lu-Rh-Pu_dim1_nx5_ny8_persistence,phhist_Cu-Mn-Ni-Mo-Fe-Pt-Zn-Ca-Er-Au-Cd-Co-Gd-Na-Sm-Eu-Tb-V-Ag-Nd-U-Ba-Ce-K-Ga-Cr-Al-Li-Sc-Ru-In-Mg-Zr-Dy-W-Yb-Y-Ho-Re-Be-Rb-La-Sn-Cs-Pb-Pr-Bi-Tm-Sr-Ti-Hf-Ir-Nb-Pd-Hg-Th-Np-Lu-Rh-Pu_dim1_nx5_ny9_persistence,phhist_Cu-Mn-Ni-Mo-Fe-Pt-Zn-Ca-Er-Au-Cd-Co-Gd-Na-Sm-Eu-Tb-V-Ag-Nd-U-Ba-Ce-K-Ga-Cr-Al-Li-Sc-Ru-In-Mg-Zr-Dy-W-Yb-Y-Ho-Re-Be-Rb-La-Sn-Cs-Pb-Pr-Bi-Tm-Sr-Ti-Hf-Ir-Nb-Pd-Hg-Th-Np-Lu-Rh-Pu_dim1_nx6_ny0_persistence,phhist_Cu-Mn-Ni-Mo-Fe-Pt-Zn-Ca-Er-Au-Cd-Co-Gd-Na-Sm-Eu-Tb-V-Ag-Nd-U-Ba-Ce-K-Ga-Cr-Al-Li-Sc-Ru-In-Mg-Zr-Dy-W-Yb-Y-Ho-Re-Be-Rb-La-Sn-Cs-Pb-Pr-Bi-Tm-Sr-Ti-Hf-Ir-Nb-Pd-Hg-Th-Np-Lu-Rh-Pu_dim1_nx6_ny1_persistence,phhist_Cu-Mn-Ni-Mo-Fe-Pt-Zn-Ca-Er-Au-Cd-Co-Gd-Na-Sm-Eu-Tb-V-Ag-Nd-U-Ba-Ce-K-Ga-Cr-Al-Li-Sc-Ru-In-Mg-Zr-Dy-W-Yb-Y-Ho-Re-Be-Rb-La-Sn-Cs-Pb-Pr-Bi-Tm-Sr-Ti-Hf-Ir-Nb-Pd-Hg-Th-Np-Lu-Rh-Pu_dim1_nx6_ny2_persistence,phhist_Cu-Mn-Ni-Mo-Fe-Pt-Zn-Ca-Er-Au-Cd-Co-Gd-Na-Sm-Eu-Tb-V-Ag-Nd-U-Ba-Ce-K-Ga-Cr-Al-Li-Sc-Ru-In-Mg-Zr-Dy-W-Yb-Y-Ho-Re-Be-Rb-La-Sn-Cs-Pb-Pr-Bi-Tm-Sr-Ti-Hf-Ir-Nb-Pd-Hg-Th-Np-Lu-Rh-Pu_dim1_nx6_ny3_persistence,phhist_Cu-Mn-Ni-Mo-Fe-Pt-Zn-Ca-Er-Au-Cd-Co-Gd-Na-Sm-Eu-Tb-V-Ag-Nd-U-Ba-Ce-K-Ga-Cr-Al-Li-Sc-Ru-In-Mg-Zr-Dy-W-Yb-Y-Ho-Re-Be-Rb-La-Sn-Cs-Pb-Pr-Bi-Tm-Sr-Ti-Hf-Ir-Nb-Pd-Hg-Th-Np-Lu-Rh-Pu_dim1_nx6_ny4_persistence,phhist_Cu-Mn-Ni-Mo-Fe-Pt-Zn-Ca-Er-Au-Cd-Co-Gd-Na-Sm-Eu-Tb-V-Ag-Nd-U-Ba-Ce-K-Ga-Cr-Al-Li-Sc-Ru-In-Mg-Zr-Dy-W-Yb-Y-Ho-Re-Be-Rb-La-Sn-Cs-Pb-Pr-Bi-Tm-Sr-Ti-Hf-Ir-Nb-Pd-Hg-Th-Np-Lu-Rh-Pu_dim1_nx6_ny5_persistence,phhist_Cu-Mn-Ni-Mo-Fe-Pt-Zn-Ca-Er-Au-Cd-Co-Gd-Na-Sm-Eu-Tb-V-Ag-Nd-U-Ba-Ce-K-Ga-Cr-Al-Li-Sc-Ru-In-Mg-Zr-Dy-W-Yb-Y-Ho-Re-Be-Rb-La-Sn-Cs-Pb-Pr-Bi-Tm-Sr-Ti-Hf-Ir-Nb-Pd-Hg-Th-Np-Lu-Rh-Pu_dim1_nx6_ny6_persistence,phhist_Cu-Mn-Ni-Mo-Fe-Pt-Zn-Ca-Er-Au-Cd-Co-Gd-Na-Sm-Eu-Tb-V-Ag-Nd-U-Ba-Ce-K-Ga-Cr-Al-Li-Sc-Ru-In-Mg-Zr-Dy-W-Yb-Y-Ho-Re-Be-Rb-La-Sn-Cs-Pb-Pr-Bi-Tm-Sr-Ti-Hf-Ir-Nb-Pd-Hg-Th-Np-Lu-Rh-Pu_dim1_nx6_ny7_persistence,phhist_Cu-Mn-Ni-Mo-Fe-Pt-Zn-Ca-Er-Au-Cd-Co-Gd-Na-Sm-Eu-Tb-V-Ag-Nd-U-Ba-Ce-K-Ga-Cr-Al-Li-Sc-Ru-In-Mg-Zr-Dy-W-Yb-Y-Ho-Re-Be-Rb-La-Sn-Cs-Pb-Pr-Bi-Tm-Sr-Ti-Hf-Ir-Nb-Pd-Hg-Th-Np-Lu-Rh-Pu_dim1_nx6_ny8_persistence,phhist_Cu-Mn-Ni-Mo-Fe-Pt-Zn-Ca-Er-Au-Cd-Co-Gd-Na-Sm-Eu-Tb-V-Ag-Nd-U-Ba-Ce-K-Ga-Cr-Al-Li-Sc-Ru-In-Mg-Zr-Dy-W-Yb-Y-Ho-Re-Be-Rb-La-Sn-Cs-Pb-Pr-Bi-Tm-Sr-Ti-Hf-Ir-Nb-Pd-Hg-Th-Np-Lu-Rh-Pu_dim1_nx6_ny9_persistence,phhist_Cu-Mn-Ni-Mo-Fe-Pt-Zn-Ca-Er-Au-Cd-Co-Gd-Na-Sm-Eu-Tb-V-Ag-Nd-U-Ba-Ce-K-Ga-Cr-Al-Li-Sc-Ru-In-Mg-Zr-Dy-W-Yb-Y-Ho-Re-Be-Rb-La-Sn-Cs-Pb-Pr-Bi-Tm-Sr-Ti-Hf-Ir-Nb-Pd-Hg-Th-Np-Lu-Rh-Pu_dim1_nx7_ny0_persistence,phhist_Cu-Mn-Ni-Mo-Fe-Pt-Zn-Ca-Er-Au-Cd-Co-Gd-Na-Sm-Eu-Tb-V-Ag-Nd-U-Ba-Ce-K-Ga-Cr-Al-Li-Sc-Ru-In-Mg-Zr-Dy-W-Yb-Y-Ho-Re-Be-Rb-La-Sn-Cs-Pb-Pr-Bi-Tm-Sr-Ti-Hf-Ir-Nb-Pd-Hg-Th-Np-Lu-Rh-Pu_dim1_nx7_ny1_persistence,phhist_Cu-Mn-Ni-Mo-Fe-Pt-Zn-Ca-Er-Au-Cd-Co-Gd-Na-Sm-Eu-Tb-V-Ag-Nd-U-Ba-Ce-K-Ga-Cr-Al-Li-Sc-Ru-In-Mg-Zr-Dy-W-Yb-Y-Ho-Re-Be-Rb-La-Sn-Cs-Pb-Pr-Bi-Tm-Sr-Ti-Hf-Ir-Nb-Pd-Hg-Th-Np-Lu-Rh-Pu_dim1_nx7_ny2_persistence,phhist_Cu-Mn-Ni-Mo-Fe-Pt-Zn-Ca-Er-Au-Cd-Co-Gd-Na-Sm-Eu-Tb-V-Ag-Nd-U-Ba-Ce-K-Ga-Cr-Al-Li-Sc-Ru-In-Mg-Zr-Dy-W-Yb-Y-Ho-Re-Be-Rb-La-Sn-Cs-Pb-Pr-Bi-Tm-Sr-Ti-Hf-Ir-Nb-Pd-Hg-Th-Np-Lu-Rh-Pu_dim1_nx7_ny3_persistence,phhist_Cu-Mn-Ni-Mo-Fe-Pt-Zn-Ca-Er-Au-Cd-Co-Gd-Na-Sm-Eu-Tb-V-Ag-Nd-U-Ba-Ce-K-Ga-Cr-Al-Li-Sc-Ru-In-Mg-Zr-Dy-W-Yb-Y-Ho-Re-Be-Rb-La-Sn-Cs-Pb-Pr-Bi-Tm-Sr-Ti-Hf-Ir-Nb-Pd-Hg-Th-Np-Lu-Rh-Pu_dim1_nx7_ny4_persistence,phhist_Cu-Mn-Ni-Mo-Fe-Pt-Zn-Ca-Er-Au-Cd-Co-Gd-Na-Sm-Eu-Tb-V-Ag-Nd-U-Ba-Ce-K-Ga-Cr-Al-Li-Sc-Ru-In-Mg-Zr-Dy-W-Yb-Y-Ho-Re-Be-Rb-La-Sn-Cs-Pb-Pr-Bi-Tm-Sr-Ti-Hf-Ir-Nb-Pd-Hg-Th-Np-Lu-Rh-Pu_dim1_nx7_ny5_persistence,phhist_Cu-Mn-Ni-Mo-Fe-Pt-Zn-Ca-Er-Au-Cd-Co-Gd-Na-Sm-Eu-Tb-V-Ag-Nd-U-Ba-Ce-K-Ga-Cr-Al-Li-Sc-Ru-In-Mg-Zr-Dy-W-Yb-Y-Ho-Re-Be-Rb-La-Sn-Cs-Pb-Pr-Bi-Tm-Sr-Ti-Hf-Ir-Nb-Pd-Hg-Th-Np-Lu-Rh-Pu_dim1_nx7_ny6_persistence,phhist_Cu-Mn-Ni-Mo-Fe-Pt-Zn-Ca-Er-Au-Cd-Co-Gd-Na-Sm-Eu-Tb-V-Ag-Nd-U-Ba-Ce-K-Ga-Cr-Al-Li-Sc-Ru-In-Mg-Zr-Dy-W-Yb-Y-Ho-Re-Be-Rb-La-Sn-Cs-Pb-Pr-Bi-Tm-Sr-Ti-Hf-Ir-Nb-Pd-Hg-Th-Np-Lu-Rh-Pu_dim1_nx7_ny7_persistence,phhist_Cu-Mn-Ni-Mo-Fe-Pt-Zn-Ca-Er-Au-Cd-Co-Gd-Na-Sm-Eu-Tb-V-Ag-Nd-U-Ba-Ce-K-Ga-Cr-Al-Li-Sc-Ru-In-Mg-Zr-Dy-W-Yb-Y-Ho-Re-Be-Rb-La-Sn-Cs-Pb-Pr-Bi-Tm-Sr-Ti-Hf-Ir-Nb-Pd-Hg-Th-Np-Lu-Rh-Pu_dim1_nx7_ny8_persistence,phhist_Cu-Mn-Ni-Mo-Fe-Pt-Zn-Ca-Er-Au-Cd-Co-Gd-Na-Sm-Eu-Tb-V-Ag-Nd-U-Ba-Ce-K-Ga-Cr-Al-Li-Sc-Ru-In-Mg-Zr-Dy-W-Yb-Y-Ho-Re-Be-Rb-La-Sn-Cs-Pb-Pr-Bi-Tm-Sr-Ti-Hf-Ir-Nb-Pd-Hg-Th-Np-Lu-Rh-Pu_dim1_nx7_ny9_persistence,phhist_Cu-Mn-Ni-Mo-Fe-Pt-Zn-Ca-Er-Au-Cd-Co-Gd-Na-Sm-Eu-Tb-V-Ag-Nd-U-Ba-Ce-K-Ga-Cr-Al-Li-Sc-Ru-In-Mg-Zr-Dy-W-Yb-Y-Ho-Re-Be-Rb-La-Sn-Cs-Pb-Pr-Bi-Tm-Sr-Ti-Hf-Ir-Nb-Pd-Hg-Th-Np-Lu-Rh-Pu_dim1_nx8_ny0_persistence,phhist_Cu-Mn-Ni-Mo-Fe-Pt-Zn-Ca-Er-Au-Cd-Co-Gd-Na-Sm-Eu-Tb-V-Ag-Nd-U-Ba-Ce-K-Ga-Cr-Al-Li-Sc-Ru-In-Mg-Zr-Dy-W-Yb-Y-Ho-Re-Be-Rb-La-Sn-Cs-Pb-Pr-Bi-Tm-Sr-Ti-Hf-Ir-Nb-Pd-Hg-Th-Np-Lu-Rh-Pu_dim1_nx8_ny1_persistence,phhist_Cu-Mn-Ni-Mo-Fe-Pt-Zn-Ca-Er-Au-Cd-Co-Gd-Na-Sm-Eu-Tb-V-Ag-Nd-U-Ba-Ce-K-Ga-Cr-Al-Li-Sc-Ru-In-Mg-Zr-Dy-W-Yb-Y-Ho-Re-Be-Rb-La-Sn-Cs-Pb-Pr-Bi-Tm-Sr-Ti-Hf-Ir-Nb-Pd-Hg-Th-Np-Lu-Rh-Pu_dim1_nx8_ny2_persistence,phhist_Cu-Mn-Ni-Mo-Fe-Pt-Zn-Ca-Er-Au-Cd-Co-Gd-Na-Sm-Eu-Tb-V-Ag-Nd-U-Ba-Ce-K-Ga-Cr-Al-Li-Sc-Ru-In-Mg-Zr-Dy-W-Yb-Y-Ho-Re-Be-Rb-La-Sn-Cs-Pb-Pr-Bi-Tm-Sr-Ti-Hf-Ir-Nb-Pd-Hg-Th-Np-Lu-Rh-Pu_dim1_nx8_ny3_persistence,phhist_Cu-Mn-Ni-Mo-Fe-Pt-Zn-Ca-Er-Au-Cd-Co-Gd-Na-Sm-Eu-Tb-V-Ag-Nd-U-Ba-Ce-K-Ga-Cr-Al-Li-Sc-Ru-In-Mg-Zr-Dy-W-Yb-Y-Ho-Re-Be-Rb-La-Sn-Cs-Pb-Pr-Bi-Tm-Sr-Ti-Hf-Ir-Nb-Pd-Hg-Th-Np-Lu-Rh-Pu_dim1_nx8_ny4_persistence,phhist_Cu-Mn-Ni-Mo-Fe-Pt-Zn-Ca-Er-Au-Cd-Co-Gd-Na-Sm-Eu-Tb-V-Ag-Nd-U-Ba-Ce-K-Ga-Cr-Al-Li-Sc-Ru-In-Mg-Zr-Dy-W-Yb-Y-Ho-Re-Be-Rb-La-Sn-Cs-Pb-Pr-Bi-Tm-Sr-Ti-Hf-Ir-Nb-Pd-Hg-Th-Np-Lu-Rh-Pu_dim1_nx8_ny5_persistence,phhist_Cu-Mn-Ni-Mo-Fe-Pt-Zn-Ca-Er-Au-Cd-Co-Gd-Na-Sm-Eu-Tb-V-Ag-Nd-U-Ba-Ce-K-Ga-Cr-Al-Li-Sc-Ru-In-Mg-Zr-Dy-W-Yb-Y-Ho-Re-Be-Rb-La-Sn-Cs-Pb-Pr-Bi-Tm-Sr-Ti-Hf-Ir-Nb-Pd-Hg-Th-Np-Lu-Rh-Pu_dim1_nx8_ny6_persistence,phhist_Cu-Mn-Ni-Mo-Fe-Pt-Zn-Ca-Er-Au-Cd-Co-Gd-Na-Sm-Eu-Tb-V-Ag-Nd-U-Ba-Ce-K-Ga-Cr-Al-Li-Sc-Ru-In-Mg-Zr-Dy-W-Yb-Y-Ho-Re-Be-Rb-La-Sn-Cs-Pb-Pr-Bi-Tm-Sr-Ti-Hf-Ir-Nb-Pd-Hg-Th-Np-Lu-Rh-Pu_dim1_nx8_ny7_persistence,phhist_Cu-Mn-Ni-Mo-Fe-Pt-Zn-Ca-Er-Au-Cd-Co-Gd-Na-Sm-Eu-Tb-V-Ag-Nd-U-Ba-Ce-K-Ga-Cr-Al-Li-Sc-Ru-In-Mg-Zr-Dy-W-Yb-Y-Ho-Re-Be-Rb-La-Sn-Cs-Pb-Pr-Bi-Tm-Sr-Ti-Hf-Ir-Nb-Pd-Hg-Th-Np-Lu-Rh-Pu_dim1_nx8_ny8_persistence,phhist_Cu-Mn-Ni-Mo-Fe-Pt-Zn-Ca-Er-Au-Cd-Co-Gd-Na-Sm-Eu-Tb-V-Ag-Nd-U-Ba-Ce-K-Ga-Cr-Al-Li-Sc-Ru-In-Mg-Zr-Dy-W-Yb-Y-Ho-Re-Be-Rb-La-Sn-Cs-Pb-Pr-Bi-Tm-Sr-Ti-Hf-Ir-Nb-Pd-Hg-Th-Np-Lu-Rh-Pu_dim1_nx8_ny9_persistence,phhist_Cu-Mn-Ni-Mo-Fe-Pt-Zn-Ca-Er-Au-Cd-Co-Gd-Na-Sm-Eu-Tb-V-Ag-Nd-U-Ba-Ce-K-Ga-Cr-Al-Li-Sc-Ru-In-Mg-Zr-Dy-W-Yb-Y-Ho-Re-Be-Rb-La-Sn-Cs-Pb-Pr-Bi-Tm-Sr-Ti-Hf-Ir-Nb-Pd-Hg-Th-Np-Lu-Rh-Pu_dim1_nx9_ny0_persistence,phhist_Cu-Mn-Ni-Mo-Fe-Pt-Zn-Ca-Er-Au-Cd-Co-Gd-Na-Sm-Eu-Tb-V-Ag-Nd-U-Ba-Ce-K-Ga-Cr-Al-Li-Sc-Ru-In-Mg-Zr-Dy-W-Yb-Y-Ho-Re-Be-Rb-La-Sn-Cs-Pb-Pr-Bi-Tm-Sr-Ti-Hf-Ir-Nb-Pd-Hg-Th-Np-Lu-Rh-Pu_dim1_nx9_ny1_persistence,phhist_Cu-Mn-Ni-Mo-Fe-Pt-Zn-Ca-Er-Au-Cd-Co-Gd-Na-Sm-Eu-Tb-V-Ag-Nd-U-Ba-Ce-K-Ga-Cr-Al-Li-Sc-Ru-In-Mg-Zr-Dy-W-Yb-Y-Ho-Re-Be-Rb-La-Sn-Cs-Pb-Pr-Bi-Tm-Sr-Ti-Hf-Ir-Nb-Pd-Hg-Th-Np-Lu-Rh-Pu_dim1_nx9_ny2_persistence,phhist_Cu-Mn-Ni-Mo-Fe-Pt-Zn-Ca-Er-Au-Cd-Co-Gd-Na-Sm-Eu-Tb-V-Ag-Nd-U-Ba-Ce-K-Ga-Cr-Al-Li-Sc-Ru-In-Mg-Zr-Dy-W-Yb-Y-Ho-Re-Be-Rb-La-Sn-Cs-Pb-Pr-Bi-Tm-Sr-Ti-Hf-Ir-Nb-Pd-Hg-Th-Np-Lu-Rh-Pu_dim1_nx9_ny3_persistence,phhist_Cu-Mn-Ni-Mo-Fe-Pt-Zn-Ca-Er-Au-Cd-Co-Gd-Na-Sm-Eu-Tb-V-Ag-Nd-U-Ba-Ce-K-Ga-Cr-Al-Li-Sc-Ru-In-Mg-Zr-Dy-W-Yb-Y-Ho-Re-Be-Rb-La-Sn-Cs-Pb-Pr-Bi-Tm-Sr-Ti-Hf-Ir-Nb-Pd-Hg-Th-Np-Lu-Rh-Pu_dim1_nx9_ny4_persistence,phhist_Cu-Mn-Ni-Mo-Fe-Pt-Zn-Ca-Er-Au-Cd-Co-Gd-Na-Sm-Eu-Tb-V-Ag-Nd-U-Ba-Ce-K-Ga-Cr-Al-Li-Sc-Ru-In-Mg-Zr-Dy-W-Yb-Y-Ho-Re-Be-Rb-La-Sn-Cs-Pb-Pr-Bi-Tm-Sr-Ti-Hf-Ir-Nb-Pd-Hg-Th-Np-Lu-Rh-Pu_dim1_nx9_ny5_persistence,phhist_Cu-Mn-Ni-Mo-Fe-Pt-Zn-Ca-Er-Au-Cd-Co-Gd-Na-Sm-Eu-Tb-V-Ag-Nd-U-Ba-Ce-K-Ga-Cr-Al-Li-Sc-Ru-In-Mg-Zr-Dy-W-Yb-Y-Ho-Re-Be-Rb-La-Sn-Cs-Pb-Pr-Bi-Tm-Sr-Ti-Hf-Ir-Nb-Pd-Hg-Th-Np-Lu-Rh-Pu_dim1_nx9_ny6_persistence,phhist_Cu-Mn-Ni-Mo-Fe-Pt-Zn-Ca-Er-Au-Cd-Co-Gd-Na-Sm-Eu-Tb-V-Ag-Nd-U-Ba-Ce-K-Ga-Cr-Al-Li-Sc-Ru-In-Mg-Zr-Dy-W-Yb-Y-Ho-Re-Be-Rb-La-Sn-Cs-Pb-Pr-Bi-Tm-Sr-Ti-Hf-Ir-Nb-Pd-Hg-Th-Np-Lu-Rh-Pu_dim1_nx9_ny7_persistence,phhist_Cu-Mn-Ni-Mo-Fe-Pt-Zn-Ca-Er-Au-Cd-Co-Gd-Na-Sm-Eu-Tb-V-Ag-Nd-U-Ba-Ce-K-Ga-Cr-Al-Li-Sc-Ru-In-Mg-Zr-Dy-W-Yb-Y-Ho-Re-Be-Rb-La-Sn-Cs-Pb-Pr-Bi-Tm-Sr-Ti-Hf-Ir-Nb-Pd-Hg-Th-Np-Lu-Rh-Pu_dim1_nx9_ny8_persistence,phhist_Cu-Mn-Ni-Mo-Fe-Pt-Zn-Ca-Er-Au-Cd-Co-Gd-Na-Sm-Eu-Tb-V-Ag-Nd-U-Ba-Ce-K-Ga-Cr-Al-Li-Sc-Ru-In-Mg-Zr-Dy-W-Yb-Y-Ho-Re-Be-Rb-La-Sn-Cs-Pb-Pr-Bi-Tm-Sr-Ti-Hf-Ir-Nb-Pd-Hg-Th-Np-Lu-Rh-Pu_dim1_nx9_ny9_persistence,phhist_Cu-Mn-Ni-Mo-Fe-Pt-Zn-Ca-Er-Au-Cd-Co-Gd-Na-Sm-Eu-Tb-V-Ag-Nd-U-Ba-Ce-K-Ga-Cr-Al-Li-Sc-Ru-In-Mg-Zr-Dy-W-Yb-Y-Ho-Re-Be-Rb-La-Sn-Cs-Pb-Pr-Bi-Tm-Sr-Ti-Hf-Ir-Nb-Pd-Hg-Th-Np-Lu-Rh-Pu_dim2_nx0_ny0_persistence,phhist_Cu-Mn-Ni-Mo-Fe-Pt-Zn-Ca-Er-Au-Cd-Co-Gd-Na-Sm-Eu-Tb-V-Ag-Nd-U-Ba-Ce-K-Ga-Cr-Al-Li-Sc-Ru-In-Mg-Zr-Dy-W-Yb-Y-Ho-Re-Be-Rb-La-Sn-Cs-Pb-Pr-Bi-Tm-Sr-Ti-Hf-Ir-Nb-Pd-Hg-Th-Np-Lu-Rh-Pu_dim2_nx0_ny1_persistence,phhist_Cu-Mn-Ni-Mo-Fe-Pt-Zn-Ca-Er-Au-Cd-Co-Gd-Na-Sm-Eu-Tb-V-Ag-Nd-U-Ba-Ce-K-Ga-Cr-Al-Li-Sc-Ru-In-Mg-Zr-Dy-W-Yb-Y-Ho-Re-Be-Rb-La-Sn-Cs-Pb-Pr-Bi-Tm-Sr-Ti-Hf-Ir-Nb-Pd-Hg-Th-Np-Lu-Rh-Pu_dim2_nx0_ny2_persistence,phhist_Cu-Mn-Ni-Mo-Fe-Pt-Zn-Ca-Er-Au-Cd-Co-Gd-Na-Sm-Eu-Tb-V-Ag-Nd-U-Ba-Ce-K-Ga-Cr-Al-Li-Sc-Ru-In-Mg-Zr-Dy-W-Yb-Y-Ho-Re-Be-Rb-La-Sn-Cs-Pb-Pr-Bi-Tm-Sr-Ti-Hf-Ir-Nb-Pd-Hg-Th-Np-Lu-Rh-Pu_dim2_nx0_ny3_persistence,phhist_Cu-Mn-Ni-Mo-Fe-Pt-Zn-Ca-Er-Au-Cd-Co-Gd-Na-Sm-Eu-Tb-V-Ag-Nd-U-Ba-Ce-K-Ga-Cr-Al-Li-Sc-Ru-In-Mg-Zr-Dy-W-Yb-Y-Ho-Re-Be-Rb-La-Sn-Cs-Pb-Pr-Bi-Tm-Sr-Ti-Hf-Ir-Nb-Pd-Hg-Th-Np-Lu-Rh-Pu_dim2_nx0_ny4_persistence,phhist_Cu-Mn-Ni-Mo-Fe-Pt-Zn-Ca-Er-Au-Cd-Co-Gd-Na-Sm-Eu-Tb-V-Ag-Nd-U-Ba-Ce-K-Ga-Cr-Al-Li-Sc-Ru-In-Mg-Zr-Dy-W-Yb-Y-Ho-Re-Be-Rb-La-Sn-Cs-Pb-Pr-Bi-Tm-Sr-Ti-Hf-Ir-Nb-Pd-Hg-Th-Np-Lu-Rh-Pu_dim2_nx0_ny5_persistence,phhist_Cu-Mn-Ni-Mo-Fe-Pt-Zn-Ca-Er-Au-Cd-Co-Gd-Na-Sm-Eu-Tb-V-Ag-Nd-U-Ba-Ce-K-Ga-Cr-Al-Li-Sc-Ru-In-Mg-Zr-Dy-W-Yb-Y-Ho-Re-Be-Rb-La-Sn-Cs-Pb-Pr-Bi-Tm-Sr-Ti-Hf-Ir-Nb-Pd-Hg-Th-Np-Lu-Rh-Pu_dim2_nx0_ny6_persistence,phhist_Cu-Mn-Ni-Mo-Fe-Pt-Zn-Ca-Er-Au-Cd-Co-Gd-Na-Sm-Eu-Tb-V-Ag-Nd-U-Ba-Ce-K-Ga-Cr-Al-Li-Sc-Ru-In-Mg-Zr-Dy-W-Yb-Y-Ho-Re-Be-Rb-La-Sn-Cs-Pb-Pr-Bi-Tm-Sr-Ti-Hf-Ir-Nb-Pd-Hg-Th-Np-Lu-Rh-Pu_dim2_nx0_ny7_persistence,phhist_Cu-Mn-Ni-Mo-Fe-Pt-Zn-Ca-Er-Au-Cd-Co-Gd-Na-Sm-Eu-Tb-V-Ag-Nd-U-Ba-Ce-K-Ga-Cr-Al-Li-Sc-Ru-In-Mg-Zr-Dy-W-Yb-Y-Ho-Re-Be-Rb-La-Sn-Cs-Pb-Pr-Bi-Tm-Sr-Ti-Hf-Ir-Nb-Pd-Hg-Th-Np-Lu-Rh-Pu_dim2_nx0_ny8_persistence,phhist_Cu-Mn-Ni-Mo-Fe-Pt-Zn-Ca-Er-Au-Cd-Co-Gd-Na-Sm-Eu-Tb-V-Ag-Nd-U-Ba-Ce-K-Ga-Cr-Al-Li-Sc-Ru-In-Mg-Zr-Dy-W-Yb-Y-Ho-Re-Be-Rb-La-Sn-Cs-Pb-Pr-Bi-Tm-Sr-Ti-Hf-Ir-Nb-Pd-Hg-Th-Np-Lu-Rh-Pu_dim2_nx0_ny9_persistence,phhist_Cu-Mn-Ni-Mo-Fe-Pt-Zn-Ca-Er-Au-Cd-Co-Gd-Na-Sm-Eu-Tb-V-Ag-Nd-U-Ba-Ce-K-Ga-Cr-Al-Li-Sc-Ru-In-Mg-Zr-Dy-W-Yb-Y-Ho-Re-Be-Rb-La-Sn-Cs-Pb-Pr-Bi-Tm-Sr-Ti-Hf-Ir-Nb-Pd-Hg-Th-Np-Lu-Rh-Pu_dim2_nx1_ny0_persistence,phhist_Cu-Mn-Ni-Mo-Fe-Pt-Zn-Ca-Er-Au-Cd-Co-Gd-Na-Sm-Eu-Tb-V-Ag-Nd-U-Ba-Ce-K-Ga-Cr-Al-Li-Sc-Ru-In-Mg-Zr-Dy-W-Yb-Y-Ho-Re-Be-Rb-La-Sn-Cs-Pb-Pr-Bi-Tm-Sr-Ti-Hf-Ir-Nb-Pd-Hg-Th-Np-Lu-Rh-Pu_dim2_nx1_ny1_persistence,phhist_Cu-Mn-Ni-Mo-Fe-Pt-Zn-Ca-Er-Au-Cd-Co-Gd-Na-Sm-Eu-Tb-V-Ag-Nd-U-Ba-Ce-K-Ga-Cr-Al-Li-Sc-Ru-In-Mg-Zr-Dy-W-Yb-Y-Ho-Re-Be-Rb-La-Sn-Cs-Pb-Pr-Bi-Tm-Sr-Ti-Hf-Ir-Nb-Pd-Hg-Th-Np-Lu-Rh-Pu_dim2_nx1_ny2_persistence,phhist_Cu-Mn-Ni-Mo-Fe-Pt-Zn-Ca-Er-Au-Cd-Co-Gd-Na-Sm-Eu-Tb-V-Ag-Nd-U-Ba-Ce-K-Ga-Cr-Al-Li-Sc-Ru-In-Mg-Zr-Dy-W-Yb-Y-Ho-Re-Be-Rb-La-Sn-Cs-Pb-Pr-Bi-Tm-Sr-Ti-Hf-Ir-Nb-Pd-Hg-Th-Np-Lu-Rh-Pu_dim2_nx1_ny3_persistence,phhist_Cu-Mn-Ni-Mo-Fe-Pt-Zn-Ca-Er-Au-Cd-Co-Gd-Na-Sm-Eu-Tb-V-Ag-Nd-U-Ba-Ce-K-Ga-Cr-Al-Li-Sc-Ru-In-Mg-Zr-Dy-W-Yb-Y-Ho-Re-Be-Rb-La-Sn-Cs-Pb-Pr-Bi-Tm-Sr-Ti-Hf-Ir-Nb-Pd-Hg-Th-Np-Lu-Rh-Pu_dim2_nx1_ny4_persistence,phhist_Cu-Mn-Ni-Mo-Fe-Pt-Zn-Ca-Er-Au-Cd-Co-Gd-Na-Sm-Eu-Tb-V-Ag-Nd-U-Ba-Ce-K-Ga-Cr-Al-Li-Sc-Ru-In-Mg-Zr-Dy-W-Yb-Y-Ho-Re-Be-Rb-La-Sn-Cs-Pb-Pr-Bi-Tm-Sr-Ti-Hf-Ir-Nb-Pd-Hg-Th-Np-Lu-Rh-Pu_dim2_nx1_ny5_persistence,phhist_Cu-Mn-Ni-Mo-Fe-Pt-Zn-Ca-Er-Au-Cd-Co-Gd-Na-Sm-Eu-Tb-V-Ag-Nd-U-Ba-Ce-K-Ga-Cr-Al-Li-Sc-Ru-In-Mg-Zr-Dy-W-Yb-Y-Ho-Re-Be-Rb-La-Sn-Cs-Pb-Pr-Bi-Tm-Sr-Ti-Hf-Ir-Nb-Pd-Hg-Th-Np-Lu-Rh-Pu_dim2_nx1_ny6_persistence,phhist_Cu-Mn-Ni-Mo-Fe-Pt-Zn-Ca-Er-Au-Cd-Co-Gd-Na-Sm-Eu-Tb-V-Ag-Nd-U-Ba-Ce-K-Ga-Cr-Al-Li-Sc-Ru-In-Mg-Zr-Dy-W-Yb-Y-Ho-Re-Be-Rb-La-Sn-Cs-Pb-Pr-Bi-Tm-Sr-Ti-Hf-Ir-Nb-Pd-Hg-Th-Np-Lu-Rh-Pu_dim2_nx1_ny7_persistence,phhist_Cu-Mn-Ni-Mo-Fe-Pt-Zn-Ca-Er-Au-Cd-Co-Gd-Na-Sm-Eu-Tb-V-Ag-Nd-U-Ba-Ce-K-Ga-Cr-Al-Li-Sc-Ru-In-Mg-Zr-Dy-W-Yb-Y-Ho-Re-Be-Rb-La-Sn-Cs-Pb-Pr-Bi-Tm-Sr-Ti-Hf-Ir-Nb-Pd-Hg-Th-Np-Lu-Rh-Pu_dim2_nx1_ny8_persistence,phhist_Cu-Mn-Ni-Mo-Fe-Pt-Zn-Ca-Er-Au-Cd-Co-Gd-Na-Sm-Eu-Tb-V-Ag-Nd-U-Ba-Ce-K-Ga-Cr-Al-Li-Sc-Ru-In-Mg-Zr-Dy-W-Yb-Y-Ho-Re-Be-Rb-La-Sn-Cs-Pb-Pr-Bi-Tm-Sr-Ti-Hf-Ir-Nb-Pd-Hg-Th-Np-Lu-Rh-Pu_dim2_nx1_ny9_persistence,phhist_Cu-Mn-Ni-Mo-Fe-Pt-Zn-Ca-Er-Au-Cd-Co-Gd-Na-Sm-Eu-Tb-V-Ag-Nd-U-Ba-Ce-K-Ga-Cr-Al-Li-Sc-Ru-In-Mg-Zr-Dy-W-Yb-Y-Ho-Re-Be-Rb-La-Sn-Cs-Pb-Pr-Bi-Tm-Sr-Ti-Hf-Ir-Nb-Pd-Hg-Th-Np-Lu-Rh-Pu_dim2_nx2_ny0_persistence,phhist_Cu-Mn-Ni-Mo-Fe-Pt-Zn-Ca-Er-Au-Cd-Co-Gd-Na-Sm-Eu-Tb-V-Ag-Nd-U-Ba-Ce-K-Ga-Cr-Al-Li-Sc-Ru-In-Mg-Zr-Dy-W-Yb-Y-Ho-Re-Be-Rb-La-Sn-Cs-Pb-Pr-Bi-Tm-Sr-Ti-Hf-Ir-Nb-Pd-Hg-Th-Np-Lu-Rh-Pu_dim2_nx2_ny1_persistence,phhist_Cu-Mn-Ni-Mo-Fe-Pt-Zn-Ca-Er-Au-Cd-Co-Gd-Na-Sm-Eu-Tb-V-Ag-Nd-U-Ba-Ce-K-Ga-Cr-Al-Li-Sc-Ru-In-Mg-Zr-Dy-W-Yb-Y-Ho-Re-Be-Rb-La-Sn-Cs-Pb-Pr-Bi-Tm-Sr-Ti-Hf-Ir-Nb-Pd-Hg-Th-Np-Lu-Rh-Pu_dim2_nx2_ny2_persistence,phhist_Cu-Mn-Ni-Mo-Fe-Pt-Zn-Ca-Er-Au-Cd-Co-Gd-Na-Sm-Eu-Tb-V-Ag-Nd-U-Ba-Ce-K-Ga-Cr-Al-Li-Sc-Ru-In-Mg-Zr-Dy-W-Yb-Y-Ho-Re-Be-Rb-La-Sn-Cs-Pb-Pr-Bi-Tm-Sr-Ti-Hf-Ir-Nb-Pd-Hg-Th-Np-Lu-Rh-Pu_dim2_nx2_ny3_persistence,phhist_Cu-Mn-Ni-Mo-Fe-Pt-Zn-Ca-Er-Au-Cd-Co-Gd-Na-Sm-Eu-Tb-V-Ag-Nd-U-Ba-Ce-K-Ga-Cr-Al-Li-Sc-Ru-In-Mg-Zr-Dy-W-Yb-Y-Ho-Re-Be-Rb-La-Sn-Cs-Pb-Pr-Bi-Tm-Sr-Ti-Hf-Ir-Nb-Pd-Hg-Th-Np-Lu-Rh-Pu_dim2_nx2_ny4_persistence,phhist_Cu-Mn-Ni-Mo-Fe-Pt-Zn-Ca-Er-Au-Cd-Co-Gd-Na-Sm-Eu-Tb-V-Ag-Nd-U-Ba-Ce-K-Ga-Cr-Al-Li-Sc-Ru-In-Mg-Zr-Dy-W-Yb-Y-Ho-Re-Be-Rb-La-Sn-Cs-Pb-Pr-Bi-Tm-Sr-Ti-Hf-Ir-Nb-Pd-Hg-Th-Np-Lu-Rh-Pu_dim2_nx2_ny5_persistence,phhist_Cu-Mn-Ni-Mo-Fe-Pt-Zn-Ca-Er-Au-Cd-Co-Gd-Na-Sm-Eu-Tb-V-Ag-Nd-U-Ba-Ce-K-Ga-Cr-Al-Li-Sc-Ru-In-Mg-Zr-Dy-W-Yb-Y-Ho-Re-Be-Rb-La-Sn-Cs-Pb-Pr-Bi-Tm-Sr-Ti-Hf-Ir-Nb-Pd-Hg-Th-Np-Lu-Rh-Pu_dim2_nx2_ny6_persistence,phhist_Cu-Mn-Ni-Mo-Fe-Pt-Zn-Ca-Er-Au-Cd-Co-Gd-Na-Sm-Eu-Tb-V-Ag-Nd-U-Ba-Ce-K-Ga-Cr-Al-Li-Sc-Ru-In-Mg-Zr-Dy-W-Yb-Y-Ho-Re-Be-Rb-La-Sn-Cs-Pb-Pr-Bi-Tm-Sr-Ti-Hf-Ir-Nb-Pd-Hg-Th-Np-Lu-Rh-Pu_dim2_nx2_ny7_persistence,phhist_Cu-Mn-Ni-Mo-Fe-Pt-Zn-Ca-Er-Au-Cd-Co-Gd-Na-Sm-Eu-Tb-V-Ag-Nd-U-Ba-Ce-K-Ga-Cr-Al-Li-Sc-Ru-In-Mg-Zr-Dy-W-Yb-Y-Ho-Re-Be-Rb-La-Sn-Cs-Pb-Pr-Bi-Tm-Sr-Ti-Hf-Ir-Nb-Pd-Hg-Th-Np-Lu-Rh-Pu_dim2_nx2_ny8_persistence,phhist_Cu-Mn-Ni-Mo-Fe-Pt-Zn-Ca-Er-Au-Cd-Co-Gd-Na-Sm-Eu-Tb-V-Ag-Nd-U-Ba-Ce-K-Ga-Cr-Al-Li-Sc-Ru-In-Mg-Zr-Dy-W-Yb-Y-Ho-Re-Be-Rb-La-Sn-Cs-Pb-Pr-Bi-Tm-Sr-Ti-Hf-Ir-Nb-Pd-Hg-Th-Np-Lu-Rh-Pu_dim2_nx2_ny9_persistence,phhist_Cu-Mn-Ni-Mo-Fe-Pt-Zn-Ca-Er-Au-Cd-Co-Gd-Na-Sm-Eu-Tb-V-Ag-Nd-U-Ba-Ce-K-Ga-Cr-Al-Li-Sc-Ru-In-Mg-Zr-Dy-W-Yb-Y-Ho-Re-Be-Rb-La-Sn-Cs-Pb-Pr-Bi-Tm-Sr-Ti-Hf-Ir-Nb-Pd-Hg-Th-Np-Lu-Rh-Pu_dim2_nx3_ny0_persistence,phhist_Cu-Mn-Ni-Mo-Fe-Pt-Zn-Ca-Er-Au-Cd-Co-Gd-Na-Sm-Eu-Tb-V-Ag-Nd-U-Ba-Ce-K-Ga-Cr-Al-Li-Sc-Ru-In-Mg-Zr-Dy-W-Yb-Y-Ho-Re-Be-Rb-La-Sn-Cs-Pb-Pr-Bi-Tm-Sr-Ti-Hf-Ir-Nb-Pd-Hg-Th-Np-Lu-Rh-Pu_dim2_nx3_ny1_persistence,phhist_Cu-Mn-Ni-Mo-Fe-Pt-Zn-Ca-Er-Au-Cd-Co-Gd-Na-Sm-Eu-Tb-V-Ag-Nd-U-Ba-Ce-K-Ga-Cr-Al-Li-Sc-Ru-In-Mg-Zr-Dy-W-Yb-Y-Ho-Re-Be-Rb-La-Sn-Cs-Pb-Pr-Bi-Tm-Sr-Ti-Hf-Ir-Nb-Pd-Hg-Th-Np-Lu-Rh-Pu_dim2_nx3_ny2_persistence,phhist_Cu-Mn-Ni-Mo-Fe-Pt-Zn-Ca-Er-Au-Cd-Co-Gd-Na-Sm-Eu-Tb-V-Ag-Nd-U-Ba-Ce-K-Ga-Cr-Al-Li-Sc-Ru-In-Mg-Zr-Dy-W-Yb-Y-Ho-Re-Be-Rb-La-Sn-Cs-Pb-Pr-Bi-Tm-Sr-Ti-Hf-Ir-Nb-Pd-Hg-Th-Np-Lu-Rh-Pu_dim2_nx3_ny3_persistence,phhist_Cu-Mn-Ni-Mo-Fe-Pt-Zn-Ca-Er-Au-Cd-Co-Gd-Na-Sm-Eu-Tb-V-Ag-Nd-U-Ba-Ce-K-Ga-Cr-Al-Li-Sc-Ru-In-Mg-Zr-Dy-W-Yb-Y-Ho-Re-Be-Rb-La-Sn-Cs-Pb-Pr-Bi-Tm-Sr-Ti-Hf-Ir-Nb-Pd-Hg-Th-Np-Lu-Rh-Pu_dim2_nx3_ny4_persistence,phhist_Cu-Mn-Ni-Mo-Fe-Pt-Zn-Ca-Er-Au-Cd-Co-Gd-Na-Sm-Eu-Tb-V-Ag-Nd-U-Ba-Ce-K-Ga-Cr-Al-Li-Sc-Ru-In-Mg-Zr-Dy-W-Yb-Y-Ho-Re-Be-Rb-La-Sn-Cs-Pb-Pr-Bi-Tm-Sr-Ti-Hf-Ir-Nb-Pd-Hg-Th-Np-Lu-Rh-Pu_dim2_nx3_ny5_persistence,phhist_Cu-Mn-Ni-Mo-Fe-Pt-Zn-Ca-Er-Au-Cd-Co-Gd-Na-Sm-Eu-Tb-V-Ag-Nd-U-Ba-Ce-K-Ga-Cr-Al-Li-Sc-Ru-In-Mg-Zr-Dy-W-Yb-Y-Ho-Re-Be-Rb-La-Sn-Cs-Pb-Pr-Bi-Tm-Sr-Ti-Hf-Ir-Nb-Pd-Hg-Th-Np-Lu-Rh-Pu_dim2_nx3_ny6_persistence,phhist_Cu-Mn-Ni-Mo-Fe-Pt-Zn-Ca-Er-Au-Cd-Co-Gd-Na-Sm-Eu-Tb-V-Ag-Nd-U-Ba-Ce-K-Ga-Cr-Al-Li-Sc-Ru-In-Mg-Zr-Dy-W-Yb-Y-Ho-Re-Be-Rb-La-Sn-Cs-Pb-Pr-Bi-Tm-Sr-Ti-Hf-Ir-Nb-Pd-Hg-Th-Np-Lu-Rh-Pu_dim2_nx3_ny7_persistence,phhist_Cu-Mn-Ni-Mo-Fe-Pt-Zn-Ca-Er-Au-Cd-Co-Gd-Na-Sm-Eu-Tb-V-Ag-Nd-U-Ba-Ce-K-Ga-Cr-Al-Li-Sc-Ru-In-Mg-Zr-Dy-W-Yb-Y-Ho-Re-Be-Rb-La-Sn-Cs-Pb-Pr-Bi-Tm-Sr-Ti-Hf-Ir-Nb-Pd-Hg-Th-Np-Lu-Rh-Pu_dim2_nx3_ny8_persistence,phhist_Cu-Mn-Ni-Mo-Fe-Pt-Zn-Ca-Er-Au-Cd-Co-Gd-Na-Sm-Eu-Tb-V-Ag-Nd-U-Ba-Ce-K-Ga-Cr-Al-Li-Sc-Ru-In-Mg-Zr-Dy-W-Yb-Y-Ho-Re-Be-Rb-La-Sn-Cs-Pb-Pr-Bi-Tm-Sr-Ti-Hf-Ir-Nb-Pd-Hg-Th-Np-Lu-Rh-Pu_dim2_nx3_ny9_persistence,phhist_Cu-Mn-Ni-Mo-Fe-Pt-Zn-Ca-Er-Au-Cd-Co-Gd-Na-Sm-Eu-Tb-V-Ag-Nd-U-Ba-Ce-K-Ga-Cr-Al-Li-Sc-Ru-In-Mg-Zr-Dy-W-Yb-Y-Ho-Re-Be-Rb-La-Sn-Cs-Pb-Pr-Bi-Tm-Sr-Ti-Hf-Ir-Nb-Pd-Hg-Th-Np-Lu-Rh-Pu_dim2_nx4_ny0_persistence,phhist_Cu-Mn-Ni-Mo-Fe-Pt-Zn-Ca-Er-Au-Cd-Co-Gd-Na-Sm-Eu-Tb-V-Ag-Nd-U-Ba-Ce-K-Ga-Cr-Al-Li-Sc-Ru-In-Mg-Zr-Dy-W-Yb-Y-Ho-Re-Be-Rb-La-Sn-Cs-Pb-Pr-Bi-Tm-Sr-Ti-Hf-Ir-Nb-Pd-Hg-Th-Np-Lu-Rh-Pu_dim2_nx4_ny1_persistence,phhist_Cu-Mn-Ni-Mo-Fe-Pt-Zn-Ca-Er-Au-Cd-Co-Gd-Na-Sm-Eu-Tb-V-Ag-Nd-U-Ba-Ce-K-Ga-Cr-Al-Li-Sc-Ru-In-Mg-Zr-Dy-W-Yb-Y-Ho-Re-Be-Rb-La-Sn-Cs-Pb-Pr-Bi-Tm-Sr-Ti-Hf-Ir-Nb-Pd-Hg-Th-Np-Lu-Rh-Pu_dim2_nx4_ny2_persistence,phhist_Cu-Mn-Ni-Mo-Fe-Pt-Zn-Ca-Er-Au-Cd-Co-Gd-Na-Sm-Eu-Tb-V-Ag-Nd-U-Ba-Ce-K-Ga-Cr-Al-Li-Sc-Ru-In-Mg-Zr-Dy-W-Yb-Y-Ho-Re-Be-Rb-La-Sn-Cs-Pb-Pr-Bi-Tm-Sr-Ti-Hf-Ir-Nb-Pd-Hg-Th-Np-Lu-Rh-Pu_dim2_nx4_ny3_persistence,phhist_Cu-Mn-Ni-Mo-Fe-Pt-Zn-Ca-Er-Au-Cd-Co-Gd-Na-Sm-Eu-Tb-V-Ag-Nd-U-Ba-Ce-K-Ga-Cr-Al-Li-Sc-Ru-In-Mg-Zr-Dy-W-Yb-Y-Ho-Re-Be-Rb-La-Sn-Cs-Pb-Pr-Bi-Tm-Sr-Ti-Hf-Ir-Nb-Pd-Hg-Th-Np-Lu-Rh-Pu_dim2_nx4_ny4_persistence,phhist_Cu-Mn-Ni-Mo-Fe-Pt-Zn-Ca-Er-Au-Cd-Co-Gd-Na-Sm-Eu-Tb-V-Ag-Nd-U-Ba-Ce-K-Ga-Cr-Al-Li-Sc-Ru-In-Mg-Zr-Dy-W-Yb-Y-Ho-Re-Be-Rb-La-Sn-Cs-Pb-Pr-Bi-Tm-Sr-Ti-Hf-Ir-Nb-Pd-Hg-Th-Np-Lu-Rh-Pu_dim2_nx4_ny5_persistence,phhist_Cu-Mn-Ni-Mo-Fe-Pt-Zn-Ca-Er-Au-Cd-Co-Gd-Na-Sm-Eu-Tb-V-Ag-Nd-U-Ba-Ce-K-Ga-Cr-Al-Li-Sc-Ru-In-Mg-Zr-Dy-W-Yb-Y-Ho-Re-Be-Rb-La-Sn-Cs-Pb-Pr-Bi-Tm-Sr-Ti-Hf-Ir-Nb-Pd-Hg-Th-Np-Lu-Rh-Pu_dim2_nx4_ny6_persistence,phhist_Cu-Mn-Ni-Mo-Fe-Pt-Zn-Ca-Er-Au-Cd-Co-Gd-Na-Sm-Eu-Tb-V-Ag-Nd-U-Ba-Ce-K-Ga-Cr-Al-Li-Sc-Ru-In-Mg-Zr-Dy-W-Yb-Y-Ho-Re-Be-Rb-La-Sn-Cs-Pb-Pr-Bi-Tm-Sr-Ti-Hf-Ir-Nb-Pd-Hg-Th-Np-Lu-Rh-Pu_dim2_nx4_ny7_persistence,phhist_Cu-Mn-Ni-Mo-Fe-Pt-Zn-Ca-Er-Au-Cd-Co-Gd-Na-Sm-Eu-Tb-V-Ag-Nd-U-Ba-Ce-K-Ga-Cr-Al-Li-Sc-Ru-In-Mg-Zr-Dy-W-Yb-Y-Ho-Re-Be-Rb-La-Sn-Cs-Pb-Pr-Bi-Tm-Sr-Ti-Hf-Ir-Nb-Pd-Hg-Th-Np-Lu-Rh-Pu_dim2_nx4_ny8_persistence,phhist_Cu-Mn-Ni-Mo-Fe-Pt-Zn-Ca-Er-Au-Cd-Co-Gd-Na-Sm-Eu-Tb-V-Ag-Nd-U-Ba-Ce-K-Ga-Cr-Al-Li-Sc-Ru-In-Mg-Zr-Dy-W-Yb-Y-Ho-Re-Be-Rb-La-Sn-Cs-Pb-Pr-Bi-Tm-Sr-Ti-Hf-Ir-Nb-Pd-Hg-Th-Np-Lu-Rh-Pu_dim2_nx4_ny9_persistence,phhist_Cu-Mn-Ni-Mo-Fe-Pt-Zn-Ca-Er-Au-Cd-Co-Gd-Na-Sm-Eu-Tb-V-Ag-Nd-U-Ba-Ce-K-Ga-Cr-Al-Li-Sc-Ru-In-Mg-Zr-Dy-W-Yb-Y-Ho-Re-Be-Rb-La-Sn-Cs-Pb-Pr-Bi-Tm-Sr-Ti-Hf-Ir-Nb-Pd-Hg-Th-Np-Lu-Rh-Pu_dim2_nx5_ny0_persistence,phhist_Cu-Mn-Ni-Mo-Fe-Pt-Zn-Ca-Er-Au-Cd-Co-Gd-Na-Sm-Eu-Tb-V-Ag-Nd-U-Ba-Ce-K-Ga-Cr-Al-Li-Sc-Ru-In-Mg-Zr-Dy-W-Yb-Y-Ho-Re-Be-Rb-La-Sn-Cs-Pb-Pr-Bi-Tm-Sr-Ti-Hf-Ir-Nb-Pd-Hg-Th-Np-Lu-Rh-Pu_dim2_nx5_ny1_persistence,phhist_Cu-Mn-Ni-Mo-Fe-Pt-Zn-Ca-Er-Au-Cd-Co-Gd-Na-Sm-Eu-Tb-V-Ag-Nd-U-Ba-Ce-K-Ga-Cr-Al-Li-Sc-Ru-In-Mg-Zr-Dy-W-Yb-Y-Ho-Re-Be-Rb-La-Sn-Cs-Pb-Pr-Bi-Tm-Sr-Ti-Hf-Ir-Nb-Pd-Hg-Th-Np-Lu-Rh-Pu_dim2_nx5_ny2_persistence,phhist_Cu-Mn-Ni-Mo-Fe-Pt-Zn-Ca-Er-Au-Cd-Co-Gd-Na-Sm-Eu-Tb-V-Ag-Nd-U-Ba-Ce-K-Ga-Cr-Al-Li-Sc-Ru-In-Mg-Zr-Dy-W-Yb-Y-Ho-Re-Be-Rb-La-Sn-Cs-Pb-Pr-Bi-Tm-Sr-Ti-Hf-Ir-Nb-Pd-Hg-Th-Np-Lu-Rh-Pu_dim2_nx5_ny3_persistence,phhist_Cu-Mn-Ni-Mo-Fe-Pt-Zn-Ca-Er-Au-Cd-Co-Gd-Na-Sm-Eu-Tb-V-Ag-Nd-U-Ba-Ce-K-Ga-Cr-Al-Li-Sc-Ru-In-Mg-Zr-Dy-W-Yb-Y-Ho-Re-Be-Rb-La-Sn-Cs-Pb-Pr-Bi-Tm-Sr-Ti-Hf-Ir-Nb-Pd-Hg-Th-Np-Lu-Rh-Pu_dim2_nx5_ny4_persistence,phhist_Cu-Mn-Ni-Mo-Fe-Pt-Zn-Ca-Er-Au-Cd-Co-Gd-Na-Sm-Eu-Tb-V-Ag-Nd-U-Ba-Ce-K-Ga-Cr-Al-Li-Sc-Ru-In-Mg-Zr-Dy-W-Yb-Y-Ho-Re-Be-Rb-La-Sn-Cs-Pb-Pr-Bi-Tm-Sr-Ti-Hf-Ir-Nb-Pd-Hg-Th-Np-Lu-Rh-Pu_dim2_nx5_ny5_persistence,phhist_Cu-Mn-Ni-Mo-Fe-Pt-Zn-Ca-Er-Au-Cd-Co-Gd-Na-Sm-Eu-Tb-V-Ag-Nd-U-Ba-Ce-K-Ga-Cr-Al-Li-Sc-Ru-In-Mg-Zr-Dy-W-Yb-Y-Ho-Re-Be-Rb-La-Sn-Cs-Pb-Pr-Bi-Tm-Sr-Ti-Hf-Ir-Nb-Pd-Hg-Th-Np-Lu-Rh-Pu_dim2_nx5_ny6_persistence,phhist_Cu-Mn-Ni-Mo-Fe-Pt-Zn-Ca-Er-Au-Cd-Co-Gd-Na-Sm-Eu-Tb-V-Ag-Nd-U-Ba-Ce-K-Ga-Cr-Al-Li-Sc-Ru-In-Mg-Zr-Dy-W-Yb-Y-Ho-Re-Be-Rb-La-Sn-Cs-Pb-Pr-Bi-Tm-Sr-Ti-Hf-Ir-Nb-Pd-Hg-Th-Np-Lu-Rh-Pu_dim2_nx5_ny7_persistence,phhist_Cu-Mn-Ni-Mo-Fe-Pt-Zn-Ca-Er-Au-Cd-Co-Gd-Na-Sm-Eu-Tb-V-Ag-Nd-U-Ba-Ce-K-Ga-Cr-Al-Li-Sc-Ru-In-Mg-Zr-Dy-W-Yb-Y-Ho-Re-Be-Rb-La-Sn-Cs-Pb-Pr-Bi-Tm-Sr-Ti-Hf-Ir-Nb-Pd-Hg-Th-Np-Lu-Rh-Pu_dim2_nx5_ny8_persistence,phhist_Cu-Mn-Ni-Mo-Fe-Pt-Zn-Ca-Er-Au-Cd-Co-Gd-Na-Sm-Eu-Tb-V-Ag-Nd-U-Ba-Ce-K-Ga-Cr-Al-Li-Sc-Ru-In-Mg-Zr-Dy-W-Yb-Y-Ho-Re-Be-Rb-La-Sn-Cs-Pb-Pr-Bi-Tm-Sr-Ti-Hf-Ir-Nb-Pd-Hg-Th-Np-Lu-Rh-Pu_dim2_nx5_ny9_persistence,phhist_Cu-Mn-Ni-Mo-Fe-Pt-Zn-Ca-Er-Au-Cd-Co-Gd-Na-Sm-Eu-Tb-V-Ag-Nd-U-Ba-Ce-K-Ga-Cr-Al-Li-Sc-Ru-In-Mg-Zr-Dy-W-Yb-Y-Ho-Re-Be-Rb-La-Sn-Cs-Pb-Pr-Bi-Tm-Sr-Ti-Hf-Ir-Nb-Pd-Hg-Th-Np-Lu-Rh-Pu_dim2_nx6_ny0_persistence,phhist_Cu-Mn-Ni-Mo-Fe-Pt-Zn-Ca-Er-Au-Cd-Co-Gd-Na-Sm-Eu-Tb-V-Ag-Nd-U-Ba-Ce-K-Ga-Cr-Al-Li-Sc-Ru-In-Mg-Zr-Dy-W-Yb-Y-Ho-Re-Be-Rb-La-Sn-Cs-Pb-Pr-Bi-Tm-Sr-Ti-Hf-Ir-Nb-Pd-Hg-Th-Np-Lu-Rh-Pu_dim2_nx6_ny1_persistence,phhist_Cu-Mn-Ni-Mo-Fe-Pt-Zn-Ca-Er-Au-Cd-Co-Gd-Na-Sm-Eu-Tb-V-Ag-Nd-U-Ba-Ce-K-Ga-Cr-Al-Li-Sc-Ru-In-Mg-Zr-Dy-W-Yb-Y-Ho-Re-Be-Rb-La-Sn-Cs-Pb-Pr-Bi-Tm-Sr-Ti-Hf-Ir-Nb-Pd-Hg-Th-Np-Lu-Rh-Pu_dim2_nx6_ny2_persistence,phhist_Cu-Mn-Ni-Mo-Fe-Pt-Zn-Ca-Er-Au-Cd-Co-Gd-Na-Sm-Eu-Tb-V-Ag-Nd-U-Ba-Ce-K-Ga-Cr-Al-Li-Sc-Ru-In-Mg-Zr-Dy-W-Yb-Y-Ho-Re-Be-Rb-La-Sn-Cs-Pb-Pr-Bi-Tm-Sr-Ti-Hf-Ir-Nb-Pd-Hg-Th-Np-Lu-Rh-Pu_dim2_nx6_ny3_persistence,phhist_Cu-Mn-Ni-Mo-Fe-Pt-Zn-Ca-Er-Au-Cd-Co-Gd-Na-Sm-Eu-Tb-V-Ag-Nd-U-Ba-Ce-K-Ga-Cr-Al-Li-Sc-Ru-In-Mg-Zr-Dy-W-Yb-Y-Ho-Re-Be-Rb-La-Sn-Cs-Pb-Pr-Bi-Tm-Sr-Ti-Hf-Ir-Nb-Pd-Hg-Th-Np-Lu-Rh-Pu_dim2_nx6_ny4_persistence,phhist_Cu-Mn-Ni-Mo-Fe-Pt-Zn-Ca-Er-Au-Cd-Co-Gd-Na-Sm-Eu-Tb-V-Ag-Nd-U-Ba-Ce-K-Ga-Cr-Al-Li-Sc-Ru-In-Mg-Zr-Dy-W-Yb-Y-Ho-Re-Be-Rb-La-Sn-Cs-Pb-Pr-Bi-Tm-Sr-Ti-Hf-Ir-Nb-Pd-Hg-Th-Np-Lu-Rh-Pu_dim2_nx6_ny5_persistence,phhist_Cu-Mn-Ni-Mo-Fe-Pt-Zn-Ca-Er-Au-Cd-Co-Gd-Na-Sm-Eu-Tb-V-Ag-Nd-U-Ba-Ce-K-Ga-Cr-Al-Li-Sc-Ru-In-Mg-Zr-Dy-W-Yb-Y-Ho-Re-Be-Rb-La-Sn-Cs-Pb-Pr-Bi-Tm-Sr-Ti-Hf-Ir-Nb-Pd-Hg-Th-Np-Lu-Rh-Pu_dim2_nx6_ny6_persistence,phhist_Cu-Mn-Ni-Mo-Fe-Pt-Zn-Ca-Er-Au-Cd-Co-Gd-Na-Sm-Eu-Tb-V-Ag-Nd-U-Ba-Ce-K-Ga-Cr-Al-Li-Sc-Ru-In-Mg-Zr-Dy-W-Yb-Y-Ho-Re-Be-Rb-La-Sn-Cs-Pb-Pr-Bi-Tm-Sr-Ti-Hf-Ir-Nb-Pd-Hg-Th-Np-Lu-Rh-Pu_dim2_nx6_ny7_persistence,phhist_Cu-Mn-Ni-Mo-Fe-Pt-Zn-Ca-Er-Au-Cd-Co-Gd-Na-Sm-Eu-Tb-V-Ag-Nd-U-Ba-Ce-K-Ga-Cr-Al-Li-Sc-Ru-In-Mg-Zr-Dy-W-Yb-Y-Ho-Re-Be-Rb-La-Sn-Cs-Pb-Pr-Bi-Tm-Sr-Ti-Hf-Ir-Nb-Pd-Hg-Th-Np-Lu-Rh-Pu_dim2_nx6_ny8_persistence,phhist_Cu-Mn-Ni-Mo-Fe-Pt-Zn-Ca-Er-Au-Cd-Co-Gd-Na-Sm-Eu-Tb-V-Ag-Nd-U-Ba-Ce-K-Ga-Cr-Al-Li-Sc-Ru-In-Mg-Zr-Dy-W-Yb-Y-Ho-Re-Be-Rb-La-Sn-Cs-Pb-Pr-Bi-Tm-Sr-Ti-Hf-Ir-Nb-Pd-Hg-Th-Np-Lu-Rh-Pu_dim2_nx6_ny9_persistence,phhist_Cu-Mn-Ni-Mo-Fe-Pt-Zn-Ca-Er-Au-Cd-Co-Gd-Na-Sm-Eu-Tb-V-Ag-Nd-U-Ba-Ce-K-Ga-Cr-Al-Li-Sc-Ru-In-Mg-Zr-Dy-W-Yb-Y-Ho-Re-Be-Rb-La-Sn-Cs-Pb-Pr-Bi-Tm-Sr-Ti-Hf-Ir-Nb-Pd-Hg-Th-Np-Lu-Rh-Pu_dim2_nx7_ny0_persistence,phhist_Cu-Mn-Ni-Mo-Fe-Pt-Zn-Ca-Er-Au-Cd-Co-Gd-Na-Sm-Eu-Tb-V-Ag-Nd-U-Ba-Ce-K-Ga-Cr-Al-Li-Sc-Ru-In-Mg-Zr-Dy-W-Yb-Y-Ho-Re-Be-Rb-La-Sn-Cs-Pb-Pr-Bi-Tm-Sr-Ti-Hf-Ir-Nb-Pd-Hg-Th-Np-Lu-Rh-Pu_dim2_nx7_ny1_persistence,phhist_Cu-Mn-Ni-Mo-Fe-Pt-Zn-Ca-Er-Au-Cd-Co-Gd-Na-Sm-Eu-Tb-V-Ag-Nd-U-Ba-Ce-K-Ga-Cr-Al-Li-Sc-Ru-In-Mg-Zr-Dy-W-Yb-Y-Ho-Re-Be-Rb-La-Sn-Cs-Pb-Pr-Bi-Tm-Sr-Ti-Hf-Ir-Nb-Pd-Hg-Th-Np-Lu-Rh-Pu_dim2_nx7_ny2_persistence,phhist_Cu-Mn-Ni-Mo-Fe-Pt-Zn-Ca-Er-Au-Cd-Co-Gd-Na-Sm-Eu-Tb-V-Ag-Nd-U-Ba-Ce-K-Ga-Cr-Al-Li-Sc-Ru-In-Mg-Zr-Dy-W-Yb-Y-Ho-Re-Be-Rb-La-Sn-Cs-Pb-Pr-Bi-Tm-Sr-Ti-Hf-Ir-Nb-Pd-Hg-Th-Np-Lu-Rh-Pu_dim2_nx7_ny3_persistence,phhist_Cu-Mn-Ni-Mo-Fe-Pt-Zn-Ca-Er-Au-Cd-Co-Gd-Na-Sm-Eu-Tb-V-Ag-Nd-U-Ba-Ce-K-Ga-Cr-Al-Li-Sc-Ru-In-Mg-Zr-Dy-W-Yb-Y-Ho-Re-Be-Rb-La-Sn-Cs-Pb-Pr-Bi-Tm-Sr-Ti-Hf-Ir-Nb-Pd-Hg-Th-Np-Lu-Rh-Pu_dim2_nx7_ny4_persistence,phhist_Cu-Mn-Ni-Mo-Fe-Pt-Zn-Ca-Er-Au-Cd-Co-Gd-Na-Sm-Eu-Tb-V-Ag-Nd-U-Ba-Ce-K-Ga-Cr-Al-Li-Sc-Ru-In-Mg-Zr-Dy-W-Yb-Y-Ho-Re-Be-Rb-La-Sn-Cs-Pb-Pr-Bi-Tm-Sr-Ti-Hf-Ir-Nb-Pd-Hg-Th-Np-Lu-Rh-Pu_dim2_nx7_ny5_persistence,phhist_Cu-Mn-Ni-Mo-Fe-Pt-Zn-Ca-Er-Au-Cd-Co-Gd-Na-Sm-Eu-Tb-V-Ag-Nd-U-Ba-Ce-K-Ga-Cr-Al-Li-Sc-Ru-In-Mg-Zr-Dy-W-Yb-Y-Ho-Re-Be-Rb-La-Sn-Cs-Pb-Pr-Bi-Tm-Sr-Ti-Hf-Ir-Nb-Pd-Hg-Th-Np-Lu-Rh-Pu_dim2_nx7_ny6_persistence,phhist_Cu-Mn-Ni-Mo-Fe-Pt-Zn-Ca-Er-Au-Cd-Co-Gd-Na-Sm-Eu-Tb-V-Ag-Nd-U-Ba-Ce-K-Ga-Cr-Al-Li-Sc-Ru-In-Mg-Zr-Dy-W-Yb-Y-Ho-Re-Be-Rb-La-Sn-Cs-Pb-Pr-Bi-Tm-Sr-Ti-Hf-Ir-Nb-Pd-Hg-Th-Np-Lu-Rh-Pu_dim2_nx7_ny7_persistence,phhist_Cu-Mn-Ni-Mo-Fe-Pt-Zn-Ca-Er-Au-Cd-Co-Gd-Na-Sm-Eu-Tb-V-Ag-Nd-U-Ba-Ce-K-Ga-Cr-Al-Li-Sc-Ru-In-Mg-Zr-Dy-W-Yb-Y-Ho-Re-Be-Rb-La-Sn-Cs-Pb-Pr-Bi-Tm-Sr-Ti-Hf-Ir-Nb-Pd-Hg-Th-Np-Lu-Rh-Pu_dim2_nx7_ny8_persistence,phhist_Cu-Mn-Ni-Mo-Fe-Pt-Zn-Ca-Er-Au-Cd-Co-Gd-Na-Sm-Eu-Tb-V-Ag-Nd-U-Ba-Ce-K-Ga-Cr-Al-Li-Sc-Ru-In-Mg-Zr-Dy-W-Yb-Y-Ho-Re-Be-Rb-La-Sn-Cs-Pb-Pr-Bi-Tm-Sr-Ti-Hf-Ir-Nb-Pd-Hg-Th-Np-Lu-Rh-Pu_dim2_nx7_ny9_persistence,phhist_Cu-Mn-Ni-Mo-Fe-Pt-Zn-Ca-Er-Au-Cd-Co-Gd-Na-Sm-Eu-Tb-V-Ag-Nd-U-Ba-Ce-K-Ga-Cr-Al-Li-Sc-Ru-In-Mg-Zr-Dy-W-Yb-Y-Ho-Re-Be-Rb-La-Sn-Cs-Pb-Pr-Bi-Tm-Sr-Ti-Hf-Ir-Nb-Pd-Hg-Th-Np-Lu-Rh-Pu_dim2_nx8_ny0_persistence,phhist_Cu-Mn-Ni-Mo-Fe-Pt-Zn-Ca-Er-Au-Cd-Co-Gd-Na-Sm-Eu-Tb-V-Ag-Nd-U-Ba-Ce-K-Ga-Cr-Al-Li-Sc-Ru-In-Mg-Zr-Dy-W-Yb-Y-Ho-Re-Be-Rb-La-Sn-Cs-Pb-Pr-Bi-Tm-Sr-Ti-Hf-Ir-Nb-Pd-Hg-Th-Np-Lu-Rh-Pu_dim2_nx8_ny1_persistence,phhist_Cu-Mn-Ni-Mo-Fe-Pt-Zn-Ca-Er-Au-Cd-Co-Gd-Na-Sm-Eu-Tb-V-Ag-Nd-U-Ba-Ce-K-Ga-Cr-Al-Li-Sc-Ru-In-Mg-Zr-Dy-W-Yb-Y-Ho-Re-Be-Rb-La-Sn-Cs-Pb-Pr-Bi-Tm-Sr-Ti-Hf-Ir-Nb-Pd-Hg-Th-Np-Lu-Rh-Pu_dim2_nx8_ny2_persistence,phhist_Cu-Mn-Ni-Mo-Fe-Pt-Zn-Ca-Er-Au-Cd-Co-Gd-Na-Sm-Eu-Tb-V-Ag-Nd-U-Ba-Ce-K-Ga-Cr-Al-Li-Sc-Ru-In-Mg-Zr-Dy-W-Yb-Y-Ho-Re-Be-Rb-La-Sn-Cs-Pb-Pr-Bi-Tm-Sr-Ti-Hf-Ir-Nb-Pd-Hg-Th-Np-Lu-Rh-Pu_dim2_nx8_ny3_persistence,phhist_Cu-Mn-Ni-Mo-Fe-Pt-Zn-Ca-Er-Au-Cd-Co-Gd-Na-Sm-Eu-Tb-V-Ag-Nd-U-Ba-Ce-K-Ga-Cr-Al-Li-Sc-Ru-In-Mg-Zr-Dy-W-Yb-Y-Ho-Re-Be-Rb-La-Sn-Cs-Pb-Pr-Bi-Tm-Sr-Ti-Hf-Ir-Nb-Pd-Hg-Th-Np-Lu-Rh-Pu_dim2_nx8_ny4_persistence,phhist_Cu-Mn-Ni-Mo-Fe-Pt-Zn-Ca-Er-Au-Cd-Co-Gd-Na-Sm-Eu-Tb-V-Ag-Nd-U-Ba-Ce-K-Ga-Cr-Al-Li-Sc-Ru-In-Mg-Zr-Dy-W-Yb-Y-Ho-Re-Be-Rb-La-Sn-Cs-Pb-Pr-Bi-Tm-Sr-Ti-Hf-Ir-Nb-Pd-Hg-Th-Np-Lu-Rh-Pu_dim2_nx8_ny5_persistence,phhist_Cu-Mn-Ni-Mo-Fe-Pt-Zn-Ca-Er-Au-Cd-Co-Gd-Na-Sm-Eu-Tb-V-Ag-Nd-U-Ba-Ce-K-Ga-Cr-Al-Li-Sc-Ru-In-Mg-Zr-Dy-W-Yb-Y-Ho-Re-Be-Rb-La-Sn-Cs-Pb-Pr-Bi-Tm-Sr-Ti-Hf-Ir-Nb-Pd-Hg-Th-Np-Lu-Rh-Pu_dim2_nx8_ny6_persistence,phhist_Cu-Mn-Ni-Mo-Fe-Pt-Zn-Ca-Er-Au-Cd-Co-Gd-Na-Sm-Eu-Tb-V-Ag-Nd-U-Ba-Ce-K-Ga-Cr-Al-Li-Sc-Ru-In-Mg-Zr-Dy-W-Yb-Y-Ho-Re-Be-Rb-La-Sn-Cs-Pb-Pr-Bi-Tm-Sr-Ti-Hf-Ir-Nb-Pd-Hg-Th-Np-Lu-Rh-Pu_dim2_nx8_ny7_persistence,phhist_Cu-Mn-Ni-Mo-Fe-Pt-Zn-Ca-Er-Au-Cd-Co-Gd-Na-Sm-Eu-Tb-V-Ag-Nd-U-Ba-Ce-K-Ga-Cr-Al-Li-Sc-Ru-In-Mg-Zr-Dy-W-Yb-Y-Ho-Re-Be-Rb-La-Sn-Cs-Pb-Pr-Bi-Tm-Sr-Ti-Hf-Ir-Nb-Pd-Hg-Th-Np-Lu-Rh-Pu_dim2_nx8_ny8_persistence,phhist_Cu-Mn-Ni-Mo-Fe-Pt-Zn-Ca-Er-Au-Cd-Co-Gd-Na-Sm-Eu-Tb-V-Ag-Nd-U-Ba-Ce-K-Ga-Cr-Al-Li-Sc-Ru-In-Mg-Zr-Dy-W-Yb-Y-Ho-Re-Be-Rb-La-Sn-Cs-Pb-Pr-Bi-Tm-Sr-Ti-Hf-Ir-Nb-Pd-Hg-Th-Np-Lu-Rh-Pu_dim2_nx8_ny9_persistence,phhist_Cu-Mn-Ni-Mo-Fe-Pt-Zn-Ca-Er-Au-Cd-Co-Gd-Na-Sm-Eu-Tb-V-Ag-Nd-U-Ba-Ce-K-Ga-Cr-Al-Li-Sc-Ru-In-Mg-Zr-Dy-W-Yb-Y-Ho-Re-Be-Rb-La-Sn-Cs-Pb-Pr-Bi-Tm-Sr-Ti-Hf-Ir-Nb-Pd-Hg-Th-Np-Lu-Rh-Pu_dim2_nx9_ny0_persistence,phhist_Cu-Mn-Ni-Mo-Fe-Pt-Zn-Ca-Er-Au-Cd-Co-Gd-Na-Sm-Eu-Tb-V-Ag-Nd-U-Ba-Ce-K-Ga-Cr-Al-Li-Sc-Ru-In-Mg-Zr-Dy-W-Yb-Y-Ho-Re-Be-Rb-La-Sn-Cs-Pb-Pr-Bi-Tm-Sr-Ti-Hf-Ir-Nb-Pd-Hg-Th-Np-Lu-Rh-Pu_dim2_nx9_ny1_persistence,phhist_Cu-Mn-Ni-Mo-Fe-Pt-Zn-Ca-Er-Au-Cd-Co-Gd-Na-Sm-Eu-Tb-V-Ag-Nd-U-Ba-Ce-K-Ga-Cr-Al-Li-Sc-Ru-In-Mg-Zr-Dy-W-Yb-Y-Ho-Re-Be-Rb-La-Sn-Cs-Pb-Pr-Bi-Tm-Sr-Ti-Hf-Ir-Nb-Pd-Hg-Th-Np-Lu-Rh-Pu_dim2_nx9_ny2_persistence,phhist_Cu-Mn-Ni-Mo-Fe-Pt-Zn-Ca-Er-Au-Cd-Co-Gd-Na-Sm-Eu-Tb-V-Ag-Nd-U-Ba-Ce-K-Ga-Cr-Al-Li-Sc-Ru-In-Mg-Zr-Dy-W-Yb-Y-Ho-Re-Be-Rb-La-Sn-Cs-Pb-Pr-Bi-Tm-Sr-Ti-Hf-Ir-Nb-Pd-Hg-Th-Np-Lu-Rh-Pu_dim2_nx9_ny3_persistence,phhist_Cu-Mn-Ni-Mo-Fe-Pt-Zn-Ca-Er-Au-Cd-Co-Gd-Na-Sm-Eu-Tb-V-Ag-Nd-U-Ba-Ce-K-Ga-Cr-Al-Li-Sc-Ru-In-Mg-Zr-Dy-W-Yb-Y-Ho-Re-Be-Rb-La-Sn-Cs-Pb-Pr-Bi-Tm-Sr-Ti-Hf-Ir-Nb-Pd-Hg-Th-Np-Lu-Rh-Pu_dim2_nx9_ny4_persistence,phhist_Cu-Mn-Ni-Mo-Fe-Pt-Zn-Ca-Er-Au-Cd-Co-Gd-Na-Sm-Eu-Tb-V-Ag-Nd-U-Ba-Ce-K-Ga-Cr-Al-Li-Sc-Ru-In-Mg-Zr-Dy-W-Yb-Y-Ho-Re-Be-Rb-La-Sn-Cs-Pb-Pr-Bi-Tm-Sr-Ti-Hf-Ir-Nb-Pd-Hg-Th-Np-Lu-Rh-Pu_dim2_nx9_ny5_persistence,phhist_Cu-Mn-Ni-Mo-Fe-Pt-Zn-Ca-Er-Au-Cd-Co-Gd-Na-Sm-Eu-Tb-V-Ag-Nd-U-Ba-Ce-K-Ga-Cr-Al-Li-Sc-Ru-In-Mg-Zr-Dy-W-Yb-Y-Ho-Re-Be-Rb-La-Sn-Cs-Pb-Pr-Bi-Tm-Sr-Ti-Hf-Ir-Nb-Pd-Hg-Th-Np-Lu-Rh-Pu_dim2_nx9_ny6_persistence,phhist_Cu-Mn-Ni-Mo-Fe-Pt-Zn-Ca-Er-Au-Cd-Co-Gd-Na-Sm-Eu-Tb-V-Ag-Nd-U-Ba-Ce-K-Ga-Cr-Al-Li-Sc-Ru-In-Mg-Zr-Dy-W-Yb-Y-Ho-Re-Be-Rb-La-Sn-Cs-Pb-Pr-Bi-Tm-Sr-Ti-Hf-Ir-Nb-Pd-Hg-Th-Np-Lu-Rh-Pu_dim2_nx9_ny7_persistence,phhist_Cu-Mn-Ni-Mo-Fe-Pt-Zn-Ca-Er-Au-Cd-Co-Gd-Na-Sm-Eu-Tb-V-Ag-Nd-U-Ba-Ce-K-Ga-Cr-Al-Li-Sc-Ru-In-Mg-Zr-Dy-W-Yb-Y-Ho-Re-Be-Rb-La-Sn-Cs-Pb-Pr-Bi-Tm-Sr-Ti-Hf-Ir-Nb-Pd-Hg-Th-Np-Lu-Rh-Pu_dim2_nx9_ny8_persistence,phhist_Cu-Mn-Ni-Mo-Fe-Pt-Zn-Ca-Er-Au-Cd-Co-Gd-Na-Sm-Eu-Tb-V-Ag-Nd-U-Ba-Ce-K-Ga-Cr-Al-Li-Sc-Ru-In-Mg-Zr-Dy-W-Yb-Y-Ho-Re-Be-Rb-La-Sn-Cs-Pb-Pr-Bi-Tm-Sr-Ti-Hf-Ir-Nb-Pd-Hg-Th-Np-Lu-Rh-Pu_dim2_nx9_ny9_persistence,phhist_all_dim1_nx0_ny0_persistence,phhist_all_dim1_nx0_ny1_persistence,phhist_all_dim1_nx0_ny2_persistence,phhist_all_dim1_nx0_ny3_persistence,phhist_all_dim1_nx0_ny4_persistence,phhist_all_dim1_nx0_ny5_persistence,phhist_all_dim1_nx0_ny6_persistence,phhist_all_dim1_nx0_ny7_persistence,phhist_all_dim1_nx0_ny8_persistence,phhist_all_dim1_nx0_ny9_persistence,phhist_all_dim1_nx1_ny0_persistence,phhist_all_dim1_nx1_ny1_persistence,phhist_all_dim1_nx1_ny2_persistence,phhist_all_dim1_nx1_ny3_persistence,phhist_all_dim1_nx1_ny4_persistence,phhist_all_dim1_nx1_ny5_persistence,phhist_all_dim1_nx1_ny6_persistence,phhist_all_dim1_nx1_ny7_persistence,phhist_all_dim1_nx1_ny8_persistence,phhist_all_dim1_nx1_ny9_persistence,phhist_all_dim1_nx2_ny0_persistence,phhist_all_dim1_nx2_ny1_persistence,phhist_all_dim1_nx2_ny2_persistence,phhist_all_dim1_nx2_ny3_persistence,phhist_all_dim1_nx2_ny4_persistence,phhist_all_dim1_nx2_ny5_persistence,phhist_all_dim1_nx2_ny6_persistence,phhist_all_dim1_nx2_ny7_persistence,phhist_all_dim1_nx2_ny8_persistence,phhist_all_dim1_nx2_ny9_persistence,phhist_all_dim1_nx3_ny0_persistence,phhist_all_dim1_nx3_ny1_persistence,phhist_all_dim1_nx3_ny2_persistence,phhist_all_dim1_nx3_ny3_persistence,phhist_all_dim1_nx3_ny4_persistence,phhist_all_dim1_nx3_ny5_persistence,phhist_all_dim1_nx3_ny6_persistence,phhist_all_dim1_nx3_ny7_persistence,phhist_all_dim1_nx3_ny8_persistence,phhist_all_dim1_nx3_ny9_persistence,phhist_all_dim1_nx4_ny0_persistence,phhist_all_dim1_nx4_ny1_persistence,phhist_all_dim1_nx4_ny2_persistence,phhist_all_dim1_nx4_ny3_persistence,phhist_all_dim1_nx4_ny4_persistence,phhist_all_dim1_nx4_ny5_persistence,phhist_all_dim1_nx4_ny6_persistence,phhist_all_dim1_nx4_ny7_persistence,phhist_all_dim1_nx4_ny8_persistence,phhist_all_dim1_nx4_ny9_persistence,phhist_all_dim1_nx5_ny0_persistence,phhist_all_dim1_nx5_ny1_persistence,phhist_all_dim1_nx5_ny2_persistence,phhist_all_dim1_nx5_ny3_persistence,phhist_all_dim1_nx5_ny4_persistence,phhist_all_dim1_nx5_ny5_persistence,phhist_all_dim1_nx5_ny6_persistence,phhist_all_dim1_nx5_ny7_persistence,phhist_all_dim1_nx5_ny8_persistence,phhist_all_dim1_nx5_ny9_persistence,phhist_all_dim1_nx6_ny0_persistence,phhist_all_dim1_nx6_ny1_persistence,phhist_all_dim1_nx6_ny2_persistence,phhist_all_dim1_nx6_ny3_persistence,phhist_all_dim1_nx6_ny4_persistence,phhist_all_dim1_nx6_ny5_persistence,phhist_all_dim1_nx6_ny6_persistence,phhist_all_dim1_nx6_ny7_persistence,phhist_all_dim1_nx6_ny8_persistence,phhist_all_dim1_nx6_ny9_persistence,phhist_all_dim1_nx7_ny0_persistence,phhist_all_dim1_nx7_ny1_persistence,phhist_all_dim1_nx7_ny2_persistence,phhist_all_dim1_nx7_ny3_persistence,phhist_all_dim1_nx7_ny4_persistence,phhist_all_dim1_nx7_ny5_persistence,phhist_all_dim1_nx7_ny6_persistence,phhist_all_dim1_nx7_ny7_persistence,phhist_all_dim1_nx7_ny8_persistence,phhist_all_dim1_nx7_ny9_persistence,phhist_all_dim1_nx8_ny0_persistence,phhist_all_dim1_nx8_ny1_persistence,phhist_all_dim1_nx8_ny2_persistence,phhist_all_dim1_nx8_ny3_persistence,phhist_all_dim1_nx8_ny4_persistence,phhist_all_dim1_nx8_ny5_persistence,phhist_all_dim1_nx8_ny6_persistence,phhist_all_dim1_nx8_ny7_persistence,phhist_all_dim1_nx8_ny8_persistence,phhist_all_dim1_nx8_ny9_persistence,phhist_all_dim1_nx9_ny0_persistence,phhist_all_dim1_nx9_ny1_persistence,phhist_all_dim1_nx9_ny2_persistence,phhist_all_dim1_nx9_ny3_persistence,phhist_all_dim1_nx9_ny4_persistence,phhist_all_dim1_nx9_ny5_persistence,phhist_all_dim1_nx9_ny6_persistence,phhist_all_dim1_nx9_ny7_persistence,phhist_all_dim1_nx9_ny8_persistence,phhist_all_dim1_nx9_ny9_persistence,phhist_all_dim2_nx0_ny0_persistence,phhist_all_dim2_nx0_ny1_persistence,phhist_all_dim2_nx0_ny2_persistence,phhist_all_dim2_nx0_ny3_persistence,phhist_all_dim2_nx0_ny4_persistence,phhist_all_dim2_nx0_ny5_persistence,phhist_all_dim2_nx0_ny6_persistence,phhist_all_dim2_nx0_ny7_persistence,phhist_all_dim2_nx0_ny8_persistence,phhist_all_dim2_nx0_ny9_persistence,phhist_all_dim2_nx1_ny0_persistence,phhist_all_dim2_nx1_ny1_persistence,phhist_all_dim2_nx1_ny2_persistence,phhist_all_dim2_nx1_ny3_persistence,phhist_all_dim2_nx1_ny4_persistence,phhist_all_dim2_nx1_ny5_persistence,phhist_all_dim2_nx1_ny6_persistence,phhist_all_dim2_nx1_ny7_persistence,phhist_all_dim2_nx1_ny8_persistence,phhist_all_dim2_nx1_ny9_persistence,phhist_all_dim2_nx2_ny0_persistence,phhist_all_dim2_nx2_ny1_persistence,phhist_all_dim2_nx2_ny2_persistence,phhist_all_dim2_nx2_ny3_persistence,phhist_all_dim2_nx2_ny4_persistence,phhist_all_dim2_nx2_ny5_persistence,phhist_all_dim2_nx2_ny6_persistence,phhist_all_dim2_nx2_ny7_persistence,phhist_all_dim2_nx2_ny8_persistence,phhist_all_dim2_nx2_ny9_persistence,phhist_all_dim2_nx3_ny0_persistence,phhist_all_dim2_nx3_ny1_persistence,phhist_all_dim2_nx3_ny2_persistence,phhist_all_dim2_nx3_ny3_persistence,phhist_all_dim2_nx3_ny4_persistence,phhist_all_dim2_nx3_ny5_persistence,phhist_all_dim2_nx3_ny6_persistence,phhist_all_dim2_nx3_ny7_persistence,phhist_all_dim2_nx3_ny8_persistence,phhist_all_dim2_nx3_ny9_persistence,phhist_all_dim2_nx4_ny0_persistence,phhist_all_dim2_nx4_ny1_persistence,phhist_all_dim2_nx4_ny2_persistence,phhist_all_dim2_nx4_ny3_persistence,phhist_all_dim2_nx4_ny4_persistence,phhist_all_dim2_nx4_ny5_persistence,phhist_all_dim2_nx4_ny6_persistence,phhist_all_dim2_nx4_ny7_persistence,phhist_all_dim2_nx4_ny8_persistence,phhist_all_dim2_nx4_ny9_persistence,phhist_all_dim2_nx5_ny0_persistence,phhist_all_dim2_nx5_ny1_persistence,phhist_all_dim2_nx5_ny2_persistence,phhist_all_dim2_nx5_ny3_persistence,phhist_all_dim2_nx5_ny4_persistence,phhist_all_dim2_nx5_ny5_persistence,phhist_all_dim2_nx5_ny6_persistence,phhist_all_dim2_nx5_ny7_persistence,phhist_all_dim2_nx5_ny8_persistence,phhist_all_dim2_nx5_ny9_persistence,phhist_all_dim2_nx6_ny0_persistence,phhist_all_dim2_nx6_ny1_persistence,phhist_all_dim2_nx6_ny2_persistence,phhist_all_dim2_nx6_ny3_persistence,phhist_all_dim2_nx6_ny4_persistence,phhist_all_dim2_nx6_ny5_persistence,phhist_all_dim2_nx6_ny6_persistence,phhist_all_dim2_nx6_ny7_persistence,phhist_all_dim2_nx6_ny8_persistence,phhist_all_dim2_nx6_ny9_persistence,phhist_all_dim2_nx7_ny0_persistence,phhist_all_dim2_nx7_ny1_persistence,phhist_all_dim2_nx7_ny2_persistence,phhist_all_dim2_nx7_ny3_persistence,phhist_all_dim2_nx7_ny4_persistence,phhist_all_dim2_nx7_ny5_persistence,phhist_all_dim2_nx7_ny6_persistence,phhist_all_dim2_nx7_ny7_persistence,phhist_all_dim2_nx7_ny8_persistence,phhist_all_dim2_nx7_ny9_persistence,phhist_all_dim2_nx8_ny0_persistence,phhist_all_dim2_nx8_ny1_persistence,phhist_all_dim2_nx8_ny2_persistence,phhist_all_dim2_nx8_ny3_persistence,phhist_all_dim2_nx8_ny4_persistence,phhist_all_dim2_nx8_ny5_persistence,phhist_all_dim2_nx8_ny6_persistence,phhist_all_dim2_nx8_ny7_persistence,phhist_all_dim2_nx8_ny8_persistence,phhist_all_dim2_nx8_ny9_persistence,phhist_all_dim2_nx9_ny0_persistence,phhist_all_dim2_nx9_ny1_persistence,phhist_all_dim2_nx9_ny2_persistence,phhist_all_dim2_nx9_ny3_persistence,phhist_all_dim2_nx9_ny4_persistence,phhist_all_dim2_nx9_ny5_persistence,phhist_all_dim2_nx9_ny6_persistence,phhist_all_dim2_nx9_ny7_persistence,phhist_all_dim2_nx9_ny8_persistence,phhist_all_dim2_nx9_ny9_persistence,lis,lifs,lifsp,aprdf_X_avg_0,aprdf_X_avg_1,aprdf_X_avg_2,aprdf_X_avg_3,aprdf_X_avg_4,aprdf_X_avg_5,aprdf_X_avg_6,aprdf_X_avg_7,aprdf_X_avg_8,aprdf_X_avg_9,aprdf_X_avg_10,aprdf_X_avg_11,aprdf_X_avg_12,aprdf_X_avg_13,aprdf_X_avg_14,aprdf_X_avg_15,aprdf_X_avg_16,aprdf_X_avg_17,aprdf_X_avg_18,aprdf_X_avg_19,aprdf_X_avg_20,aprdf_X_avg_21,aprdf_X_avg_22,aprdf_X_avg_23,aprdf_X_avg_24,aprdf_X_avg_25,aprdf_X_avg_26,aprdf_X_avg_27,aprdf_X_avg_28,aprdf_X_avg_29,aprdf_X_avg_30,aprdf_X_avg_31,aprdf_X_avg_32,aprdf_X_avg_33,aprdf_X_avg_34,aprdf_X_avg_35,aprdf_X_avg_36,aprdf_X_avg_37,aprdf_X_avg_38,aprdf_X_avg_39,aprdf_X_avg_40,aprdf_X_avg_41,aprdf_X_avg_42,aprdf_X_avg_43,aprdf_X_avg_44,aprdf_X_avg_45,aprdf_X_avg_46,aprdf_X_avg_47,aprdf_X_avg_48,aprdf_X_avg_49,aprdf_X_avg_50,aprdf_X_avg_51,aprdf_X_avg_52,aprdf_X_avg_53,aprdf_X_avg_54,aprdf_X_avg_55,aprdf_X_avg_56,aprdf_X_avg_57,aprdf_X_avg_58,aprdf_X_avg_59,aprdf_X_avg_60,aprdf_X_avg_61,aprdf_X_avg_62,aprdf_X_avg_63,aprdf_X_avg_64,aprdf_X_avg_65,aprdf_X_avg_66,aprdf_X_avg_67,aprdf_X_avg_68,aprdf_X_avg_69,aprdf_X_avg_70,aprdf_X_avg_71,aprdf_X_product_0,aprdf_X_product_1,aprdf_X_product_2,aprdf_X_product_3,aprdf_X_product_4,aprdf_X_product_5,aprdf_X_product_6,aprdf_X_product_7,aprdf_X_product_8,aprdf_X_product_9,aprdf_X_product_10,aprdf_X_product_11,aprdf_X_product_12,aprdf_X_product_13,aprdf_X_product_14,aprdf_X_product_15,aprdf_X_product_16,aprdf_X_product_17,aprdf_X_product_18,aprdf_X_product_19,aprdf_X_product_20,aprdf_X_product_21,aprdf_X_product_22,aprdf_X_product_23,aprdf_X_product_24,aprdf_X_product_25,aprdf_X_product_26,aprdf_X_product_27,aprdf_X_product_28,aprdf_X_product_29,aprdf_X_product_30,aprdf_X_product_31,aprdf_X_product_32,aprdf_X_product_33,aprdf_X_product_34,aprdf_X_product_35,aprdf_X_product_36,aprdf_X_product_37,aprdf_X_product_38,aprdf_X_product_39,aprdf_X_product_40,aprdf_X_product_41,aprdf_X_product_42,aprdf_X_product_43,aprdf_X_product_44,aprdf_X_product_45,aprdf_X_product_46,aprdf_X_product_47,aprdf_X_product_48,aprdf_X_product_49,aprdf_X_product_50,aprdf_X_product_51,aprdf_X_product_52,aprdf_X_product_53,aprdf_X_product_54,aprdf_X_product_55,aprdf_X_product_56,aprdf_X_product_57,aprdf_X_product_58,aprdf_X_product_59,aprdf_X_product_60,aprdf_X_product_61,aprdf_X_product_62,aprdf_X_product_63,aprdf_X_product_64,aprdf_X_product_65,aprdf_X_product_66,aprdf_X_product_67,aprdf_X_product_68,aprdf_X_product_69,aprdf_X_product_70,aprdf_X_product_71,aprdf_X_diff_0,aprdf_X_diff_1,aprdf_X_diff_2,aprdf_X_diff_3,aprdf_X_diff_4,aprdf_X_diff_5,aprdf_X_diff_6,aprdf_X_diff_7,aprdf_X_diff_8,aprdf_X_diff_9,aprdf_X_diff_10,aprdf_X_diff_11,aprdf_X_diff_12,aprdf_X_diff_13,aprdf_X_diff_14,aprdf_X_diff_15,aprdf_X_diff_16,aprdf_X_diff_17,aprdf_X_diff_18,aprdf_X_diff_19,aprdf_X_diff_20,aprdf_X_diff_21,aprdf_X_diff_22,aprdf_X_diff_23,aprdf_X_diff_24,aprdf_X_diff_25,aprdf_X_diff_26,aprdf_X_diff_27,aprdf_X_diff_28,aprdf_X_diff_29,aprdf_X_diff_30,aprdf_X_diff_31,aprdf_X_diff_32,aprdf_X_diff_33,aprdf_X_diff_34,aprdf_X_diff_35,aprdf_X_diff_36,aprdf_X_diff_37,aprdf_X_diff_38,aprdf_X_diff_39,aprdf_X_diff_40,aprdf_X_diff_41,aprdf_X_diff_42,aprdf_X_diff_43,aprdf_X_diff_44,aprdf_X_diff_45,aprdf_X_diff_46,aprdf_X_diff_47,aprdf_X_diff_48,aprdf_X_diff_49,aprdf_X_diff_50,aprdf_X_diff_51,aprdf_X_diff_52,aprdf_X_diff_53,aprdf_X_diff_54,aprdf_X_diff_55,aprdf_X_diff_56,aprdf_X_diff_57,aprdf_X_diff_58,aprdf_X_diff_59,aprdf_X_diff_60,aprdf_X_diff_61,aprdf_X_diff_62,aprdf_X_diff_63,aprdf_X_diff_64,aprdf_X_diff_65,aprdf_X_diff_66,aprdf_X_diff_67,aprdf_X_diff_68,aprdf_X_diff_69,aprdf_X_diff_70,aprdf_X_diff_71,aprdf_electron_affinity_avg_0,aprdf_electron_affinity_avg_1,aprdf_electron_affinity_avg_2,aprdf_electron_affinity_avg_3,aprdf_electron_affinity_avg_4,aprdf_electron_affinity_avg_5,aprdf_electron_affinity_avg_6,aprdf_electron_affinity_avg_7,aprdf_electron_affinity_avg_8,aprdf_electron_affinity_avg_9,aprdf_electron_affinity_avg_10,aprdf_electron_affinity_avg_11,aprdf_electron_affinity_avg_12,aprdf_electron_affinity_avg_13,aprdf_electron_affinity_avg_14,aprdf_electron_affinity_avg_15,aprdf_electron_affinity_avg_16,aprdf_electron_affinity_avg_17,aprdf_electron_affinity_avg_18,aprdf_electron_affinity_avg_19,aprdf_electron_affinity_avg_20,aprdf_electron_affinity_avg_21,aprdf_electron_affinity_avg_22,aprdf_electron_affinity_avg_23,aprdf_electron_affinity_avg_24,aprdf_electron_affinity_avg_25,aprdf_electron_affinity_avg_26,aprdf_electron_affinity_avg_27,aprdf_electron_affinity_avg_28,aprdf_electron_affinity_avg_29,aprdf_electron_affinity_avg_30,aprdf_electron_affinity_avg_31,aprdf_electron_affinity_avg_32,aprdf_electron_affinity_avg_33,aprdf_electron_affinity_avg_34,aprdf_electron_affinity_avg_35,aprdf_electron_affinity_avg_36,aprdf_electron_affinity_avg_37,aprdf_electron_affinity_avg_38,aprdf_electron_affinity_avg_39,aprdf_electron_affinity_avg_40,aprdf_electron_affinity_avg_41,aprdf_electron_affinity_avg_42,aprdf_electron_affinity_avg_43,aprdf_electron_affinity_avg_44,aprdf_electron_affinity_avg_45,aprdf_electron_affinity_avg_46,aprdf_electron_affinity_avg_47,aprdf_electron_affinity_avg_48,aprdf_electron_affinity_avg_49,aprdf_electron_affinity_avg_50,aprdf_electron_affinity_avg_51,aprdf_electron_affinity_avg_52,aprdf_electron_affinity_avg_53,aprdf_electron_affinity_avg_54,aprdf_electron_affinity_avg_55,aprdf_electron_affinity_avg_56,aprdf_electron_affinity_avg_57,aprdf_electron_affinity_avg_58,aprdf_electron_affinity_avg_59,aprdf_electron_affinity_avg_60,aprdf_electron_affinity_avg_61,aprdf_electron_affinity_avg_62,aprdf_electron_affinity_avg_63,aprdf_electron_affinity_avg_64,aprdf_electron_affinity_avg_65,aprdf_electron_affinity_avg_66,aprdf_electron_affinity_avg_67,aprdf_electron_affinity_avg_68,aprdf_electron_affinity_avg_69,aprdf_electron_affinity_avg_70,aprdf_electron_affinity_avg_71,aprdf_electron_affinity_product_0,aprdf_electron_affinity_product_1,aprdf_electron_affinity_product_2,aprdf_electron_affinity_product_3,aprdf_electron_affinity_product_4,aprdf_electron_affinity_product_5,aprdf_electron_affinity_product_6,aprdf_electron_affinity_product_7,aprdf_electron_affinity_product_8,aprdf_electron_affinity_product_9,aprdf_electron_affinity_product_10,aprdf_electron_affinity_product_11,aprdf_electron_affinity_product_12,aprdf_electron_affinity_product_13,aprdf_electron_affinity_product_14,aprdf_electron_affinity_product_15,aprdf_electron_affinity_product_16,aprdf_electron_affinity_product_17,aprdf_electron_affinity_product_18,aprdf_electron_affinity_product_19,aprdf_electron_affinity_product_20,aprdf_electron_affinity_product_21,aprdf_electron_affinity_product_22,aprdf_electron_affinity_product_23,aprdf_electron_affinity_product_24,aprdf_electron_affinity_product_25,aprdf_electron_affinity_product_26,aprdf_electron_affinity_product_27,aprdf_electron_affinity_product_28,aprdf_electron_affinity_product_29,aprdf_electron_affinity_product_30,aprdf_electron_affinity_product_31,aprdf_electron_affinity_product_32,aprdf_electron_affinity_product_33,aprdf_electron_affinity_product_34,aprdf_electron_affinity_product_35,aprdf_electron_affinity_product_36,aprdf_electron_affinity_product_37,aprdf_electron_affinity_product_38,aprdf_electron_affinity_product_39,aprdf_electron_affinity_product_40,aprdf_electron_affinity_product_41,aprdf_electron_affinity_product_42,aprdf_electron_affinity_product_43,aprdf_electron_affinity_product_44,aprdf_electron_affinity_product_45,aprdf_electron_affinity_product_46,aprdf_electron_affinity_product_47,aprdf_electron_affinity_product_48,aprdf_electron_affinity_product_49,aprdf_electron_affinity_product_50,aprdf_electron_affinity_product_51,aprdf_electron_affinity_product_52,aprdf_electron_affinity_product_53,aprdf_electron_affinity_product_54,aprdf_electron_affinity_product_55,aprdf_electron_affinity_product_56,aprdf_electron_affinity_product_57,aprdf_electron_affinity_product_58,aprdf_electron_affinity_product_59,aprdf_electron_affinity_product_60,aprdf_electron_affinity_product_61,aprdf_electron_affinity_product_62,aprdf_electron_affinity_product_63,aprdf_electron_affinity_product_64,aprdf_electron_affinity_product_65,aprdf_electron_affinity_product_66,aprdf_electron_affinity_product_67,aprdf_electron_affinity_product_68,aprdf_electron_affinity_product_69,aprdf_electron_affinity_product_70,aprdf_electron_affinity_product_71,aprdf_electron_affinity_diff_0,aprdf_electron_affinity_diff_1,aprdf_electron_affinity_diff_2,aprdf_electron_affinity_diff_3,aprdf_electron_affinity_diff_4,aprdf_electron_affinity_diff_5,aprdf_electron_affinity_diff_6,aprdf_electron_affinity_diff_7,aprdf_electron_affinity_diff_8,aprdf_electron_affinity_diff_9,aprdf_electron_affinity_diff_10,aprdf_electron_affinity_diff_11,aprdf_electron_affinity_diff_12,aprdf_electron_affinity_diff_13,aprdf_electron_affinity_diff_14,aprdf_electron_affinity_diff_15,aprdf_electron_affinity_diff_16,aprdf_electron_affinity_diff_17,aprdf_electron_affinity_diff_18,aprdf_electron_affinity_diff_19,aprdf_electron_affinity_diff_20,aprdf_electron_affinity_diff_21,aprdf_electron_affinity_diff_22,aprdf_electron_affinity_diff_23,aprdf_electron_affinity_diff_24,aprdf_electron_affinity_diff_25,aprdf_electron_affinity_diff_26,aprdf_electron_affinity_diff_27,aprdf_electron_affinity_diff_28,aprdf_electron_affinity_diff_29,aprdf_electron_affinity_diff_30,aprdf_electron_affinity_diff_31,aprdf_electron_affinity_diff_32,aprdf_electron_affinity_diff_33,aprdf_electron_affinity_diff_34,aprdf_electron_affinity_diff_35,aprdf_electron_affinity_diff_36,aprdf_electron_affinity_diff_37,aprdf_electron_affinity_diff_38,aprdf_electron_affinity_diff_39,aprdf_electron_affinity_diff_40,aprdf_electron_affinity_diff_41,aprdf_electron_affinity_diff_42,aprdf_electron_affinity_diff_43,aprdf_electron_affinity_diff_44,aprdf_electron_affinity_diff_45,aprdf_electron_affinity_diff_46,aprdf_electron_affinity_diff_47,aprdf_electron_affinity_diff_48,aprdf_electron_affinity_diff_49,aprdf_electron_affinity_diff_50,aprdf_electron_affinity_diff_51,aprdf_electron_affinity_diff_52,aprdf_electron_affinity_diff_53,aprdf_electron_affinity_diff_54,aprdf_electron_affinity_diff_55,aprdf_electron_affinity_diff_56,aprdf_electron_affinity_diff_57,aprdf_electron_affinity_diff_58,aprdf_electron_affinity_diff_59,aprdf_electron_affinity_diff_60,aprdf_electron_affinity_diff_61,aprdf_electron_affinity_diff_62,aprdf_electron_affinity_diff_63,aprdf_electron_affinity_diff_64,aprdf_electron_affinity_diff_65,aprdf_electron_affinity_diff_66,aprdf_electron_affinity_diff_67,aprdf_electron_affinity_diff_68,aprdf_electron_affinity_diff_69,aprdf_electron_affinity_diff_70,aprdf_electron_affinity_diff_71,uc_volume_1.525,density_1.525,asa_a2_1.525,asa_m2cm3_1.525,asa_m2g_1.525,nasa_a2_1.525,nasa_m2cm3_1.525,nasa_m2g_1.525,phimage_C-H-N-O_0_0_0,phimage_C-H-N-O_0_0_1,phimage_C-H-N-O_0_0_2,phimage_C-H-N-O_0_0_3,phimage_C-H-N-O_0_0_4,phimage_C-H-N-O_0_0_5,phimage_C-H-N-O_0_0_6,phimage_C-H-N-O_0_0_7,phimage_C-H-N-O_0_0_8,phimage_C-H-N-O_0_0_9,phimage_C-H-N-O_0_0_10,phimage_C-H-N-O_0_0_11,phimage_C-H-N-O_0_0_12,phimage_C-H-N-O_0_0_13,phimage_C-H-N-O_0_0_14,phimage_C-H-N-O_0_0_15,phimage_C-H-N-O_0_0_16,phimage_C-H-N-O_0_0_17,phimage_C-H-N-O_0_0_18,phimage_C-H-N-O_0_0_19,phimage_C-H-N-O_0_1_0,phimage_C-H-N-O_0_1_1,phimage_C-H-N-O_0_1_2,phimage_C-H-N-O_0_1_3,phimage_C-H-N-O_0_1_4,phimage_C-H-N-O_0_1_5,phimage_C-H-N-O_0_1_6,phimage_C-H-N-O_0_1_7,phimage_C-H-N-O_0_1_8,phimage_C-H-N-O_0_1_9,phimage_C-H-N-O_0_1_10,phimage_C-H-N-O_0_1_11,phimage_C-H-N-O_0_1_12,phimage_C-H-N-O_0_1_13,phimage_C-H-N-O_0_1_14,phimage_C-H-N-O_0_1_15,phimage_C-H-N-O_0_1_16,phimage_C-H-N-O_0_1_17,phimage_C-H-N-O_0_1_18,phimage_C-H-N-O_0_1_19,phimage_C-H-N-O_0_2_0,phimage_C-H-N-O_0_2_1,phimage_C-H-N-O_0_2_2,phimage_C-H-N-O_0_2_3,phimage_C-H-N-O_0_2_4,phimage_C-H-N-O_0_2_5,phimage_C-H-N-O_0_2_6,phimage_C-H-N-O_0_2_7,phimage_C-H-N-O_0_2_8,phimage_C-H-N-O_0_2_9,phimage_C-H-N-O_0_2_10,phimage_C-H-N-O_0_2_11,phimage_C-H-N-O_0_2_12,phimage_C-H-N-O_0_2_13,phimage_C-H-N-O_0_2_14,phimage_C-H-N-O_0_2_15,phimage_C-H-N-O_0_2_16,phimage_C-H-N-O_0_2_17,phimage_C-H-N-O_0_2_18,phimage_C-H-N-O_0_2_19,phimage_C-H-N-O_0_3_0,phimage_C-H-N-O_0_3_1,phimage_C-H-N-O_0_3_2,phimage_C-H-N-O_0_3_3,phimage_C-H-N-O_0_3_4,phimage_C-H-N-O_0_3_5,phimage_C-H-N-O_0_3_6,phimage_C-H-N-O_0_3_7,phimage_C-H-N-O_0_3_8,phimage_C-H-N-O_0_3_9,phimage_C-H-N-O_0_3_10,phimage_C-H-N-O_0_3_11,phimage_C-H-N-O_0_3_12,phimage_C-H-N-O_0_3_13,phimage_C-H-N-O_0_3_14,phimage_C-H-N-O_0_3_15,phimage_C-H-N-O_0_3_16,phimage_C-H-N-O_0_3_17,phimage_C-H-N-O_0_3_18,phimage_C-H-N-O_0_3_19,phimage_C-H-N-O_0_4_0,phimage_C-H-N-O_0_4_1,phimage_C-H-N-O_0_4_2,phimage_C-H-N-O_0_4_3,phimage_C-H-N-O_0_4_4,phimage_C-H-N-O_0_4_5,phimage_C-H-N-O_0_4_6,phimage_C-H-N-O_0_4_7,phimage_C-H-N-O_0_4_8,phimage_C-H-N-O_0_4_9,phimage_C-H-N-O_0_4_10,phimage_C-H-N-O_0_4_11,phimage_C-H-N-O_0_4_12,phimage_C-H-N-O_0_4_13,phimage_C-H-N-O_0_4_14,phimage_C-H-N-O_0_4_15,phimage_C-H-N-O_0_4_16,phimage_C-H-N-O_0_4_17,phimage_C-H-N-O_0_4_18,phimage_C-H-N-O_0_4_19,phimage_C-H-N-O_0_5_0,phimage_C-H-N-O_0_5_1,phimage_C-H-N-O_0_5_2,phimage_C-H-N-O_0_5_3,phimage_C-H-N-O_0_5_4,phimage_C-H-N-O_0_5_5,phimage_C-H-N-O_0_5_6,phimage_C-H-N-O_0_5_7,phimage_C-H-N-O_0_5_8,phimage_C-H-N-O_0_5_9,phimage_C-H-N-O_0_5_10,phimage_C-H-N-O_0_5_11,phimage_C-H-N-O_0_5_12,phimage_C-H-N-O_0_5_13,phimage_C-H-N-O_0_5_14,phimage_C-H-N-O_0_5_15,phimage_C-H-N-O_0_5_16,phimage_C-H-N-O_0_5_17,phimage_C-H-N-O_0_5_18,phimage_C-H-N-O_0_5_19,phimage_C-H-N-O_0_6_0,phimage_C-H-N-O_0_6_1,phimage_C-H-N-O_0_6_2,phimage_C-H-N-O_0_6_3,phimage_C-H-N-O_0_6_4,phimage_C-H-N-O_0_6_5,phimage_C-H-N-O_0_6_6,phimage_C-H-N-O_0_6_7,phimage_C-H-N-O_0_6_8,phimage_C-H-N-O_0_6_9,phimage_C-H-N-O_0_6_10,phimage_C-H-N-O_0_6_11,phimage_C-H-N-O_0_6_12,phimage_C-H-N-O_0_6_13,phimage_C-H-N-O_0_6_14,phimage_C-H-N-O_0_6_15,phimage_C-H-N-O_0_6_16,phimage_C-H-N-O_0_6_17,phimage_C-H-N-O_0_6_18,phimage_C-H-N-O_0_6_19,phimage_C-H-N-O_0_7_0,phimage_C-H-N-O_0_7_1,phimage_C-H-N-O_0_7_2,phimage_C-H-N-O_0_7_3,phimage_C-H-N-O_0_7_4,phimage_C-H-N-O_0_7_5,phimage_C-H-N-O_0_7_6,phimage_C-H-N-O_0_7_7,phimage_C-H-N-O_0_7_8,phimage_C-H-N-O_0_7_9,phimage_C-H-N-O_0_7_10,phimage_C-H-N-O_0_7_11,phimage_C-H-N-O_0_7_12,phimage_C-H-N-O_0_7_13,phimage_C-H-N-O_0_7_14,phimage_C-H-N-O_0_7_15,phimage_C-H-N-O_0_7_16,phimage_C-H-N-O_0_7_17,phimage_C-H-N-O_0_7_18,phimage_C-H-N-O_0_7_19,phimage_C-H-N-O_0_8_0,phimage_C-H-N-O_0_8_1,phimage_C-H-N-O_0_8_2,phimage_C-H-N-O_0_8_3,phimage_C-H-N-O_0_8_4,phimage_C-H-N-O_0_8_5,phimage_C-H-N-O_0_8_6,phimage_C-H-N-O_0_8_7,phimage_C-H-N-O_0_8_8,phimage_C-H-N-O_0_8_9,phimage_C-H-N-O_0_8_10,phimage_C-H-N-O_0_8_11,phimage_C-H-N-O_0_8_12,phimage_C-H-N-O_0_8_13,phimage_C-H-N-O_0_8_14,phimage_C-H-N-O_0_8_15,phimage_C-H-N-O_0_8_16,phimage_C-H-N-O_0_8_17,phimage_C-H-N-O_0_8_18,phimage_C-H-N-O_0_8_19,phimage_C-H-N-O_0_9_0,phimage_C-H-N-O_0_9_1,phimage_C-H-N-O_0_9_2,phimage_C-H-N-O_0_9_3,phimage_C-H-N-O_0_9_4,phimage_C-H-N-O_0_9_5,phimage_C-H-N-O_0_9_6,phimage_C-H-N-O_0_9_7,phimage_C-H-N-O_0_9_8,phimage_C-H-N-O_0_9_9,phimage_C-H-N-O_0_9_10,phimage_C-H-N-O_0_9_11,phimage_C-H-N-O_0_9_12,phimage_C-H-N-O_0_9_13,phimage_C-H-N-O_0_9_14,phimage_C-H-N-O_0_9_15,phimage_C-H-N-O_0_9_16,phimage_C-H-N-O_0_9_17,phimage_C-H-N-O_0_9_18,phimage_C-H-N-O_0_9_19,phimage_C-H-N-O_0_10_0,phimage_C-H-N-O_0_10_1,phimage_C-H-N-O_0_10_2,phimage_C-H-N-O_0_10_3,phimage_C-H-N-O_0_10_4,phimage_C-H-N-O_0_10_5,phimage_C-H-N-O_0_10_6,phimage_C-H-N-O_0_10_7,phimage_C-H-N-O_0_10_8,phimage_C-H-N-O_0_10_9,phimage_C-H-N-O_0_10_10,phimage_C-H-N-O_0_10_11,phimage_C-H-N-O_0_10_12,phimage_C-H-N-O_0_10_13,phimage_C-H-N-O_0_10_14,phimage_C-H-N-O_0_10_15,phimage_C-H-N-O_0_10_16,phimage_C-H-N-O_0_10_17,phimage_C-H-N-O_0_10_18,phimage_C-H-N-O_0_10_19,phimage_C-H-N-O_0_11_0,phimage_C-H-N-O_0_11_1,phimage_C-H-N-O_0_11_2,phimage_C-H-N-O_0_11_3,phimage_C-H-N-O_0_11_4,phimage_C-H-N-O_0_11_5,phimage_C-H-N-O_0_11_6,phimage_C-H-N-O_0_11_7,phimage_C-H-N-O_0_11_8,phimage_C-H-N-O_0_11_9,phimage_C-H-N-O_0_11_10,phimage_C-H-N-O_0_11_11,phimage_C-H-N-O_0_11_12,phimage_C-H-N-O_0_11_13,phimage_C-H-N-O_0_11_14,phimage_C-H-N-O_0_11_15,phimage_C-H-N-O_0_11_16,phimage_C-H-N-O_0_11_17,phimage_C-H-N-O_0_11_18,phimage_C-H-N-O_0_11_19,phimage_C-H-N-O_0_12_0,phimage_C-H-N-O_0_12_1,phimage_C-H-N-O_0_12_2,phimage_C-H-N-O_0_12_3,phimage_C-H-N-O_0_12_4,phimage_C-H-N-O_0_12_5,phimage_C-H-N-O_0_12_6,phimage_C-H-N-O_0_12_7,phimage_C-H-N-O_0_12_8,phimage_C-H-N-O_0_12_9,phimage_C-H-N-O_0_12_10,phimage_C-H-N-O_0_12_11,phimage_C-H-N-O_0_12_12,phimage_C-H-N-O_0_12_13,phimage_C-H-N-O_0_12_14,phimage_C-H-N-O_0_12_15,phimage_C-H-N-O_0_12_16,phimage_C-H-N-O_0_12_17,phimage_C-H-N-O_0_12_18,phimage_C-H-N-O_0_12_19,phimage_C-H-N-O_0_13_0,phimage_C-H-N-O_0_13_1,phimage_C-H-N-O_0_13_2,phimage_C-H-N-O_0_13_3,phimage_C-H-N-O_0_13_4,phimage_C-H-N-O_0_13_5,phimage_C-H-N-O_0_13_6,phimage_C-H-N-O_0_13_7,phimage_C-H-N-O_0_13_8,phimage_C-H-N-O_0_13_9,phimage_C-H-N-O_0_13_10,phimage_C-H-N-O_0_13_11,phimage_C-H-N-O_0_13_12,phimage_C-H-N-O_0_13_13,phimage_C-H-N-O_0_13_14,phimage_C-H-N-O_0_13_15,phimage_C-H-N-O_0_13_16,phimage_C-H-N-O_0_13_17,phimage_C-H-N-O_0_13_18,phimage_C-H-N-O_0_13_19,phimage_C-H-N-O_0_14_0,phimage_C-H-N-O_0_14_1,phimage_C-H-N-O_0_14_2,phimage_C-H-N-O_0_14_3,phimage_C-H-N-O_0_14_4,phimage_C-H-N-O_0_14_5,phimage_C-H-N-O_0_14_6,phimage_C-H-N-O_0_14_7,phimage_C-H-N-O_0_14_8,phimage_C-H-N-O_0_14_9,phimage_C-H-N-O_0_14_10,phimage_C-H-N-O_0_14_11,phimage_C-H-N-O_0_14_12,phimage_C-H-N-O_0_14_13,phimage_C-H-N-O_0_14_14,phimage_C-H-N-O_0_14_15,phimage_C-H-N-O_0_14_16,phimage_C-H-N-O_0_14_17,phimage_C-H-N-O_0_14_18,phimage_C-H-N-O_0_14_19,phimage_C-H-N-O_0_15_0,phimage_C-H-N-O_0_15_1,phimage_C-H-N-O_0_15_2,phimage_C-H-N-O_0_15_3,phimage_C-H-N-O_0_15_4,phimage_C-H-N-O_0_15_5,phimage_C-H-N-O_0_15_6,phimage_C-H-N-O_0_15_7,phimage_C-H-N-O_0_15_8,phimage_C-H-N-O_0_15_9,phimage_C-H-N-O_0_15_10,phimage_C-H-N-O_0_15_11,phimage_C-H-N-O_0_15_12,phimage_C-H-N-O_0_15_13,phimage_C-H-N-O_0_15_14,phimage_C-H-N-O_0_15_15,phimage_C-H-N-O_0_15_16,phimage_C-H-N-O_0_15_17,phimage_C-H-N-O_0_15_18,phimage_C-H-N-O_0_15_19,phimage_C-H-N-O_0_16_0,phimage_C-H-N-O_0_16_1,phimage_C-H-N-O_0_16_2,phimage_C-H-N-O_0_16_3,phimage_C-H-N-O_0_16_4,phimage_C-H-N-O_0_16_5,phimage_C-H-N-O_0_16_6,phimage_C-H-N-O_0_16_7,phimage_C-H-N-O_0_16_8,phimage_C-H-N-O_0_16_9,phimage_C-H-N-O_0_16_10,phimage_C-H-N-O_0_16_11,phimage_C-H-N-O_0_16_12,phimage_C-H-N-O_0_16_13,phimage_C-H-N-O_0_16_14,phimage_C-H-N-O_0_16_15,phimage_C-H-N-O_0_16_16,phimage_C-H-N-O_0_16_17,phimage_C-H-N-O_0_16_18,phimage_C-H-N-O_0_16_19,phimage_C-H-N-O_0_17_0,phimage_C-H-N-O_0_17_1,phimage_C-H-N-O_0_17_2,phimage_C-H-N-O_0_17_3,phimage_C-H-N-O_0_17_4,phimage_C-H-N-O_0_17_5,phimage_C-H-N-O_0_17_6,phimage_C-H-N-O_0_17_7,phimage_C-H-N-O_0_17_8,phimage_C-H-N-O_0_17_9,phimage_C-H-N-O_0_17_10,phimage_C-H-N-O_0_17_11,phimage_C-H-N-O_0_17_12,phimage_C-H-N-O_0_17_13,phimage_C-H-N-O_0_17_14,phimage_C-H-N-O_0_17_15,phimage_C-H-N-O_0_17_16,phimage_C-H-N-O_0_17_17,phimage_C-H-N-O_0_17_18,phimage_C-H-N-O_0_17_19,phimage_C-H-N-O_0_18_0,phimage_C-H-N-O_0_18_1,phimage_C-H-N-O_0_18_2,phimage_C-H-N-O_0_18_3,phimage_C-H-N-O_0_18_4,phimage_C-H-N-O_0_18_5,phimage_C-H-N-O_0_18_6,phimage_C-H-N-O_0_18_7,phimage_C-H-N-O_0_18_8,phimage_C-H-N-O_0_18_9,phimage_C-H-N-O_0_18_10,phimage_C-H-N-O_0_18_11,phimage_C-H-N-O_0_18_12,phimage_C-H-N-O_0_18_13,phimage_C-H-N-O_0_18_14,phimage_C-H-N-O_0_18_15,phimage_C-H-N-O_0_18_16,phimage_C-H-N-O_0_18_17,phimage_C-H-N-O_0_18_18,phimage_C-H-N-O_0_18_19,phimage_C-H-N-O_0_19_0,phimage_C-H-N-O_0_19_1,phimage_C-H-N-O_0_19_2,phimage_C-H-N-O_0_19_3,phimage_C-H-N-O_0_19_4,phimage_C-H-N-O_0_19_5,phimage_C-H-N-O_0_19_6,phimage_C-H-N-O_0_19_7,phimage_C-H-N-O_0_19_8,phimage_C-H-N-O_0_19_9,phimage_C-H-N-O_0_19_10,phimage_C-H-N-O_0_19_11,phimage_C-H-N-O_0_19_12,phimage_C-H-N-O_0_19_13,phimage_C-H-N-O_0_19_14,phimage_C-H-N-O_0_19_15,phimage_C-H-N-O_0_19_16,phimage_C-H-N-O_0_19_17,phimage_C-H-N-O_0_19_18,phimage_C-H-N-O_0_19_19,phimage_C-H-N-O_1_0_0,phimage_C-H-N-O_1_0_1,phimage_C-H-N-O_1_0_2,phimage_C-H-N-O_1_0_3,phimage_C-H-N-O_1_0_4,phimage_C-H-N-O_1_0_5,phimage_C-H-N-O_1_0_6,phimage_C-H-N-O_1_0_7,phimage_C-H-N-O_1_0_8,phimage_C-H-N-O_1_0_9,phimage_C-H-N-O_1_0_10,phimage_C-H-N-O_1_0_11,phimage_C-H-N-O_1_0_12,phimage_C-H-N-O_1_0_13,phimage_C-H-N-O_1_0_14,phimage_C-H-N-O_1_0_15,phimage_C-H-N-O_1_0_16,phimage_C-H-N-O_1_0_17,phimage_C-H-N-O_1_0_18,phimage_C-H-N-O_1_0_19,phimage_C-H-N-O_1_1_0,phimage_C-H-N-O_1_1_1,phimage_C-H-N-O_1_1_2,phimage_C-H-N-O_1_1_3,phimage_C-H-N-O_1_1_4,phimage_C-H-N-O_1_1_5,phimage_C-H-N-O_1_1_6,phimage_C-H-N-O_1_1_7,phimage_C-H-N-O_1_1_8,phimage_C-H-N-O_1_1_9,phimage_C-H-N-O_1_1_10,phimage_C-H-N-O_1_1_11,phimage_C-H-N-O_1_1_12,phimage_C-H-N-O_1_1_13,phimage_C-H-N-O_1_1_14,phimage_C-H-N-O_1_1_15,phimage_C-H-N-O_1_1_16,phimage_C-H-N-O_1_1_17,phimage_C-H-N-O_1_1_18,phimage_C-H-N-O_1_1_19,phimage_C-H-N-O_1_2_0,phimage_C-H-N-O_1_2_1,phimage_C-H-N-O_1_2_2,phimage_C-H-N-O_1_2_3,phimage_C-H-N-O_1_2_4,phimage_C-H-N-O_1_2_5,phimage_C-H-N-O_1_2_6,phimage_C-H-N-O_1_2_7,phimage_C-H-N-O_1_2_8,phimage_C-H-N-O_1_2_9,phimage_C-H-N-O_1_2_10,phimage_C-H-N-O_1_2_11,phimage_C-H-N-O_1_2_12,phimage_C-H-N-O_1_2_13,phimage_C-H-N-O_1_2_14,phimage_C-H-N-O_1_2_15,phimage_C-H-N-O_1_2_16,phimage_C-H-N-O_1_2_17,phimage_C-H-N-O_1_2_18,phimage_C-H-N-O_1_2_19,phimage_C-H-N-O_1_3_0,phimage_C-H-N-O_1_3_1,phimage_C-H-N-O_1_3_2,phimage_C-H-N-O_1_3_3,phimage_C-H-N-O_1_3_4,phimage_C-H-N-O_1_3_5,phimage_C-H-N-O_1_3_6,phimage_C-H-N-O_1_3_7,phimage_C-H-N-O_1_3_8,phimage_C-H-N-O_1_3_9,phimage_C-H-N-O_1_3_10,phimage_C-H-N-O_1_3_11,phimage_C-H-N-O_1_3_12,phimage_C-H-N-O_1_3_13,phimage_C-H-N-O_1_3_14,phimage_C-H-N-O_1_3_15,phimage_C-H-N-O_1_3_16,phimage_C-H-N-O_1_3_17,phimage_C-H-N-O_1_3_18,phimage_C-H-N-O_1_3_19,phimage_C-H-N-O_1_4_0,phimage_C-H-N-O_1_4_1,phimage_C-H-N-O_1_4_2,phimage_C-H-N-O_1_4_3,phimage_C-H-N-O_1_4_4,phimage_C-H-N-O_1_4_5,phimage_C-H-N-O_1_4_6,phimage_C-H-N-O_1_4_7,phimage_C-H-N-O_1_4_8,phimage_C-H-N-O_1_4_9,phimage_C-H-N-O_1_4_10,phimage_C-H-N-O_1_4_11,phimage_C-H-N-O_1_4_12,phimage_C-H-N-O_1_4_13,phimage_C-H-N-O_1_4_14,phimage_C-H-N-O_1_4_15,phimage_C-H-N-O_1_4_16,phimage_C-H-N-O_1_4_17,phimage_C-H-N-O_1_4_18,phimage_C-H-N-O_1_4_19,phimage_C-H-N-O_1_5_0,phimage_C-H-N-O_1_5_1,phimage_C-H-N-O_1_5_2,phimage_C-H-N-O_1_5_3,phimage_C-H-N-O_1_5_4,phimage_C-H-N-O_1_5_5,phimage_C-H-N-O_1_5_6,phimage_C-H-N-O_1_5_7,phimage_C-H-N-O_1_5_8,phimage_C-H-N-O_1_5_9,phimage_C-H-N-O_1_5_10,phimage_C-H-N-O_1_5_11,phimage_C-H-N-O_1_5_12,phimage_C-H-N-O_1_5_13,phimage_C-H-N-O_1_5_14,phimage_C-H-N-O_1_5_15,phimage_C-H-N-O_1_5_16,phimage_C-H-N-O_1_5_17,phimage_C-H-N-O_1_5_18,phimage_C-H-N-O_1_5_19,phimage_C-H-N-O_1_6_0,phimage_C-H-N-O_1_6_1,phimage_C-H-N-O_1_6_2,phimage_C-H-N-O_1_6_3,phimage_C-H-N-O_1_6_4,phimage_C-H-N-O_1_6_5,phimage_C-H-N-O_1_6_6,phimage_C-H-N-O_1_6_7,phimage_C-H-N-O_1_6_8,phimage_C-H-N-O_1_6_9,phimage_C-H-N-O_1_6_10,phimage_C-H-N-O_1_6_11,phimage_C-H-N-O_1_6_12,phimage_C-H-N-O_1_6_13,phimage_C-H-N-O_1_6_14,phimage_C-H-N-O_1_6_15,phimage_C-H-N-O_1_6_16,phimage_C-H-N-O_1_6_17,phimage_C-H-N-O_1_6_18,phimage_C-H-N-O_1_6_19,phimage_C-H-N-O_1_7_0,phimage_C-H-N-O_1_7_1,phimage_C-H-N-O_1_7_2,phimage_C-H-N-O_1_7_3,phimage_C-H-N-O_1_7_4,phimage_C-H-N-O_1_7_5,phimage_C-H-N-O_1_7_6,phimage_C-H-N-O_1_7_7,phimage_C-H-N-O_1_7_8,phimage_C-H-N-O_1_7_9,phimage_C-H-N-O_1_7_10,phimage_C-H-N-O_1_7_11,phimage_C-H-N-O_1_7_12,phimage_C-H-N-O_1_7_13,phimage_C-H-N-O_1_7_14,phimage_C-H-N-O_1_7_15,phimage_C-H-N-O_1_7_16,phimage_C-H-N-O_1_7_17,phimage_C-H-N-O_1_7_18,phimage_C-H-N-O_1_7_19,phimage_C-H-N-O_1_8_0,phimage_C-H-N-O_1_8_1,phimage_C-H-N-O_1_8_2,phimage_C-H-N-O_1_8_3,phimage_C-H-N-O_1_8_4,phimage_C-H-N-O_1_8_5,phimage_C-H-N-O_1_8_6,phimage_C-H-N-O_1_8_7,phimage_C-H-N-O_1_8_8,phimage_C-H-N-O_1_8_9,phimage_C-H-N-O_1_8_10,phimage_C-H-N-O_1_8_11,phimage_C-H-N-O_1_8_12,phimage_C-H-N-O_1_8_13,phimage_C-H-N-O_1_8_14,phimage_C-H-N-O_1_8_15,phimage_C-H-N-O_1_8_16,phimage_C-H-N-O_1_8_17,phimage_C-H-N-O_1_8_18,phimage_C-H-N-O_1_8_19,phimage_C-H-N-O_1_9_0,phimage_C-H-N-O_1_9_1,phimage_C-H-N-O_1_9_2,phimage_C-H-N-O_1_9_3,phimage_C-H-N-O_1_9_4,phimage_C-H-N-O_1_9_5,phimage_C-H-N-O_1_9_6,phimage_C-H-N-O_1_9_7,phimage_C-H-N-O_1_9_8,phimage_C-H-N-O_1_9_9,phimage_C-H-N-O_1_9_10,phimage_C-H-N-O_1_9_11,phimage_C-H-N-O_1_9_12,phimage_C-H-N-O_1_9_13,phimage_C-H-N-O_1_9_14,phimage_C-H-N-O_1_9_15,phimage_C-H-N-O_1_9_16,phimage_C-H-N-O_1_9_17,phimage_C-H-N-O_1_9_18,phimage_C-H-N-O_1_9_19,phimage_C-H-N-O_1_10_0,phimage_C-H-N-O_1_10_1,phimage_C-H-N-O_1_10_2,phimage_C-H-N-O_1_10_3,phimage_C-H-N-O_1_10_4,phimage_C-H-N-O_1_10_5,phimage_C-H-N-O_1_10_6,phimage_C-H-N-O_1_10_7,phimage_C-H-N-O_1_10_8,phimage_C-H-N-O_1_10_9,phimage_C-H-N-O_1_10_10,phimage_C-H-N-O_1_10_11,phimage_C-H-N-O_1_10_12,phimage_C-H-N-O_1_10_13,phimage_C-H-N-O_1_10_14,phimage_C-H-N-O_1_10_15,phimage_C-H-N-O_1_10_16,phimage_C-H-N-O_1_10_17,phimage_C-H-N-O_1_10_18,phimage_C-H-N-O_1_10_19,phimage_C-H-N-O_1_11_0,phimage_C-H-N-O_1_11_1,phimage_C-H-N-O_1_11_2,phimage_C-H-N-O_1_11_3,phimage_C-H-N-O_1_11_4,phimage_C-H-N-O_1_11_5,phimage_C-H-N-O_1_11_6,phimage_C-H-N-O_1_11_7,phimage_C-H-N-O_1_11_8,phimage_C-H-N-O_1_11_9,phimage_C-H-N-O_1_11_10,phimage_C-H-N-O_1_11_11,phimage_C-H-N-O_1_11_12,phimage_C-H-N-O_1_11_13,phimage_C-H-N-O_1_11_14,phimage_C-H-N-O_1_11_15,phimage_C-H-N-O_1_11_16,phimage_C-H-N-O_1_11_17,phimage_C-H-N-O_1_11_18,phimage_C-H-N-O_1_11_19,phimage_C-H-N-O_1_12_0,phimage_C-H-N-O_1_12_1,phimage_C-H-N-O_1_12_2,phimage_C-H-N-O_1_12_3,phimage_C-H-N-O_1_12_4,phimage_C-H-N-O_1_12_5,phimage_C-H-N-O_1_12_6,phimage_C-H-N-O_1_12_7,phimage_C-H-N-O_1_12_8,phimage_C-H-N-O_1_12_9,phimage_C-H-N-O_1_12_10,phimage_C-H-N-O_1_12_11,phimage_C-H-N-O_1_12_12,phimage_C-H-N-O_1_12_13,phimage_C-H-N-O_1_12_14,phimage_C-H-N-O_1_12_15,phimage_C-H-N-O_1_12_16,phimage_C-H-N-O_1_12_17,phimage_C-H-N-O_1_12_18,phimage_C-H-N-O_1_12_19,phimage_C-H-N-O_1_13_0,phimage_C-H-N-O_1_13_1,phimage_C-H-N-O_1_13_2,phimage_C-H-N-O_1_13_3,phimage_C-H-N-O_1_13_4,phimage_C-H-N-O_1_13_5,phimage_C-H-N-O_1_13_6,phimage_C-H-N-O_1_13_7,phimage_C-H-N-O_1_13_8,phimage_C-H-N-O_1_13_9,phimage_C-H-N-O_1_13_10,phimage_C-H-N-O_1_13_11,phimage_C-H-N-O_1_13_12,phimage_C-H-N-O_1_13_13,phimage_C-H-N-O_1_13_14,phimage_C-H-N-O_1_13_15,phimage_C-H-N-O_1_13_16,phimage_C-H-N-O_1_13_17,phimage_C-H-N-O_1_13_18,phimage_C-H-N-O_1_13_19,phimage_C-H-N-O_1_14_0,phimage_C-H-N-O_1_14_1,phimage_C-H-N-O_1_14_2,phimage_C-H-N-O_1_14_3,phimage_C-H-N-O_1_14_4,phimage_C-H-N-O_1_14_5,phimage_C-H-N-O_1_14_6,phimage_C-H-N-O_1_14_7,phimage_C-H-N-O_1_14_8,phimage_C-H-N-O_1_14_9,phimage_C-H-N-O_1_14_10,phimage_C-H-N-O_1_14_11,phimage_C-H-N-O_1_14_12,phimage_C-H-N-O_1_14_13,phimage_C-H-N-O_1_14_14,phimage_C-H-N-O_1_14_15,phimage_C-H-N-O_1_14_16,phimage_C-H-N-O_1_14_17,phimage_C-H-N-O_1_14_18,phimage_C-H-N-O_1_14_19,phimage_C-H-N-O_1_15_0,phimage_C-H-N-O_1_15_1,phimage_C-H-N-O_1_15_2,phimage_C-H-N-O_1_15_3,phimage_C-H-N-O_1_15_4,phimage_C-H-N-O_1_15_5,phimage_C-H-N-O_1_15_6,phimage_C-H-N-O_1_15_7,phimage_C-H-N-O_1_15_8,phimage_C-H-N-O_1_15_9,phimage_C-H-N-O_1_15_10,phimage_C-H-N-O_1_15_11,phimage_C-H-N-O_1_15_12,phimage_C-H-N-O_1_15_13,phimage_C-H-N-O_1_15_14,phimage_C-H-N-O_1_15_15,phimage_C-H-N-O_1_15_16,phimage_C-H-N-O_1_15_17,phimage_C-H-N-O_1_15_18,phimage_C-H-N-O_1_15_19,phimage_C-H-N-O_1_16_0,phimage_C-H-N-O_1_16_1,phimage_C-H-N-O_1_16_2,phimage_C-H-N-O_1_16_3,phimage_C-H-N-O_1_16_4,phimage_C-H-N-O_1_16_5,phimage_C-H-N-O_1_16_6,phimage_C-H-N-O_1_16_7,phimage_C-H-N-O_1_16_8,phimage_C-H-N-O_1_16_9,phimage_C-H-N-O_1_16_10,phimage_C-H-N-O_1_16_11,phimage_C-H-N-O_1_16_12,phimage_C-H-N-O_1_16_13,phimage_C-H-N-O_1_16_14,phimage_C-H-N-O_1_16_15,phimage_C-H-N-O_1_16_16,phimage_C-H-N-O_1_16_17,phimage_C-H-N-O_1_16_18,phimage_C-H-N-O_1_16_19,phimage_C-H-N-O_1_17_0,phimage_C-H-N-O_1_17_1,phimage_C-H-N-O_1_17_2,phimage_C-H-N-O_1_17_3,phimage_C-H-N-O_1_17_4,phimage_C-H-N-O_1_17_5,phimage_C-H-N-O_1_17_6,phimage_C-H-N-O_1_17_7,phimage_C-H-N-O_1_17_8,phimage_C-H-N-O_1_17_9,phimage_C-H-N-O_1_17_10,phimage_C-H-N-O_1_17_11,phimage_C-H-N-O_1_17_12,phimage_C-H-N-O_1_17_13,phimage_C-H-N-O_1_17_14,phimage_C-H-N-O_1_17_15,phimage_C-H-N-O_1_17_16,phimage_C-H-N-O_1_17_17,phimage_C-H-N-O_1_17_18,phimage_C-H-N-O_1_17_19,phimage_C-H-N-O_1_18_0,phimage_C-H-N-O_1_18_1,phimage_C-H-N-O_1_18_2,phimage_C-H-N-O_1_18_3,phimage_C-H-N-O_1_18_4,phimage_C-H-N-O_1_18_5,phimage_C-H-N-O_1_18_6,phimage_C-H-N-O_1_18_7,phimage_C-H-N-O_1_18_8,phimage_C-H-N-O_1_18_9,phimage_C-H-N-O_1_18_10,phimage_C-H-N-O_1_18_11,phimage_C-H-N-O_1_18_12,phimage_C-H-N-O_1_18_13,phimage_C-H-N-O_1_18_14,phimage_C-H-N-O_1_18_15,phimage_C-H-N-O_1_18_16,phimage_C-H-N-O_1_18_17,phimage_C-H-N-O_1_18_18,phimage_C-H-N-O_1_18_19,phimage_C-H-N-O_1_19_0,phimage_C-H-N-O_1_19_1,phimage_C-H-N-O_1_19_2,phimage_C-H-N-O_1_19_3,phimage_C-H-N-O_1_19_4,phimage_C-H-N-O_1_19_5,phimage_C-H-N-O_1_19_6,phimage_C-H-N-O_1_19_7,phimage_C-H-N-O_1_19_8,phimage_C-H-N-O_1_19_9,phimage_C-H-N-O_1_19_10,phimage_C-H-N-O_1_19_11,phimage_C-H-N-O_1_19_12,phimage_C-H-N-O_1_19_13,phimage_C-H-N-O_1_19_14,phimage_C-H-N-O_1_19_15,phimage_C-H-N-O_1_19_16,phimage_C-H-N-O_1_19_17,phimage_C-H-N-O_1_19_18,phimage_C-H-N-O_1_19_19,phimage_C-H-N-O_2_0_0,phimage_C-H-N-O_2_0_1,phimage_C-H-N-O_2_0_2,phimage_C-H-N-O_2_0_3,phimage_C-H-N-O_2_0_4,phimage_C-H-N-O_2_0_5,phimage_C-H-N-O_2_0_6,phimage_C-H-N-O_2_0_7,phimage_C-H-N-O_2_0_8,phimage_C-H-N-O_2_0_9,phimage_C-H-N-O_2_0_10,phimage_C-H-N-O_2_0_11,phimage_C-H-N-O_2_0_12,phimage_C-H-N-O_2_0_13,phimage_C-H-N-O_2_0_14,phimage_C-H-N-O_2_0_15,phimage_C-H-N-O_2_0_16,phimage_C-H-N-O_2_0_17,phimage_C-H-N-O_2_0_18,phimage_C-H-N-O_2_0_19,phimage_C-H-N-O_2_1_0,phimage_C-H-N-O_2_1_1,phimage_C-H-N-O_2_1_2,phimage_C-H-N-O_2_1_3,phimage_C-H-N-O_2_1_4,phimage_C-H-N-O_2_1_5,phimage_C-H-N-O_2_1_6,phimage_C-H-N-O_2_1_7,phimage_C-H-N-O_2_1_8,phimage_C-H-N-O_2_1_9,phimage_C-H-N-O_2_1_10,phimage_C-H-N-O_2_1_11,phimage_C-H-N-O_2_1_12,phimage_C-H-N-O_2_1_13,phimage_C-H-N-O_2_1_14,phimage_C-H-N-O_2_1_15,phimage_C-H-N-O_2_1_16,phimage_C-H-N-O_2_1_17,phimage_C-H-N-O_2_1_18,phimage_C-H-N-O_2_1_19,phimage_C-H-N-O_2_2_0,phimage_C-H-N-O_2_2_1,phimage_C-H-N-O_2_2_2,phimage_C-H-N-O_2_2_3,phimage_C-H-N-O_2_2_4,phimage_C-H-N-O_2_2_5,phimage_C-H-N-O_2_2_6,phimage_C-H-N-O_2_2_7,phimage_C-H-N-O_2_2_8,phimage_C-H-N-O_2_2_9,phimage_C-H-N-O_2_2_10,phimage_C-H-N-O_2_2_11,phimage_C-H-N-O_2_2_12,phimage_C-H-N-O_2_2_13,phimage_C-H-N-O_2_2_14,phimage_C-H-N-O_2_2_15,phimage_C-H-N-O_2_2_16,phimage_C-H-N-O_2_2_17,phimage_C-H-N-O_2_2_18,phimage_C-H-N-O_2_2_19,phimage_C-H-N-O_2_3_0,phimage_C-H-N-O_2_3_1,phimage_C-H-N-O_2_3_2,phimage_C-H-N-O_2_3_3,phimage_C-H-N-O_2_3_4,phimage_C-H-N-O_2_3_5,phimage_C-H-N-O_2_3_6,phimage_C-H-N-O_2_3_7,phimage_C-H-N-O_2_3_8,phimage_C-H-N-O_2_3_9,phimage_C-H-N-O_2_3_10,phimage_C-H-N-O_2_3_11,phimage_C-H-N-O_2_3_12,phimage_C-H-N-O_2_3_13,phimage_C-H-N-O_2_3_14,phimage_C-H-N-O_2_3_15,phimage_C-H-N-O_2_3_16,phimage_C-H-N-O_2_3_17,phimage_C-H-N-O_2_3_18,phimage_C-H-N-O_2_3_19,phimage_C-H-N-O_2_4_0,phimage_C-H-N-O_2_4_1,phimage_C-H-N-O_2_4_2,phimage_C-H-N-O_2_4_3,phimage_C-H-N-O_2_4_4,phimage_C-H-N-O_2_4_5,phimage_C-H-N-O_2_4_6,phimage_C-H-N-O_2_4_7,phimage_C-H-N-O_2_4_8,phimage_C-H-N-O_2_4_9,phimage_C-H-N-O_2_4_10,phimage_C-H-N-O_2_4_11,phimage_C-H-N-O_2_4_12,phimage_C-H-N-O_2_4_13,phimage_C-H-N-O_2_4_14,phimage_C-H-N-O_2_4_15,phimage_C-H-N-O_2_4_16,phimage_C-H-N-O_2_4_17,phimage_C-H-N-O_2_4_18,phimage_C-H-N-O_2_4_19,phimage_C-H-N-O_2_5_0,phimage_C-H-N-O_2_5_1,phimage_C-H-N-O_2_5_2,phimage_C-H-N-O_2_5_3,phimage_C-H-N-O_2_5_4,phimage_C-H-N-O_2_5_5,phimage_C-H-N-O_2_5_6,phimage_C-H-N-O_2_5_7,phimage_C-H-N-O_2_5_8,phimage_C-H-N-O_2_5_9,phimage_C-H-N-O_2_5_10,phimage_C-H-N-O_2_5_11,phimage_C-H-N-O_2_5_12,phimage_C-H-N-O_2_5_13,phimage_C-H-N-O_2_5_14,phimage_C-H-N-O_2_5_15,phimage_C-H-N-O_2_5_16,phimage_C-H-N-O_2_5_17,phimage_C-H-N-O_2_5_18,phimage_C-H-N-O_2_5_19,phimage_C-H-N-O_2_6_0,phimage_C-H-N-O_2_6_1,phimage_C-H-N-O_2_6_2,phimage_C-H-N-O_2_6_3,phimage_C-H-N-O_2_6_4,phimage_C-H-N-O_2_6_5,phimage_C-H-N-O_2_6_6,phimage_C-H-N-O_2_6_7,phimage_C-H-N-O_2_6_8,phimage_C-H-N-O_2_6_9,phimage_C-H-N-O_2_6_10,phimage_C-H-N-O_2_6_11,phimage_C-H-N-O_2_6_12,phimage_C-H-N-O_2_6_13,phimage_C-H-N-O_2_6_14,phimage_C-H-N-O_2_6_15,phimage_C-H-N-O_2_6_16,phimage_C-H-N-O_2_6_17,phimage_C-H-N-O_2_6_18,phimage_C-H-N-O_2_6_19,phimage_C-H-N-O_2_7_0,phimage_C-H-N-O_2_7_1,phimage_C-H-N-O_2_7_2,phimage_C-H-N-O_2_7_3,phimage_C-H-N-O_2_7_4,phimage_C-H-N-O_2_7_5,phimage_C-H-N-O_2_7_6,phimage_C-H-N-O_2_7_7,phimage_C-H-N-O_2_7_8,phimage_C-H-N-O_2_7_9,phimage_C-H-N-O_2_7_10,phimage_C-H-N-O_2_7_11,phimage_C-H-N-O_2_7_12,phimage_C-H-N-O_2_7_13,phimage_C-H-N-O_2_7_14,phimage_C-H-N-O_2_7_15,phimage_C-H-N-O_2_7_16,phimage_C-H-N-O_2_7_17,phimage_C-H-N-O_2_7_18,phimage_C-H-N-O_2_7_19,phimage_C-H-N-O_2_8_0,phimage_C-H-N-O_2_8_1,phimage_C-H-N-O_2_8_2,phimage_C-H-N-O_2_8_3,phimage_C-H-N-O_2_8_4,phimage_C-H-N-O_2_8_5,phimage_C-H-N-O_2_8_6,phimage_C-H-N-O_2_8_7,phimage_C-H-N-O_2_8_8,phimage_C-H-N-O_2_8_9,phimage_C-H-N-O_2_8_10,phimage_C-H-N-O_2_8_11,phimage_C-H-N-O_2_8_12,phimage_C-H-N-O_2_8_13,phimage_C-H-N-O_2_8_14,phimage_C-H-N-O_2_8_15,phimage_C-H-N-O_2_8_16,phimage_C-H-N-O_2_8_17,phimage_C-H-N-O_2_8_18,phimage_C-H-N-O_2_8_19,phimage_C-H-N-O_2_9_0,phimage_C-H-N-O_2_9_1,phimage_C-H-N-O_2_9_2,phimage_C-H-N-O_2_9_3,phimage_C-H-N-O_2_9_4,phimage_C-H-N-O_2_9_5,phimage_C-H-N-O_2_9_6,phimage_C-H-N-O_2_9_7,phimage_C-H-N-O_2_9_8,phimage_C-H-N-O_2_9_9,phimage_C-H-N-O_2_9_10,phimage_C-H-N-O_2_9_11,phimage_C-H-N-O_2_9_12,phimage_C-H-N-O_2_9_13,phimage_C-H-N-O_2_9_14,phimage_C-H-N-O_2_9_15,phimage_C-H-N-O_2_9_16,phimage_C-H-N-O_2_9_17,phimage_C-H-N-O_2_9_18,phimage_C-H-N-O_2_9_19,phimage_C-H-N-O_2_10_0,phimage_C-H-N-O_2_10_1,phimage_C-H-N-O_2_10_2,phimage_C-H-N-O_2_10_3,phimage_C-H-N-O_2_10_4,phimage_C-H-N-O_2_10_5,phimage_C-H-N-O_2_10_6,phimage_C-H-N-O_2_10_7,phimage_C-H-N-O_2_10_8,phimage_C-H-N-O_2_10_9,phimage_C-H-N-O_2_10_10,phimage_C-H-N-O_2_10_11,phimage_C-H-N-O_2_10_12,phimage_C-H-N-O_2_10_13,phimage_C-H-N-O_2_10_14,phimage_C-H-N-O_2_10_15,phimage_C-H-N-O_2_10_16,phimage_C-H-N-O_2_10_17,phimage_C-H-N-O_2_10_18,phimage_C-H-N-O_2_10_19,phimage_C-H-N-O_2_11_0,phimage_C-H-N-O_2_11_1,phimage_C-H-N-O_2_11_2,phimage_C-H-N-O_2_11_3,phimage_C-H-N-O_2_11_4,phimage_C-H-N-O_2_11_5,phimage_C-H-N-O_2_11_6,phimage_C-H-N-O_2_11_7,phimage_C-H-N-O_2_11_8,phimage_C-H-N-O_2_11_9,phimage_C-H-N-O_2_11_10,phimage_C-H-N-O_2_11_11,phimage_C-H-N-O_2_11_12,phimage_C-H-N-O_2_11_13,phimage_C-H-N-O_2_11_14,phimage_C-H-N-O_2_11_15,phimage_C-H-N-O_2_11_16,phimage_C-H-N-O_2_11_17,phimage_C-H-N-O_2_11_18,phimage_C-H-N-O_2_11_19,phimage_C-H-N-O_2_12_0,phimage_C-H-N-O_2_12_1,phimage_C-H-N-O_2_12_2,phimage_C-H-N-O_2_12_3,phimage_C-H-N-O_2_12_4,phimage_C-H-N-O_2_12_5,phimage_C-H-N-O_2_12_6,phimage_C-H-N-O_2_12_7,phimage_C-H-N-O_2_12_8,phimage_C-H-N-O_2_12_9,phimage_C-H-N-O_2_12_10,phimage_C-H-N-O_2_12_11,phimage_C-H-N-O_2_12_12,phimage_C-H-N-O_2_12_13,phimage_C-H-N-O_2_12_14,phimage_C-H-N-O_2_12_15,phimage_C-H-N-O_2_12_16,phimage_C-H-N-O_2_12_17,phimage_C-H-N-O_2_12_18,phimage_C-H-N-O_2_12_19,phimage_C-H-N-O_2_13_0,phimage_C-H-N-O_2_13_1,phimage_C-H-N-O_2_13_2,phimage_C-H-N-O_2_13_3,phimage_C-H-N-O_2_13_4,phimage_C-H-N-O_2_13_5,phimage_C-H-N-O_2_13_6,phimage_C-H-N-O_2_13_7,phimage_C-H-N-O_2_13_8,phimage_C-H-N-O_2_13_9,phimage_C-H-N-O_2_13_10,phimage_C-H-N-O_2_13_11,phimage_C-H-N-O_2_13_12,phimage_C-H-N-O_2_13_13,phimage_C-H-N-O_2_13_14,phimage_C-H-N-O_2_13_15,phimage_C-H-N-O_2_13_16,phimage_C-H-N-O_2_13_17,phimage_C-H-N-O_2_13_18,phimage_C-H-N-O_2_13_19,phimage_C-H-N-O_2_14_0,phimage_C-H-N-O_2_14_1,phimage_C-H-N-O_2_14_2,phimage_C-H-N-O_2_14_3,phimage_C-H-N-O_2_14_4,phimage_C-H-N-O_2_14_5,phimage_C-H-N-O_2_14_6,phimage_C-H-N-O_2_14_7,phimage_C-H-N-O_2_14_8,phimage_C-H-N-O_2_14_9,phimage_C-H-N-O_2_14_10,phimage_C-H-N-O_2_14_11,phimage_C-H-N-O_2_14_12,phimage_C-H-N-O_2_14_13,phimage_C-H-N-O_2_14_14,phimage_C-H-N-O_2_14_15,phimage_C-H-N-O_2_14_16,phimage_C-H-N-O_2_14_17,phimage_C-H-N-O_2_14_18,phimage_C-H-N-O_2_14_19,phimage_C-H-N-O_2_15_0,phimage_C-H-N-O_2_15_1,phimage_C-H-N-O_2_15_2,phimage_C-H-N-O_2_15_3,phimage_C-H-N-O_2_15_4,phimage_C-H-N-O_2_15_5,phimage_C-H-N-O_2_15_6,phimage_C-H-N-O_2_15_7,phimage_C-H-N-O_2_15_8,phimage_C-H-N-O_2_15_9,phimage_C-H-N-O_2_15_10,phimage_C-H-N-O_2_15_11,phimage_C-H-N-O_2_15_12,phimage_C-H-N-O_2_15_13,phimage_C-H-N-O_2_15_14,phimage_C-H-N-O_2_15_15,phimage_C-H-N-O_2_15_16,phimage_C-H-N-O_2_15_17,phimage_C-H-N-O_2_15_18,phimage_C-H-N-O_2_15_19,phimage_C-H-N-O_2_16_0,phimage_C-H-N-O_2_16_1,phimage_C-H-N-O_2_16_2,phimage_C-H-N-O_2_16_3,phimage_C-H-N-O_2_16_4,phimage_C-H-N-O_2_16_5,phimage_C-H-N-O_2_16_6,phimage_C-H-N-O_2_16_7,phimage_C-H-N-O_2_16_8,phimage_C-H-N-O_2_16_9,phimage_C-H-N-O_2_16_10,phimage_C-H-N-O_2_16_11,phimage_C-H-N-O_2_16_12,phimage_C-H-N-O_2_16_13,phimage_C-H-N-O_2_16_14,phimage_C-H-N-O_2_16_15,phimage_C-H-N-O_2_16_16,phimage_C-H-N-O_2_16_17,phimage_C-H-N-O_2_16_18,phimage_C-H-N-O_2_16_19,phimage_C-H-N-O_2_17_0,phimage_C-H-N-O_2_17_1,phimage_C-H-N-O_2_17_2,phimage_C-H-N-O_2_17_3,phimage_C-H-N-O_2_17_4,phimage_C-H-N-O_2_17_5,phimage_C-H-N-O_2_17_6,phimage_C-H-N-O_2_17_7,phimage_C-H-N-O_2_17_8,phimage_C-H-N-O_2_17_9,phimage_C-H-N-O_2_17_10,phimage_C-H-N-O_2_17_11,phimage_C-H-N-O_2_17_12,phimage_C-H-N-O_2_17_13,phimage_C-H-N-O_2_17_14,phimage_C-H-N-O_2_17_15,phimage_C-H-N-O_2_17_16,phimage_C-H-N-O_2_17_17,phimage_C-H-N-O_2_17_18,phimage_C-H-N-O_2_17_19,phimage_C-H-N-O_2_18_0,phimage_C-H-N-O_2_18_1,phimage_C-H-N-O_2_18_2,phimage_C-H-N-O_2_18_3,phimage_C-H-N-O_2_18_4,phimage_C-H-N-O_2_18_5,phimage_C-H-N-O_2_18_6,phimage_C-H-N-O_2_18_7,phimage_C-H-N-O_2_18_8,phimage_C-H-N-O_2_18_9,phimage_C-H-N-O_2_18_10,phimage_C-H-N-O_2_18_11,phimage_C-H-N-O_2_18_12,phimage_C-H-N-O_2_18_13,phimage_C-H-N-O_2_18_14,phimage_C-H-N-O_2_18_15,phimage_C-H-N-O_2_18_16,phimage_C-H-N-O_2_18_17,phimage_C-H-N-O_2_18_18,phimage_C-H-N-O_2_18_19,phimage_C-H-N-O_2_19_0,phimage_C-H-N-O_2_19_1,phimage_C-H-N-O_2_19_2,phimage_C-H-N-O_2_19_3,phimage_C-H-N-O_2_19_4,phimage_C-H-N-O_2_19_5,phimage_C-H-N-O_2_19_6,phimage_C-H-N-O_2_19_7,phimage_C-H-N-O_2_19_8,phimage_C-H-N-O_2_19_9,phimage_C-H-N-O_2_19_10,phimage_C-H-N-O_2_19_11,phimage_C-H-N-O_2_19_12,phimage_C-H-N-O_2_19_13,phimage_C-H-N-O_2_19_14,phimage_C-H-N-O_2_19_15,phimage_C-H-N-O_2_19_16,phimage_C-H-N-O_2_19_17,phimage_C-H-N-O_2_19_18,phimage_C-H-N-O_2_19_19,phimage_F-Cl-Br-I_0_0_0,phimage_F-Cl-Br-I_0_0_1,phimage_F-Cl-Br-I_0_0_2,phimage_F-Cl-Br-I_0_0_3,phimage_F-Cl-Br-I_0_0_4,phimage_F-Cl-Br-I_0_0_5,phimage_F-Cl-Br-I_0_0_6,phimage_F-Cl-Br-I_0_0_7,phimage_F-Cl-Br-I_0_0_8,phimage_F-Cl-Br-I_0_0_9,phimage_F-Cl-Br-I_0_0_10,phimage_F-Cl-Br-I_0_0_11,phimage_F-Cl-Br-I_0_0_12,phimage_F-Cl-Br-I_0_0_13,phimage_F-Cl-Br-I_0_0_14,phimage_F-Cl-Br-I_0_0_15,phimage_F-Cl-Br-I_0_0_16,phimage_F-Cl-Br-I_0_0_17,phimage_F-Cl-Br-I_0_0_18,phimage_F-Cl-Br-I_0_0_19,phimage_F-Cl-Br-I_0_1_0,phimage_F-Cl-Br-I_0_1_1,phimage_F-Cl-Br-I_0_1_2,phimage_F-Cl-Br-I_0_1_3,phimage_F-Cl-Br-I_0_1_4,phimage_F-Cl-Br-I_0_1_5,phimage_F-Cl-Br-I_0_1_6,phimage_F-Cl-Br-I_0_1_7,phimage_F-Cl-Br-I_0_1_8,phimage_F-Cl-Br-I_0_1_9,phimage_F-Cl-Br-I_0_1_10,phimage_F-Cl-Br-I_0_1_11,phimage_F-Cl-Br-I_0_1_12,phimage_F-Cl-Br-I_0_1_13,phimage_F-Cl-Br-I_0_1_14,phimage_F-Cl-Br-I_0_1_15,phimage_F-Cl-Br-I_0_1_16,phimage_F-Cl-Br-I_0_1_17,phimage_F-Cl-Br-I_0_1_18,phimage_F-Cl-Br-I_0_1_19,phimage_F-Cl-Br-I_0_2_0,phimage_F-Cl-Br-I_0_2_1,phimage_F-Cl-Br-I_0_2_2,phimage_F-Cl-Br-I_0_2_3,phimage_F-Cl-Br-I_0_2_4,phimage_F-Cl-Br-I_0_2_5,phimage_F-Cl-Br-I_0_2_6,phimage_F-Cl-Br-I_0_2_7,phimage_F-Cl-Br-I_0_2_8,phimage_F-Cl-Br-I_0_2_9,phimage_F-Cl-Br-I_0_2_10,phimage_F-Cl-Br-I_0_2_11,phimage_F-Cl-Br-I_0_2_12,phimage_F-Cl-Br-I_0_2_13,phimage_F-Cl-Br-I_0_2_14,phimage_F-Cl-Br-I_0_2_15,phimage_F-Cl-Br-I_0_2_16,phimage_F-Cl-Br-I_0_2_17,phimage_F-Cl-Br-I_0_2_18,phimage_F-Cl-Br-I_0_2_19,phimage_F-Cl-Br-I_0_3_0,phimage_F-Cl-Br-I_0_3_1,phimage_F-Cl-Br-I_0_3_2,phimage_F-Cl-Br-I_0_3_3,phimage_F-Cl-Br-I_0_3_4,phimage_F-Cl-Br-I_0_3_5,phimage_F-Cl-Br-I_0_3_6,phimage_F-Cl-Br-I_0_3_7,phimage_F-Cl-Br-I_0_3_8,phimage_F-Cl-Br-I_0_3_9,phimage_F-Cl-Br-I_0_3_10,phimage_F-Cl-Br-I_0_3_11,phimage_F-Cl-Br-I_0_3_12,phimage_F-Cl-Br-I_0_3_13,phimage_F-Cl-Br-I_0_3_14,phimage_F-Cl-Br-I_0_3_15,phimage_F-Cl-Br-I_0_3_16,phimage_F-Cl-Br-I_0_3_17,phimage_F-Cl-Br-I_0_3_18,phimage_F-Cl-Br-I_0_3_19,phimage_F-Cl-Br-I_0_4_0,phimage_F-Cl-Br-I_0_4_1,phimage_F-Cl-Br-I_0_4_2,phimage_F-Cl-Br-I_0_4_3,phimage_F-Cl-Br-I_0_4_4,phimage_F-Cl-Br-I_0_4_5,phimage_F-Cl-Br-I_0_4_6,phimage_F-Cl-Br-I_0_4_7,phimage_F-Cl-Br-I_0_4_8,phimage_F-Cl-Br-I_0_4_9,phimage_F-Cl-Br-I_0_4_10,phimage_F-Cl-Br-I_0_4_11,phimage_F-Cl-Br-I_0_4_12,phimage_F-Cl-Br-I_0_4_13,phimage_F-Cl-Br-I_0_4_14,phimage_F-Cl-Br-I_0_4_15,phimage_F-Cl-Br-I_0_4_16,phimage_F-Cl-Br-I_0_4_17,phimage_F-Cl-Br-I_0_4_18,phimage_F-Cl-Br-I_0_4_19,phimage_F-Cl-Br-I_0_5_0,phimage_F-Cl-Br-I_0_5_1,phimage_F-Cl-Br-I_0_5_2,phimage_F-Cl-Br-I_0_5_3,phimage_F-Cl-Br-I_0_5_4,phimage_F-Cl-Br-I_0_5_5,phimage_F-Cl-Br-I_0_5_6,phimage_F-Cl-Br-I_0_5_7,phimage_F-Cl-Br-I_0_5_8,phimage_F-Cl-Br-I_0_5_9,phimage_F-Cl-Br-I_0_5_10,phimage_F-Cl-Br-I_0_5_11,phimage_F-Cl-Br-I_0_5_12,phimage_F-Cl-Br-I_0_5_13,phimage_F-Cl-Br-I_0_5_14,phimage_F-Cl-Br-I_0_5_15,phimage_F-Cl-Br-I_0_5_16,phimage_F-Cl-Br-I_0_5_17,phimage_F-Cl-Br-I_0_5_18,phimage_F-Cl-Br-I_0_5_19,phimage_F-Cl-Br-I_0_6_0,phimage_F-Cl-Br-I_0_6_1,phimage_F-Cl-Br-I_0_6_2,phimage_F-Cl-Br-I_0_6_3,phimage_F-Cl-Br-I_0_6_4,phimage_F-Cl-Br-I_0_6_5,phimage_F-Cl-Br-I_0_6_6,phimage_F-Cl-Br-I_0_6_7,phimage_F-Cl-Br-I_0_6_8,phimage_F-Cl-Br-I_0_6_9,phimage_F-Cl-Br-I_0_6_10,phimage_F-Cl-Br-I_0_6_11,phimage_F-Cl-Br-I_0_6_12,phimage_F-Cl-Br-I_0_6_13,phimage_F-Cl-Br-I_0_6_14,phimage_F-Cl-Br-I_0_6_15,phimage_F-Cl-Br-I_0_6_16,phimage_F-Cl-Br-I_0_6_17,phimage_F-Cl-Br-I_0_6_18,phimage_F-Cl-Br-I_0_6_19,phimage_F-Cl-Br-I_0_7_0,phimage_F-Cl-Br-I_0_7_1,phimage_F-Cl-Br-I_0_7_2,phimage_F-Cl-Br-I_0_7_3,phimage_F-Cl-Br-I_0_7_4,phimage_F-Cl-Br-I_0_7_5,phimage_F-Cl-Br-I_0_7_6,phimage_F-Cl-Br-I_0_7_7,phimage_F-Cl-Br-I_0_7_8,phimage_F-Cl-Br-I_0_7_9,phimage_F-Cl-Br-I_0_7_10,phimage_F-Cl-Br-I_0_7_11,phimage_F-Cl-Br-I_0_7_12,phimage_F-Cl-Br-I_0_7_13,phimage_F-Cl-Br-I_0_7_14,phimage_F-Cl-Br-I_0_7_15,phimage_F-Cl-Br-I_0_7_16,phimage_F-Cl-Br-I_0_7_17,phimage_F-Cl-Br-I_0_7_18,phimage_F-Cl-Br-I_0_7_19,phimage_F-Cl-Br-I_0_8_0,phimage_F-Cl-Br-I_0_8_1,phimage_F-Cl-Br-I_0_8_2,phimage_F-Cl-Br-I_0_8_3,phimage_F-Cl-Br-I_0_8_4,phimage_F-Cl-Br-I_0_8_5,phimage_F-Cl-Br-I_0_8_6,phimage_F-Cl-Br-I_0_8_7,phimage_F-Cl-Br-I_0_8_8,phimage_F-Cl-Br-I_0_8_9,phimage_F-Cl-Br-I_0_8_10,phimage_F-Cl-Br-I_0_8_11,phimage_F-Cl-Br-I_0_8_12,phimage_F-Cl-Br-I_0_8_13,phimage_F-Cl-Br-I_0_8_14,phimage_F-Cl-Br-I_0_8_15,phimage_F-Cl-Br-I_0_8_16,phimage_F-Cl-Br-I_0_8_17,phimage_F-Cl-Br-I_0_8_18,phimage_F-Cl-Br-I_0_8_19,phimage_F-Cl-Br-I_0_9_0,phimage_F-Cl-Br-I_0_9_1,phimage_F-Cl-Br-I_0_9_2,phimage_F-Cl-Br-I_0_9_3,phimage_F-Cl-Br-I_0_9_4,phimage_F-Cl-Br-I_0_9_5,phimage_F-Cl-Br-I_0_9_6,phimage_F-Cl-Br-I_0_9_7,phimage_F-Cl-Br-I_0_9_8,phimage_F-Cl-Br-I_0_9_9,phimage_F-Cl-Br-I_0_9_10,phimage_F-Cl-Br-I_0_9_11,phimage_F-Cl-Br-I_0_9_12,phimage_F-Cl-Br-I_0_9_13,phimage_F-Cl-Br-I_0_9_14,phimage_F-Cl-Br-I_0_9_15,phimage_F-Cl-Br-I_0_9_16,phimage_F-Cl-Br-I_0_9_17,phimage_F-Cl-Br-I_0_9_18,phimage_F-Cl-Br-I_0_9_19,phimage_F-Cl-Br-I_0_10_0,phimage_F-Cl-Br-I_0_10_1,phimage_F-Cl-Br-I_0_10_2,phimage_F-Cl-Br-I_0_10_3,phimage_F-Cl-Br-I_0_10_4,phimage_F-Cl-Br-I_0_10_5,phimage_F-Cl-Br-I_0_10_6,phimage_F-Cl-Br-I_0_10_7,phimage_F-Cl-Br-I_0_10_8,phimage_F-Cl-Br-I_0_10_9,phimage_F-Cl-Br-I_0_10_10,phimage_F-Cl-Br-I_0_10_11,phimage_F-Cl-Br-I_0_10_12,phimage_F-Cl-Br-I_0_10_13,phimage_F-Cl-Br-I_0_10_14,phimage_F-Cl-Br-I_0_10_15,phimage_F-Cl-Br-I_0_10_16,phimage_F-Cl-Br-I_0_10_17,phimage_F-Cl-Br-I_0_10_18,phimage_F-Cl-Br-I_0_10_19,phimage_F-Cl-Br-I_0_11_0,phimage_F-Cl-Br-I_0_11_1,phimage_F-Cl-Br-I_0_11_2,phimage_F-Cl-Br-I_0_11_3,phimage_F-Cl-Br-I_0_11_4,phimage_F-Cl-Br-I_0_11_5,phimage_F-Cl-Br-I_0_11_6,phimage_F-Cl-Br-I_0_11_7,phimage_F-Cl-Br-I_0_11_8,phimage_F-Cl-Br-I_0_11_9,phimage_F-Cl-Br-I_0_11_10,phimage_F-Cl-Br-I_0_11_11,phimage_F-Cl-Br-I_0_11_12,phimage_F-Cl-Br-I_0_11_13,phimage_F-Cl-Br-I_0_11_14,phimage_F-Cl-Br-I_0_11_15,phimage_F-Cl-Br-I_0_11_16,phimage_F-Cl-Br-I_0_11_17,phimage_F-Cl-Br-I_0_11_18,phimage_F-Cl-Br-I_0_11_19,phimage_F-Cl-Br-I_0_12_0,phimage_F-Cl-Br-I_0_12_1,phimage_F-Cl-Br-I_0_12_2,phimage_F-Cl-Br-I_0_12_3,phimage_F-Cl-Br-I_0_12_4,phimage_F-Cl-Br-I_0_12_5,phimage_F-Cl-Br-I_0_12_6,phimage_F-Cl-Br-I_0_12_7,phimage_F-Cl-Br-I_0_12_8,phimage_F-Cl-Br-I_0_12_9,phimage_F-Cl-Br-I_0_12_10,phimage_F-Cl-Br-I_0_12_11,phimage_F-Cl-Br-I_0_12_12,phimage_F-Cl-Br-I_0_12_13,phimage_F-Cl-Br-I_0_12_14,phimage_F-Cl-Br-I_0_12_15,phimage_F-Cl-Br-I_0_12_16,phimage_F-Cl-Br-I_0_12_17,phimage_F-Cl-Br-I_0_12_18,phimage_F-Cl-Br-I_0_12_19,phimage_F-Cl-Br-I_0_13_0,phimage_F-Cl-Br-I_0_13_1,phimage_F-Cl-Br-I_0_13_2,phimage_F-Cl-Br-I_0_13_3,phimage_F-Cl-Br-I_0_13_4,phimage_F-Cl-Br-I_0_13_5,phimage_F-Cl-Br-I_0_13_6,phimage_F-Cl-Br-I_0_13_7,phimage_F-Cl-Br-I_0_13_8,phimage_F-Cl-Br-I_0_13_9,phimage_F-Cl-Br-I_0_13_10,phimage_F-Cl-Br-I_0_13_11,phimage_F-Cl-Br-I_0_13_12,phimage_F-Cl-Br-I_0_13_13,phimage_F-Cl-Br-I_0_13_14,phimage_F-Cl-Br-I_0_13_15,phimage_F-Cl-Br-I_0_13_16,phimage_F-Cl-Br-I_0_13_17,phimage_F-Cl-Br-I_0_13_18,phimage_F-Cl-Br-I_0_13_19,phimage_F-Cl-Br-I_0_14_0,phimage_F-Cl-Br-I_0_14_1,phimage_F-Cl-Br-I_0_14_2,phimage_F-Cl-Br-I_0_14_3,phimage_F-Cl-Br-I_0_14_4,phimage_F-Cl-Br-I_0_14_5,phimage_F-Cl-Br-I_0_14_6,phimage_F-Cl-Br-I_0_14_7,phimage_F-Cl-Br-I_0_14_8,phimage_F-Cl-Br-I_0_14_9,phimage_F-Cl-Br-I_0_14_10,phimage_F-Cl-Br-I_0_14_11,phimage_F-Cl-Br-I_0_14_12,phimage_F-Cl-Br-I_0_14_13,phimage_F-Cl-Br-I_0_14_14,phimage_F-Cl-Br-I_0_14_15,phimage_F-Cl-Br-I_0_14_16,phimage_F-Cl-Br-I_0_14_17,phimage_F-Cl-Br-I_0_14_18,phimage_F-Cl-Br-I_0_14_19,phimage_F-Cl-Br-I_0_15_0,phimage_F-Cl-Br-I_0_15_1,phimage_F-Cl-Br-I_0_15_2,phimage_F-Cl-Br-I_0_15_3,phimage_F-Cl-Br-I_0_15_4,phimage_F-Cl-Br-I_0_15_5,phimage_F-Cl-Br-I_0_15_6,phimage_F-Cl-Br-I_0_15_7,phimage_F-Cl-Br-I_0_15_8,phimage_F-Cl-Br-I_0_15_9,phimage_F-Cl-Br-I_0_15_10,phimage_F-Cl-Br-I_0_15_11,phimage_F-Cl-Br-I_0_15_12,phimage_F-Cl-Br-I_0_15_13,phimage_F-Cl-Br-I_0_15_14,phimage_F-Cl-Br-I_0_15_15,phimage_F-Cl-Br-I_0_15_16,phimage_F-Cl-Br-I_0_15_17,phimage_F-Cl-Br-I_0_15_18,phimage_F-Cl-Br-I_0_15_19,phimage_F-Cl-Br-I_0_16_0,phimage_F-Cl-Br-I_0_16_1,phimage_F-Cl-Br-I_0_16_2,phimage_F-Cl-Br-I_0_16_3,phimage_F-Cl-Br-I_0_16_4,phimage_F-Cl-Br-I_0_16_5,phimage_F-Cl-Br-I_0_16_6,phimage_F-Cl-Br-I_0_16_7,phimage_F-Cl-Br-I_0_16_8,phimage_F-Cl-Br-I_0_16_9,phimage_F-Cl-Br-I_0_16_10,phimage_F-Cl-Br-I_0_16_11,phimage_F-Cl-Br-I_0_16_12,phimage_F-Cl-Br-I_0_16_13,phimage_F-Cl-Br-I_0_16_14,phimage_F-Cl-Br-I_0_16_15,phimage_F-Cl-Br-I_0_16_16,phimage_F-Cl-Br-I_0_16_17,phimage_F-Cl-Br-I_0_16_18,phimage_F-Cl-Br-I_0_16_19,phimage_F-Cl-Br-I_0_17_0,phimage_F-Cl-Br-I_0_17_1,phimage_F-Cl-Br-I_0_17_2,phimage_F-Cl-Br-I_0_17_3,phimage_F-Cl-Br-I_0_17_4,phimage_F-Cl-Br-I_0_17_5,phimage_F-Cl-Br-I_0_17_6,phimage_F-Cl-Br-I_0_17_7,phimage_F-Cl-Br-I_0_17_8,phimage_F-Cl-Br-I_0_17_9,phimage_F-Cl-Br-I_0_17_10,phimage_F-Cl-Br-I_0_17_11,phimage_F-Cl-Br-I_0_17_12,phimage_F-Cl-Br-I_0_17_13,phimage_F-Cl-Br-I_0_17_14,phimage_F-Cl-Br-I_0_17_15,phimage_F-Cl-Br-I_0_17_16,phimage_F-Cl-Br-I_0_17_17,phimage_F-Cl-Br-I_0_17_18,phimage_F-Cl-Br-I_0_17_19,phimage_F-Cl-Br-I_0_18_0,phimage_F-Cl-Br-I_0_18_1,phimage_F-Cl-Br-I_0_18_2,phimage_F-Cl-Br-I_0_18_3,phimage_F-Cl-Br-I_0_18_4,phimage_F-Cl-Br-I_0_18_5,phimage_F-Cl-Br-I_0_18_6,phimage_F-Cl-Br-I_0_18_7,phimage_F-Cl-Br-I_0_18_8,phimage_F-Cl-Br-I_0_18_9,phimage_F-Cl-Br-I_0_18_10,phimage_F-Cl-Br-I_0_18_11,phimage_F-Cl-Br-I_0_18_12,phimage_F-Cl-Br-I_0_18_13,phimage_F-Cl-Br-I_0_18_14,phimage_F-Cl-Br-I_0_18_15,phimage_F-Cl-Br-I_0_18_16,phimage_F-Cl-Br-I_0_18_17,phimage_F-Cl-Br-I_0_18_18,phimage_F-Cl-Br-I_0_18_19,phimage_F-Cl-Br-I_0_19_0,phimage_F-Cl-Br-I_0_19_1,phimage_F-Cl-Br-I_0_19_2,phimage_F-Cl-Br-I_0_19_3,phimage_F-Cl-Br-I_0_19_4,phimage_F-Cl-Br-I_0_19_5,phimage_F-Cl-Br-I_0_19_6,phimage_F-Cl-Br-I_0_19_7,phimage_F-Cl-Br-I_0_19_8,phimage_F-Cl-Br-I_0_19_9,phimage_F-Cl-Br-I_0_19_10,phimage_F-Cl-Br-I_0_19_11,phimage_F-Cl-Br-I_0_19_12,phimage_F-Cl-Br-I_0_19_13,phimage_F-Cl-Br-I_0_19_14,phimage_F-Cl-Br-I_0_19_15,phimage_F-Cl-Br-I_0_19_16,phimage_F-Cl-Br-I_0_19_17,phimage_F-Cl-Br-I_0_19_18,phimage_F-Cl-Br-I_0_19_19,phimage_F-Cl-Br-I_1_0_0,phimage_F-Cl-Br-I_1_0_1,phimage_F-Cl-Br-I_1_0_2,phimage_F-Cl-Br-I_1_0_3,phimage_F-Cl-Br-I_1_0_4,phimage_F-Cl-Br-I_1_0_5,phimage_F-Cl-Br-I_1_0_6,phimage_F-Cl-Br-I_1_0_7,phimage_F-Cl-Br-I_1_0_8,phimage_F-Cl-Br-I_1_0_9,phimage_F-Cl-Br-I_1_0_10,phimage_F-Cl-Br-I_1_0_11,phimage_F-Cl-Br-I_1_0_12,phimage_F-Cl-Br-I_1_0_13,phimage_F-Cl-Br-I_1_0_14,phimage_F-Cl-Br-I_1_0_15,phimage_F-Cl-Br-I_1_0_16,phimage_F-Cl-Br-I_1_0_17,phimage_F-Cl-Br-I_1_0_18,phimage_F-Cl-Br-I_1_0_19,phimage_F-Cl-Br-I_1_1_0,phimage_F-Cl-Br-I_1_1_1,phimage_F-Cl-Br-I_1_1_2,phimage_F-Cl-Br-I_1_1_3,phimage_F-Cl-Br-I_1_1_4,phimage_F-Cl-Br-I_1_1_5,phimage_F-Cl-Br-I_1_1_6,phimage_F-Cl-Br-I_1_1_7,phimage_F-Cl-Br-I_1_1_8,phimage_F-Cl-Br-I_1_1_9,phimage_F-Cl-Br-I_1_1_10,phimage_F-Cl-Br-I_1_1_11,phimage_F-Cl-Br-I_1_1_12,phimage_F-Cl-Br-I_1_1_13,phimage_F-Cl-Br-I_1_1_14,phimage_F-Cl-Br-I_1_1_15,phimage_F-Cl-Br-I_1_1_16,phimage_F-Cl-Br-I_1_1_17,phimage_F-Cl-Br-I_1_1_18,phimage_F-Cl-Br-I_1_1_19,phimage_F-Cl-Br-I_1_2_0,phimage_F-Cl-Br-I_1_2_1,phimage_F-Cl-Br-I_1_2_2,phimage_F-Cl-Br-I_1_2_3,phimage_F-Cl-Br-I_1_2_4,phimage_F-Cl-Br-I_1_2_5,phimage_F-Cl-Br-I_1_2_6,phimage_F-Cl-Br-I_1_2_7,phimage_F-Cl-Br-I_1_2_8,phimage_F-Cl-Br-I_1_2_9,phimage_F-Cl-Br-I_1_2_10,phimage_F-Cl-Br-I_1_2_11,phimage_F-Cl-Br-I_1_2_12,phimage_F-Cl-Br-I_1_2_13,phimage_F-Cl-Br-I_1_2_14,phimage_F-Cl-Br-I_1_2_15,phimage_F-Cl-Br-I_1_2_16,phimage_F-Cl-Br-I_1_2_17,phimage_F-Cl-Br-I_1_2_18,phimage_F-Cl-Br-I_1_2_19,phimage_F-Cl-Br-I_1_3_0,phimage_F-Cl-Br-I_1_3_1,phimage_F-Cl-Br-I_1_3_2,phimage_F-Cl-Br-I_1_3_3,phimage_F-Cl-Br-I_1_3_4,phimage_F-Cl-Br-I_1_3_5,phimage_F-Cl-Br-I_1_3_6,phimage_F-Cl-Br-I_1_3_7,phimage_F-Cl-Br-I_1_3_8,phimage_F-Cl-Br-I_1_3_9,phimage_F-Cl-Br-I_1_3_10,phimage_F-Cl-Br-I_1_3_11,phimage_F-Cl-Br-I_1_3_12,phimage_F-Cl-Br-I_1_3_13,phimage_F-Cl-Br-I_1_3_14,phimage_F-Cl-Br-I_1_3_15,phimage_F-Cl-Br-I_1_3_16,phimage_F-Cl-Br-I_1_3_17,phimage_F-Cl-Br-I_1_3_18,phimage_F-Cl-Br-I_1_3_19,phimage_F-Cl-Br-I_1_4_0,phimage_F-Cl-Br-I_1_4_1,phimage_F-Cl-Br-I_1_4_2,phimage_F-Cl-Br-I_1_4_3,phimage_F-Cl-Br-I_1_4_4,phimage_F-Cl-Br-I_1_4_5,phimage_F-Cl-Br-I_1_4_6,phimage_F-Cl-Br-I_1_4_7,phimage_F-Cl-Br-I_1_4_8,phimage_F-Cl-Br-I_1_4_9,phimage_F-Cl-Br-I_1_4_10,phimage_F-Cl-Br-I_1_4_11,phimage_F-Cl-Br-I_1_4_12,phimage_F-Cl-Br-I_1_4_13,phimage_F-Cl-Br-I_1_4_14,phimage_F-Cl-Br-I_1_4_15,phimage_F-Cl-Br-I_1_4_16,phimage_F-Cl-Br-I_1_4_17,phimage_F-Cl-Br-I_1_4_18,phimage_F-Cl-Br-I_1_4_19,phimage_F-Cl-Br-I_1_5_0,phimage_F-Cl-Br-I_1_5_1,phimage_F-Cl-Br-I_1_5_2,phimage_F-Cl-Br-I_1_5_3,phimage_F-Cl-Br-I_1_5_4,phimage_F-Cl-Br-I_1_5_5,phimage_F-Cl-Br-I_1_5_6,phimage_F-Cl-Br-I_1_5_7,phimage_F-Cl-Br-I_1_5_8,phimage_F-Cl-Br-I_1_5_9,phimage_F-Cl-Br-I_1_5_10,phimage_F-Cl-Br-I_1_5_11,phimage_F-Cl-Br-I_1_5_12,phimage_F-Cl-Br-I_1_5_13,phimage_F-Cl-Br-I_1_5_14,phimage_F-Cl-Br-I_1_5_15,phimage_F-Cl-Br-I_1_5_16,phimage_F-Cl-Br-I_1_5_17,phimage_F-Cl-Br-I_1_5_18,phimage_F-Cl-Br-I_1_5_19,phimage_F-Cl-Br-I_1_6_0,phimage_F-Cl-Br-I_1_6_1,phimage_F-Cl-Br-I_1_6_2,phimage_F-Cl-Br-I_1_6_3,phimage_F-Cl-Br-I_1_6_4,phimage_F-Cl-Br-I_1_6_5,phimage_F-Cl-Br-I_1_6_6,phimage_F-Cl-Br-I_1_6_7,phimage_F-Cl-Br-I_1_6_8,phimage_F-Cl-Br-I_1_6_9,phimage_F-Cl-Br-I_1_6_10,phimage_F-Cl-Br-I_1_6_11,phimage_F-Cl-Br-I_1_6_12,phimage_F-Cl-Br-I_1_6_13,phimage_F-Cl-Br-I_1_6_14,phimage_F-Cl-Br-I_1_6_15,phimage_F-Cl-Br-I_1_6_16,phimage_F-Cl-Br-I_1_6_17,phimage_F-Cl-Br-I_1_6_18,phimage_F-Cl-Br-I_1_6_19,phimage_F-Cl-Br-I_1_7_0,phimage_F-Cl-Br-I_1_7_1,phimage_F-Cl-Br-I_1_7_2,phimage_F-Cl-Br-I_1_7_3,phimage_F-Cl-Br-I_1_7_4,phimage_F-Cl-Br-I_1_7_5,phimage_F-Cl-Br-I_1_7_6,phimage_F-Cl-Br-I_1_7_7,phimage_F-Cl-Br-I_1_7_8,phimage_F-Cl-Br-I_1_7_9,phimage_F-Cl-Br-I_1_7_10,phimage_F-Cl-Br-I_1_7_11,phimage_F-Cl-Br-I_1_7_12,phimage_F-Cl-Br-I_1_7_13,phimage_F-Cl-Br-I_1_7_14,phimage_F-Cl-Br-I_1_7_15,phimage_F-Cl-Br-I_1_7_16,phimage_F-Cl-Br-I_1_7_17,phimage_F-Cl-Br-I_1_7_18,phimage_F-Cl-Br-I_1_7_19,phimage_F-Cl-Br-I_1_8_0,phimage_F-Cl-Br-I_1_8_1,phimage_F-Cl-Br-I_1_8_2,phimage_F-Cl-Br-I_1_8_3,phimage_F-Cl-Br-I_1_8_4,phimage_F-Cl-Br-I_1_8_5,phimage_F-Cl-Br-I_1_8_6,phimage_F-Cl-Br-I_1_8_7,phimage_F-Cl-Br-I_1_8_8,phimage_F-Cl-Br-I_1_8_9,phimage_F-Cl-Br-I_1_8_10,phimage_F-Cl-Br-I_1_8_11,phimage_F-Cl-Br-I_1_8_12,phimage_F-Cl-Br-I_1_8_13,phimage_F-Cl-Br-I_1_8_14,phimage_F-Cl-Br-I_1_8_15,phimage_F-Cl-Br-I_1_8_16,phimage_F-Cl-Br-I_1_8_17,phimage_F-Cl-Br-I_1_8_18,phimage_F-Cl-Br-I_1_8_19,phimage_F-Cl-Br-I_1_9_0,phimage_F-Cl-Br-I_1_9_1,phimage_F-Cl-Br-I_1_9_2,phimage_F-Cl-Br-I_1_9_3,phimage_F-Cl-Br-I_1_9_4,phimage_F-Cl-Br-I_1_9_5,phimage_F-Cl-Br-I_1_9_6,phimage_F-Cl-Br-I_1_9_7,phimage_F-Cl-Br-I_1_9_8,phimage_F-Cl-Br-I_1_9_9,phimage_F-Cl-Br-I_1_9_10,phimage_F-Cl-Br-I_1_9_11,phimage_F-Cl-Br-I_1_9_12,phimage_F-Cl-Br-I_1_9_13,phimage_F-Cl-Br-I_1_9_14,phimage_F-Cl-Br-I_1_9_15,phimage_F-Cl-Br-I_1_9_16,phimage_F-Cl-Br-I_1_9_17,phimage_F-Cl-Br-I_1_9_18,phimage_F-Cl-Br-I_1_9_19,phimage_F-Cl-Br-I_1_10_0,phimage_F-Cl-Br-I_1_10_1,phimage_F-Cl-Br-I_1_10_2,phimage_F-Cl-Br-I_1_10_3,phimage_F-Cl-Br-I_1_10_4,phimage_F-Cl-Br-I_1_10_5,phimage_F-Cl-Br-I_1_10_6,phimage_F-Cl-Br-I_1_10_7,phimage_F-Cl-Br-I_1_10_8,phimage_F-Cl-Br-I_1_10_9,phimage_F-Cl-Br-I_1_10_10,phimage_F-Cl-Br-I_1_10_11,phimage_F-Cl-Br-I_1_10_12,phimage_F-Cl-Br-I_1_10_13,phimage_F-Cl-Br-I_1_10_14,phimage_F-Cl-Br-I_1_10_15,phimage_F-Cl-Br-I_1_10_16,phimage_F-Cl-Br-I_1_10_17,phimage_F-Cl-Br-I_1_10_18,phimage_F-Cl-Br-I_1_10_19,phimage_F-Cl-Br-I_1_11_0,phimage_F-Cl-Br-I_1_11_1,phimage_F-Cl-Br-I_1_11_2,phimage_F-Cl-Br-I_1_11_3,phimage_F-Cl-Br-I_1_11_4,phimage_F-Cl-Br-I_1_11_5,phimage_F-Cl-Br-I_1_11_6,phimage_F-Cl-Br-I_1_11_7,phimage_F-Cl-Br-I_1_11_8,phimage_F-Cl-Br-I_1_11_9,phimage_F-Cl-Br-I_1_11_10,phimage_F-Cl-Br-I_1_11_11,phimage_F-Cl-Br-I_1_11_12,phimage_F-Cl-Br-I_1_11_13,phimage_F-Cl-Br-I_1_11_14,phimage_F-Cl-Br-I_1_11_15,phimage_F-Cl-Br-I_1_11_16,phimage_F-Cl-Br-I_1_11_17,phimage_F-Cl-Br-I_1_11_18,phimage_F-Cl-Br-I_1_11_19,phimage_F-Cl-Br-I_1_12_0,phimage_F-Cl-Br-I_1_12_1,phimage_F-Cl-Br-I_1_12_2,phimage_F-Cl-Br-I_1_12_3,phimage_F-Cl-Br-I_1_12_4,phimage_F-Cl-Br-I_1_12_5,phimage_F-Cl-Br-I_1_12_6,phimage_F-Cl-Br-I_1_12_7,phimage_F-Cl-Br-I_1_12_8,phimage_F-Cl-Br-I_1_12_9,phimage_F-Cl-Br-I_1_12_10,phimage_F-Cl-Br-I_1_12_11,phimage_F-Cl-Br-I_1_12_12,phimage_F-Cl-Br-I_1_12_13,phimage_F-Cl-Br-I_1_12_14,phimage_F-Cl-Br-I_1_12_15,phimage_F-Cl-Br-I_1_12_16,phimage_F-Cl-Br-I_1_12_17,phimage_F-Cl-Br-I_1_12_18,phimage_F-Cl-Br-I_1_12_19,phimage_F-Cl-Br-I_1_13_0,phimage_F-Cl-Br-I_1_13_1,phimage_F-Cl-Br-I_1_13_2,phimage_F-Cl-Br-I_1_13_3,phimage_F-Cl-Br-I_1_13_4,phimage_F-Cl-Br-I_1_13_5,phimage_F-Cl-Br-I_1_13_6,phimage_F-Cl-Br-I_1_13_7,phimage_F-Cl-Br-I_1_13_8,phimage_F-Cl-Br-I_1_13_9,phimage_F-Cl-Br-I_1_13_10,phimage_F-Cl-Br-I_1_13_11,phimage_F-Cl-Br-I_1_13_12,phimage_F-Cl-Br-I_1_13_13,phimage_F-Cl-Br-I_1_13_14,phimage_F-Cl-Br-I_1_13_15,phimage_F-Cl-Br-I_1_13_16,phimage_F-Cl-Br-I_1_13_17,phimage_F-Cl-Br-I_1_13_18,phimage_F-Cl-Br-I_1_13_19,phimage_F-Cl-Br-I_1_14_0,phimage_F-Cl-Br-I_1_14_1,phimage_F-Cl-Br-I_1_14_2,phimage_F-Cl-Br-I_1_14_3,phimage_F-Cl-Br-I_1_14_4,phimage_F-Cl-Br-I_1_14_5,phimage_F-Cl-Br-I_1_14_6,phimage_F-Cl-Br-I_1_14_7,phimage_F-Cl-Br-I_1_14_8,phimage_F-Cl-Br-I_1_14_9,phimage_F-Cl-Br-I_1_14_10,phimage_F-Cl-Br-I_1_14_11,phimage_F-Cl-Br-I_1_14_12,phimage_F-Cl-Br-I_1_14_13,phimage_F-Cl-Br-I_1_14_14,phimage_F-Cl-Br-I_1_14_15,phimage_F-Cl-Br-I_1_14_16,phimage_F-Cl-Br-I_1_14_17,phimage_F-Cl-Br-I_1_14_18,phimage_F-Cl-Br-I_1_14_19,phimage_F-Cl-Br-I_1_15_0,phimage_F-Cl-Br-I_1_15_1,phimage_F-Cl-Br-I_1_15_2,phimage_F-Cl-Br-I_1_15_3,phimage_F-Cl-Br-I_1_15_4,phimage_F-Cl-Br-I_1_15_5,phimage_F-Cl-Br-I_1_15_6,phimage_F-Cl-Br-I_1_15_7,phimage_F-Cl-Br-I_1_15_8,phimage_F-Cl-Br-I_1_15_9,phimage_F-Cl-Br-I_1_15_10,phimage_F-Cl-Br-I_1_15_11,phimage_F-Cl-Br-I_1_15_12,phimage_F-Cl-Br-I_1_15_13,phimage_F-Cl-Br-I_1_15_14,phimage_F-Cl-Br-I_1_15_15,phimage_F-Cl-Br-I_1_15_16,phimage_F-Cl-Br-I_1_15_17,phimage_F-Cl-Br-I_1_15_18,phimage_F-Cl-Br-I_1_15_19,phimage_F-Cl-Br-I_1_16_0,phimage_F-Cl-Br-I_1_16_1,phimage_F-Cl-Br-I_1_16_2,phimage_F-Cl-Br-I_1_16_3,phimage_F-Cl-Br-I_1_16_4,phimage_F-Cl-Br-I_1_16_5,phimage_F-Cl-Br-I_1_16_6,phimage_F-Cl-Br-I_1_16_7,phimage_F-Cl-Br-I_1_16_8,phimage_F-Cl-Br-I_1_16_9,phimage_F-Cl-Br-I_1_16_10,phimage_F-Cl-Br-I_1_16_11,phimage_F-Cl-Br-I_1_16_12,phimage_F-Cl-Br-I_1_16_13,phimage_F-Cl-Br-I_1_16_14,phimage_F-Cl-Br-I_1_16_15,phimage_F-Cl-Br-I_1_16_16,phimage_F-Cl-Br-I_1_16_17,phimage_F-Cl-Br-I_1_16_18,phimage_F-Cl-Br-I_1_16_19,phimage_F-Cl-Br-I_1_17_0,phimage_F-Cl-Br-I_1_17_1,phimage_F-Cl-Br-I_1_17_2,phimage_F-Cl-Br-I_1_17_3,phimage_F-Cl-Br-I_1_17_4,phimage_F-Cl-Br-I_1_17_5,phimage_F-Cl-Br-I_1_17_6,phimage_F-Cl-Br-I_1_17_7,phimage_F-Cl-Br-I_1_17_8,phimage_F-Cl-Br-I_1_17_9,phimage_F-Cl-Br-I_1_17_10,phimage_F-Cl-Br-I_1_17_11,phimage_F-Cl-Br-I_1_17_12,phimage_F-Cl-Br-I_1_17_13,phimage_F-Cl-Br-I_1_17_14,phimage_F-Cl-Br-I_1_17_15,phimage_F-Cl-Br-I_1_17_16,phimage_F-Cl-Br-I_1_17_17,phimage_F-Cl-Br-I_1_17_18,phimage_F-Cl-Br-I_1_17_19,phimage_F-Cl-Br-I_1_18_0,phimage_F-Cl-Br-I_1_18_1,phimage_F-Cl-Br-I_1_18_2,phimage_F-Cl-Br-I_1_18_3,phimage_F-Cl-Br-I_1_18_4,phimage_F-Cl-Br-I_1_18_5,phimage_F-Cl-Br-I_1_18_6,phimage_F-Cl-Br-I_1_18_7,phimage_F-Cl-Br-I_1_18_8,phimage_F-Cl-Br-I_1_18_9,phimage_F-Cl-Br-I_1_18_10,phimage_F-Cl-Br-I_1_18_11,phimage_F-Cl-Br-I_1_18_12,phimage_F-Cl-Br-I_1_18_13,phimage_F-Cl-Br-I_1_18_14,phimage_F-Cl-Br-I_1_18_15,phimage_F-Cl-Br-I_1_18_16,phimage_F-Cl-Br-I_1_18_17,phimage_F-Cl-Br-I_1_18_18,phimage_F-Cl-Br-I_1_18_19,phimage_F-Cl-Br-I_1_19_0,phimage_F-Cl-Br-I_1_19_1,phimage_F-Cl-Br-I_1_19_2,phimage_F-Cl-Br-I_1_19_3,phimage_F-Cl-Br-I_1_19_4,phimage_F-Cl-Br-I_1_19_5,phimage_F-Cl-Br-I_1_19_6,phimage_F-Cl-Br-I_1_19_7,phimage_F-Cl-Br-I_1_19_8,phimage_F-Cl-Br-I_1_19_9,phimage_F-Cl-Br-I_1_19_10,phimage_F-Cl-Br-I_1_19_11,phimage_F-Cl-Br-I_1_19_12,phimage_F-Cl-Br-I_1_19_13,phimage_F-Cl-Br-I_1_19_14,phimage_F-Cl-Br-I_1_19_15,phimage_F-Cl-Br-I_1_19_16,phimage_F-Cl-Br-I_1_19_17,phimage_F-Cl-Br-I_1_19_18,phimage_F-Cl-Br-I_1_19_19,phimage_F-Cl-Br-I_2_0_0,phimage_F-Cl-Br-I_2_0_1,phimage_F-Cl-Br-I_2_0_2,phimage_F-Cl-Br-I_2_0_3,phimage_F-Cl-Br-I_2_0_4,phimage_F-Cl-Br-I_2_0_5,phimage_F-Cl-Br-I_2_0_6,phimage_F-Cl-Br-I_2_0_7,phimage_F-Cl-Br-I_2_0_8,phimage_F-Cl-Br-I_2_0_9,phimage_F-Cl-Br-I_2_0_10,phimage_F-Cl-Br-I_2_0_11,phimage_F-Cl-Br-I_2_0_12,phimage_F-Cl-Br-I_2_0_13,phimage_F-Cl-Br-I_2_0_14,phimage_F-Cl-Br-I_2_0_15,phimage_F-Cl-Br-I_2_0_16,phimage_F-Cl-Br-I_2_0_17,phimage_F-Cl-Br-I_2_0_18,phimage_F-Cl-Br-I_2_0_19,phimage_F-Cl-Br-I_2_1_0,phimage_F-Cl-Br-I_2_1_1,phimage_F-Cl-Br-I_2_1_2,phimage_F-Cl-Br-I_2_1_3,phimage_F-Cl-Br-I_2_1_4,phimage_F-Cl-Br-I_2_1_5,phimage_F-Cl-Br-I_2_1_6,phimage_F-Cl-Br-I_2_1_7,phimage_F-Cl-Br-I_2_1_8,phimage_F-Cl-Br-I_2_1_9,phimage_F-Cl-Br-I_2_1_10,phimage_F-Cl-Br-I_2_1_11,phimage_F-Cl-Br-I_2_1_12,phimage_F-Cl-Br-I_2_1_13,phimage_F-Cl-Br-I_2_1_14,phimage_F-Cl-Br-I_2_1_15,phimage_F-Cl-Br-I_2_1_16,phimage_F-Cl-Br-I_2_1_17,phimage_F-Cl-Br-I_2_1_18,phimage_F-Cl-Br-I_2_1_19,phimage_F-Cl-Br-I_2_2_0,phimage_F-Cl-Br-I_2_2_1,phimage_F-Cl-Br-I_2_2_2,phimage_F-Cl-Br-I_2_2_3,phimage_F-Cl-Br-I_2_2_4,phimage_F-Cl-Br-I_2_2_5,phimage_F-Cl-Br-I_2_2_6,phimage_F-Cl-Br-I_2_2_7,phimage_F-Cl-Br-I_2_2_8,phimage_F-Cl-Br-I_2_2_9,phimage_F-Cl-Br-I_2_2_10,phimage_F-Cl-Br-I_2_2_11,phimage_F-Cl-Br-I_2_2_12,phimage_F-Cl-Br-I_2_2_13,phimage_F-Cl-Br-I_2_2_14,phimage_F-Cl-Br-I_2_2_15,phimage_F-Cl-Br-I_2_2_16,phimage_F-Cl-Br-I_2_2_17,phimage_F-Cl-Br-I_2_2_18,phimage_F-Cl-Br-I_2_2_19,phimage_F-Cl-Br-I_2_3_0,phimage_F-Cl-Br-I_2_3_1,phimage_F-Cl-Br-I_2_3_2,phimage_F-Cl-Br-I_2_3_3,phimage_F-Cl-Br-I_2_3_4,phimage_F-Cl-Br-I_2_3_5,phimage_F-Cl-Br-I_2_3_6,phimage_F-Cl-Br-I_2_3_7,phimage_F-Cl-Br-I_2_3_8,phimage_F-Cl-Br-I_2_3_9,phimage_F-Cl-Br-I_2_3_10,phimage_F-Cl-Br-I_2_3_11,phimage_F-Cl-Br-I_2_3_12,phimage_F-Cl-Br-I_2_3_13,phimage_F-Cl-Br-I_2_3_14,phimage_F-Cl-Br-I_2_3_15,phimage_F-Cl-Br-I_2_3_16,phimage_F-Cl-Br-I_2_3_17,phimage_F-Cl-Br-I_2_3_18,phimage_F-Cl-Br-I_2_3_19,phimage_F-Cl-Br-I_2_4_0,phimage_F-Cl-Br-I_2_4_1,phimage_F-Cl-Br-I_2_4_2,phimage_F-Cl-Br-I_2_4_3,phimage_F-Cl-Br-I_2_4_4,phimage_F-Cl-Br-I_2_4_5,phimage_F-Cl-Br-I_2_4_6,phimage_F-Cl-Br-I_2_4_7,phimage_F-Cl-Br-I_2_4_8,phimage_F-Cl-Br-I_2_4_9,phimage_F-Cl-Br-I_2_4_10,phimage_F-Cl-Br-I_2_4_11,phimage_F-Cl-Br-I_2_4_12,phimage_F-Cl-Br-I_2_4_13,phimage_F-Cl-Br-I_2_4_14,phimage_F-Cl-Br-I_2_4_15,phimage_F-Cl-Br-I_2_4_16,phimage_F-Cl-Br-I_2_4_17,phimage_F-Cl-Br-I_2_4_18,phimage_F-Cl-Br-I_2_4_19,phimage_F-Cl-Br-I_2_5_0,phimage_F-Cl-Br-I_2_5_1,phimage_F-Cl-Br-I_2_5_2,phimage_F-Cl-Br-I_2_5_3,phimage_F-Cl-Br-I_2_5_4,phimage_F-Cl-Br-I_2_5_5,phimage_F-Cl-Br-I_2_5_6,phimage_F-Cl-Br-I_2_5_7,phimage_F-Cl-Br-I_2_5_8,phimage_F-Cl-Br-I_2_5_9,phimage_F-Cl-Br-I_2_5_10,phimage_F-Cl-Br-I_2_5_11,phimage_F-Cl-Br-I_2_5_12,phimage_F-Cl-Br-I_2_5_13,phimage_F-Cl-Br-I_2_5_14,phimage_F-Cl-Br-I_2_5_15,phimage_F-Cl-Br-I_2_5_16,phimage_F-Cl-Br-I_2_5_17,phimage_F-Cl-Br-I_2_5_18,phimage_F-Cl-Br-I_2_5_19,phimage_F-Cl-Br-I_2_6_0,phimage_F-Cl-Br-I_2_6_1,phimage_F-Cl-Br-I_2_6_2,phimage_F-Cl-Br-I_2_6_3,phimage_F-Cl-Br-I_2_6_4,phimage_F-Cl-Br-I_2_6_5,phimage_F-Cl-Br-I_2_6_6,phimage_F-Cl-Br-I_2_6_7,phimage_F-Cl-Br-I_2_6_8,phimage_F-Cl-Br-I_2_6_9,phimage_F-Cl-Br-I_2_6_10,phimage_F-Cl-Br-I_2_6_11,phimage_F-Cl-Br-I_2_6_12,phimage_F-Cl-Br-I_2_6_13,phimage_F-Cl-Br-I_2_6_14,phimage_F-Cl-Br-I_2_6_15,phimage_F-Cl-Br-I_2_6_16,phimage_F-Cl-Br-I_2_6_17,phimage_F-Cl-Br-I_2_6_18,phimage_F-Cl-Br-I_2_6_19,phimage_F-Cl-Br-I_2_7_0,phimage_F-Cl-Br-I_2_7_1,phimage_F-Cl-Br-I_2_7_2,phimage_F-Cl-Br-I_2_7_3,phimage_F-Cl-Br-I_2_7_4,phimage_F-Cl-Br-I_2_7_5,phimage_F-Cl-Br-I_2_7_6,phimage_F-Cl-Br-I_2_7_7,phimage_F-Cl-Br-I_2_7_8,phimage_F-Cl-Br-I_2_7_9,phimage_F-Cl-Br-I_2_7_10,phimage_F-Cl-Br-I_2_7_11,phimage_F-Cl-Br-I_2_7_12,phimage_F-Cl-Br-I_2_7_13,phimage_F-Cl-Br-I_2_7_14,phimage_F-Cl-Br-I_2_7_15,phimage_F-Cl-Br-I_2_7_16,phimage_F-Cl-Br-I_2_7_17,phimage_F-Cl-Br-I_2_7_18,phimage_F-Cl-Br-I_2_7_19,phimage_F-Cl-Br-I_2_8_0,phimage_F-Cl-Br-I_2_8_1,phimage_F-Cl-Br-I_2_8_2,phimage_F-Cl-Br-I_2_8_3,phimage_F-Cl-Br-I_2_8_4,phimage_F-Cl-Br-I_2_8_5,phimage_F-Cl-Br-I_2_8_6,phimage_F-Cl-Br-I_2_8_7,phimage_F-Cl-Br-I_2_8_8,phimage_F-Cl-Br-I_2_8_9,phimage_F-Cl-Br-I_2_8_10,phimage_F-Cl-Br-I_2_8_11,phimage_F-Cl-Br-I_2_8_12,phimage_F-Cl-Br-I_2_8_13,phimage_F-Cl-Br-I_2_8_14,phimage_F-Cl-Br-I_2_8_15,phimage_F-Cl-Br-I_2_8_16,phimage_F-Cl-Br-I_2_8_17,phimage_F-Cl-Br-I_2_8_18,phimage_F-Cl-Br-I_2_8_19,phimage_F-Cl-Br-I_2_9_0,phimage_F-Cl-Br-I_2_9_1,phimage_F-Cl-Br-I_2_9_2,phimage_F-Cl-Br-I_2_9_3,phimage_F-Cl-Br-I_2_9_4,phimage_F-Cl-Br-I_2_9_5,phimage_F-Cl-Br-I_2_9_6,phimage_F-Cl-Br-I_2_9_7,phimage_F-Cl-Br-I_2_9_8,phimage_F-Cl-Br-I_2_9_9,phimage_F-Cl-Br-I_2_9_10,phimage_F-Cl-Br-I_2_9_11,phimage_F-Cl-Br-I_2_9_12,phimage_F-Cl-Br-I_2_9_13,phimage_F-Cl-Br-I_2_9_14,phimage_F-Cl-Br-I_2_9_15,phimage_F-Cl-Br-I_2_9_16,phimage_F-Cl-Br-I_2_9_17,phimage_F-Cl-Br-I_2_9_18,phimage_F-Cl-Br-I_2_9_19,phimage_F-Cl-Br-I_2_10_0,phimage_F-Cl-Br-I_2_10_1,phimage_F-Cl-Br-I_2_10_2,phimage_F-Cl-Br-I_2_10_3,phimage_F-Cl-Br-I_2_10_4,phimage_F-Cl-Br-I_2_10_5,phimage_F-Cl-Br-I_2_10_6,phimage_F-Cl-Br-I_2_10_7,phimage_F-Cl-Br-I_2_10_8,phimage_F-Cl-Br-I_2_10_9,phimage_F-Cl-Br-I_2_10_10,phimage_F-Cl-Br-I_2_10_11,phimage_F-Cl-Br-I_2_10_12,phimage_F-Cl-Br-I_2_10_13,phimage_F-Cl-Br-I_2_10_14,phimage_F-Cl-Br-I_2_10_15,phimage_F-Cl-Br-I_2_10_16,phimage_F-Cl-Br-I_2_10_17,phimage_F-Cl-Br-I_2_10_18,phimage_F-Cl-Br-I_2_10_19,phimage_F-Cl-Br-I_2_11_0,phimage_F-Cl-Br-I_2_11_1,phimage_F-Cl-Br-I_2_11_2,phimage_F-Cl-Br-I_2_11_3,phimage_F-Cl-Br-I_2_11_4,phimage_F-Cl-Br-I_2_11_5,phimage_F-Cl-Br-I_2_11_6,phimage_F-Cl-Br-I_2_11_7,phimage_F-Cl-Br-I_2_11_8,phimage_F-Cl-Br-I_2_11_9,phimage_F-Cl-Br-I_2_11_10,phimage_F-Cl-Br-I_2_11_11,phimage_F-Cl-Br-I_2_11_12,phimage_F-Cl-Br-I_2_11_13,phimage_F-Cl-Br-I_2_11_14,phimage_F-Cl-Br-I_2_11_15,phimage_F-Cl-Br-I_2_11_16,phimage_F-Cl-Br-I_2_11_17,phimage_F-Cl-Br-I_2_11_18,phimage_F-Cl-Br-I_2_11_19,phimage_F-Cl-Br-I_2_12_0,phimage_F-Cl-Br-I_2_12_1,phimage_F-Cl-Br-I_2_12_2,phimage_F-Cl-Br-I_2_12_3,phimage_F-Cl-Br-I_2_12_4,phimage_F-Cl-Br-I_2_12_5,phimage_F-Cl-Br-I_2_12_6,phimage_F-Cl-Br-I_2_12_7,phimage_F-Cl-Br-I_2_12_8,phimage_F-Cl-Br-I_2_12_9,phimage_F-Cl-Br-I_2_12_10,phimage_F-Cl-Br-I_2_12_11,phimage_F-Cl-Br-I_2_12_12,phimage_F-Cl-Br-I_2_12_13,phimage_F-Cl-Br-I_2_12_14,phimage_F-Cl-Br-I_2_12_15,phimage_F-Cl-Br-I_2_12_16,phimage_F-Cl-Br-I_2_12_17,phimage_F-Cl-Br-I_2_12_18,phimage_F-Cl-Br-I_2_12_19,phimage_F-Cl-Br-I_2_13_0,phimage_F-Cl-Br-I_2_13_1,phimage_F-Cl-Br-I_2_13_2,phimage_F-Cl-Br-I_2_13_3,phimage_F-Cl-Br-I_2_13_4,phimage_F-Cl-Br-I_2_13_5,phimage_F-Cl-Br-I_2_13_6,phimage_F-Cl-Br-I_2_13_7,phimage_F-Cl-Br-I_2_13_8,phimage_F-Cl-Br-I_2_13_9,phimage_F-Cl-Br-I_2_13_10,phimage_F-Cl-Br-I_2_13_11,phimage_F-Cl-Br-I_2_13_12,phimage_F-Cl-Br-I_2_13_13,phimage_F-Cl-Br-I_2_13_14,phimage_F-Cl-Br-I_2_13_15,phimage_F-Cl-Br-I_2_13_16,phimage_F-Cl-Br-I_2_13_17,phimage_F-Cl-Br-I_2_13_18,phimage_F-Cl-Br-I_2_13_19,phimage_F-Cl-Br-I_2_14_0,phimage_F-Cl-Br-I_2_14_1,phimage_F-Cl-Br-I_2_14_2,phimage_F-Cl-Br-I_2_14_3,phimage_F-Cl-Br-I_2_14_4,phimage_F-Cl-Br-I_2_14_5,phimage_F-Cl-Br-I_2_14_6,phimage_F-Cl-Br-I_2_14_7,phimage_F-Cl-Br-I_2_14_8,phimage_F-Cl-Br-I_2_14_9,phimage_F-Cl-Br-I_2_14_10,phimage_F-Cl-Br-I_2_14_11,phimage_F-Cl-Br-I_2_14_12,phimage_F-Cl-Br-I_2_14_13,phimage_F-Cl-Br-I_2_14_14,phimage_F-Cl-Br-I_2_14_15,phimage_F-Cl-Br-I_2_14_16,phimage_F-Cl-Br-I_2_14_17,phimage_F-Cl-Br-I_2_14_18,phimage_F-Cl-Br-I_2_14_19,phimage_F-Cl-Br-I_2_15_0,phimage_F-Cl-Br-I_2_15_1,phimage_F-Cl-Br-I_2_15_2,phimage_F-Cl-Br-I_2_15_3,phimage_F-Cl-Br-I_2_15_4,phimage_F-Cl-Br-I_2_15_5,phimage_F-Cl-Br-I_2_15_6,phimage_F-Cl-Br-I_2_15_7,phimage_F-Cl-Br-I_2_15_8,phimage_F-Cl-Br-I_2_15_9,phimage_F-Cl-Br-I_2_15_10,phimage_F-Cl-Br-I_2_15_11,phimage_F-Cl-Br-I_2_15_12,phimage_F-Cl-Br-I_2_15_13,phimage_F-Cl-Br-I_2_15_14,phimage_F-Cl-Br-I_2_15_15,phimage_F-Cl-Br-I_2_15_16,phimage_F-Cl-Br-I_2_15_17,phimage_F-Cl-Br-I_2_15_18,phimage_F-Cl-Br-I_2_15_19,phimage_F-Cl-Br-I_2_16_0,phimage_F-Cl-Br-I_2_16_1,phimage_F-Cl-Br-I_2_16_2,phimage_F-Cl-Br-I_2_16_3,phimage_F-Cl-Br-I_2_16_4,phimage_F-Cl-Br-I_2_16_5,phimage_F-Cl-Br-I_2_16_6,phimage_F-Cl-Br-I_2_16_7,phimage_F-Cl-Br-I_2_16_8,phimage_F-Cl-Br-I_2_16_9,phimage_F-Cl-Br-I_2_16_10,phimage_F-Cl-Br-I_2_16_11,phimage_F-Cl-Br-I_2_16_12,phimage_F-Cl-Br-I_2_16_13,phimage_F-Cl-Br-I_2_16_14,phimage_F-Cl-Br-I_2_16_15,phimage_F-Cl-Br-I_2_16_16,phimage_F-Cl-Br-I_2_16_17,phimage_F-Cl-Br-I_2_16_18,phimage_F-Cl-Br-I_2_16_19,phimage_F-Cl-Br-I_2_17_0,phimage_F-Cl-Br-I_2_17_1,phimage_F-Cl-Br-I_2_17_2,phimage_F-Cl-Br-I_2_17_3,phimage_F-Cl-Br-I_2_17_4,phimage_F-Cl-Br-I_2_17_5,phimage_F-Cl-Br-I_2_17_6,phimage_F-Cl-Br-I_2_17_7,phimage_F-Cl-Br-I_2_17_8,phimage_F-Cl-Br-I_2_17_9,phimage_F-Cl-Br-I_2_17_10,phimage_F-Cl-Br-I_2_17_11,phimage_F-Cl-Br-I_2_17_12,phimage_F-Cl-Br-I_2_17_13,phimage_F-Cl-Br-I_2_17_14,phimage_F-Cl-Br-I_2_17_15,phimage_F-Cl-Br-I_2_17_16,phimage_F-Cl-Br-I_2_17_17,phimage_F-Cl-Br-I_2_17_18,phimage_F-Cl-Br-I_2_17_19,phimage_F-Cl-Br-I_2_18_0,phimage_F-Cl-Br-I_2_18_1,phimage_F-Cl-Br-I_2_18_2,phimage_F-Cl-Br-I_2_18_3,phimage_F-Cl-Br-I_2_18_4,phimage_F-Cl-Br-I_2_18_5,phimage_F-Cl-Br-I_2_18_6,phimage_F-Cl-Br-I_2_18_7,phimage_F-Cl-Br-I_2_18_8,phimage_F-Cl-Br-I_2_18_9,phimage_F-Cl-Br-I_2_18_10,phimage_F-Cl-Br-I_2_18_11,phimage_F-Cl-Br-I_2_18_12,phimage_F-Cl-Br-I_2_18_13,phimage_F-Cl-Br-I_2_18_14,phimage_F-Cl-Br-I_2_18_15,phimage_F-Cl-Br-I_2_18_16,phimage_F-Cl-Br-I_2_18_17,phimage_F-Cl-Br-I_2_18_18,phimage_F-Cl-Br-I_2_18_19,phimage_F-Cl-Br-I_2_19_0,phimage_F-Cl-Br-I_2_19_1,phimage_F-Cl-Br-I_2_19_2,phimage_F-Cl-Br-I_2_19_3,phimage_F-Cl-Br-I_2_19_4,phimage_F-Cl-Br-I_2_19_5,phimage_F-Cl-Br-I_2_19_6,phimage_F-Cl-Br-I_2_19_7,phimage_F-Cl-Br-I_2_19_8,phimage_F-Cl-Br-I_2_19_9,phimage_F-Cl-Br-I_2_19_10,phimage_F-Cl-Br-I_2_19_11,phimage_F-Cl-Br-I_2_19_12,phimage_F-Cl-Br-I_2_19_13,phimage_F-Cl-Br-I_2_19_14,phimage_F-Cl-Br-I_2_19_15,phimage_F-Cl-Br-I_2_19_16,phimage_F-Cl-Br-I_2_19_17,phimage_F-Cl-Br-I_2_19_18,phimage_F-Cl-Br-I_2_19_19,phimage_Cu-Mn-Ni-Mo-Fe-Pt-Zn-Ca-Er-Au-Cd-Co-Gd-Na-Sm-Eu-Tb-V-Ag-Nd-U-Ba-Ce-K-Ga-Cr-Al-Li-Sc-Ru-In-Mg-Zr-Dy-W-Yb-Y-Ho-Re-Be-Rb-La-Sn-Cs-Pb-Pr-Bi-Tm-Sr-Ti-Hf-Ir-Nb-Pd-Hg-Th-Np-Lu-Rh-Pu_0_0_0,phimage_Cu-Mn-Ni-Mo-Fe-Pt-Zn-Ca-Er-Au-Cd-Co-Gd-Na-Sm-Eu-Tb-V-Ag-Nd-U-Ba-Ce-K-Ga-Cr-Al-Li-Sc-Ru-In-Mg-Zr-Dy-W-Yb-Y-Ho-Re-Be-Rb-La-Sn-Cs-Pb-Pr-Bi-Tm-Sr-Ti-Hf-Ir-Nb-Pd-Hg-Th-Np-Lu-Rh-Pu_0_0_1,phimage_Cu-Mn-Ni-Mo-Fe-Pt-Zn-Ca-Er-Au-Cd-Co-Gd-Na-Sm-Eu-Tb-V-Ag-Nd-U-Ba-Ce-K-Ga-Cr-Al-Li-Sc-Ru-In-Mg-Zr-Dy-W-Yb-Y-Ho-Re-Be-Rb-La-Sn-Cs-Pb-Pr-Bi-Tm-Sr-Ti-Hf-Ir-Nb-Pd-Hg-Th-Np-Lu-Rh-Pu_0_0_2,phimage_Cu-Mn-Ni-Mo-Fe-Pt-Zn-Ca-Er-Au-Cd-Co-Gd-Na-Sm-Eu-Tb-V-Ag-Nd-U-Ba-Ce-K-Ga-Cr-Al-Li-Sc-Ru-In-Mg-Zr-Dy-W-Yb-Y-Ho-Re-Be-Rb-La-Sn-Cs-Pb-Pr-Bi-Tm-Sr-Ti-Hf-Ir-Nb-Pd-Hg-Th-Np-Lu-Rh-Pu_0_0_3,phimage_Cu-Mn-Ni-Mo-Fe-Pt-Zn-Ca-Er-Au-Cd-Co-Gd-Na-Sm-Eu-Tb-V-Ag-Nd-U-Ba-Ce-K-Ga-Cr-Al-Li-Sc-Ru-In-Mg-Zr-Dy-W-Yb-Y-Ho-Re-Be-Rb-La-Sn-Cs-Pb-Pr-Bi-Tm-Sr-Ti-Hf-Ir-Nb-Pd-Hg-Th-Np-Lu-Rh-Pu_0_0_4,phimage_Cu-Mn-Ni-Mo-Fe-Pt-Zn-Ca-Er-Au-Cd-Co-Gd-Na-Sm-Eu-Tb-V-Ag-Nd-U-Ba-Ce-K-Ga-Cr-Al-Li-Sc-Ru-In-Mg-Zr-Dy-W-Yb-Y-Ho-Re-Be-Rb-La-Sn-Cs-Pb-Pr-Bi-Tm-Sr-Ti-Hf-Ir-Nb-Pd-Hg-Th-Np-Lu-Rh-Pu_0_0_5,phimage_Cu-Mn-Ni-Mo-Fe-Pt-Zn-Ca-Er-Au-Cd-Co-Gd-Na-Sm-Eu-Tb-V-Ag-Nd-U-Ba-Ce-K-Ga-Cr-Al-Li-Sc-Ru-In-Mg-Zr-Dy-W-Yb-Y-Ho-Re-Be-Rb-La-Sn-Cs-Pb-Pr-Bi-Tm-Sr-Ti-Hf-Ir-Nb-Pd-Hg-Th-Np-Lu-Rh-Pu_0_0_6,phimage_Cu-Mn-Ni-Mo-Fe-Pt-Zn-Ca-Er-Au-Cd-Co-Gd-Na-Sm-Eu-Tb-V-Ag-Nd-U-Ba-Ce-K-Ga-Cr-Al-Li-Sc-Ru-In-Mg-Zr-Dy-W-Yb-Y-Ho-Re-Be-Rb-La-Sn-Cs-Pb-Pr-Bi-Tm-Sr-Ti-Hf-Ir-Nb-Pd-Hg-Th-Np-Lu-Rh-Pu_0_0_7,phimage_Cu-Mn-Ni-Mo-Fe-Pt-Zn-Ca-Er-Au-Cd-Co-Gd-Na-Sm-Eu-Tb-V-Ag-Nd-U-Ba-Ce-K-Ga-Cr-Al-Li-Sc-Ru-In-Mg-Zr-Dy-W-Yb-Y-Ho-Re-Be-Rb-La-Sn-Cs-Pb-Pr-Bi-Tm-Sr-Ti-Hf-Ir-Nb-Pd-Hg-Th-Np-Lu-Rh-Pu_0_0_8,phimage_Cu-Mn-Ni-Mo-Fe-Pt-Zn-Ca-Er-Au-Cd-Co-Gd-Na-Sm-Eu-Tb-V-Ag-Nd-U-Ba-Ce-K-Ga-Cr-Al-Li-Sc-Ru-In-Mg-Zr-Dy-W-Yb-Y-Ho-Re-Be-Rb-La-Sn-Cs-Pb-Pr-Bi-Tm-Sr-Ti-Hf-Ir-Nb-Pd-Hg-Th-Np-Lu-Rh-Pu_0_0_9,phimage_Cu-Mn-Ni-Mo-Fe-Pt-Zn-Ca-Er-Au-Cd-Co-Gd-Na-Sm-Eu-Tb-V-Ag-Nd-U-Ba-Ce-K-Ga-Cr-Al-Li-Sc-Ru-In-Mg-Zr-Dy-W-Yb-Y-Ho-Re-Be-Rb-La-Sn-Cs-Pb-Pr-Bi-Tm-Sr-Ti-Hf-Ir-Nb-Pd-Hg-Th-Np-Lu-Rh-Pu_0_0_10,phimage_Cu-Mn-Ni-Mo-Fe-Pt-Zn-Ca-Er-Au-Cd-Co-Gd-Na-Sm-Eu-Tb-V-Ag-Nd-U-Ba-Ce-K-Ga-Cr-Al-Li-Sc-Ru-In-Mg-Zr-Dy-W-Yb-Y-Ho-Re-Be-Rb-La-Sn-Cs-Pb-Pr-Bi-Tm-Sr-Ti-Hf-Ir-Nb-Pd-Hg-Th-Np-Lu-Rh-Pu_0_0_11,phimage_Cu-Mn-Ni-Mo-Fe-Pt-Zn-Ca-Er-Au-Cd-Co-Gd-Na-Sm-Eu-Tb-V-Ag-Nd-U-Ba-Ce-K-Ga-Cr-Al-Li-Sc-Ru-In-Mg-Zr-Dy-W-Yb-Y-Ho-Re-Be-Rb-La-Sn-Cs-Pb-Pr-Bi-Tm-Sr-Ti-Hf-Ir-Nb-Pd-Hg-Th-Np-Lu-Rh-Pu_0_0_12,phimage_Cu-Mn-Ni-Mo-Fe-Pt-Zn-Ca-Er-Au-Cd-Co-Gd-Na-Sm-Eu-Tb-V-Ag-Nd-U-Ba-Ce-K-Ga-Cr-Al-Li-Sc-Ru-In-Mg-Zr-Dy-W-Yb-Y-Ho-Re-Be-Rb-La-Sn-Cs-Pb-Pr-Bi-Tm-Sr-Ti-Hf-Ir-Nb-Pd-Hg-Th-Np-Lu-Rh-Pu_0_0_13,phimage_Cu-Mn-Ni-Mo-Fe-Pt-Zn-Ca-Er-Au-Cd-Co-Gd-Na-Sm-Eu-Tb-V-Ag-Nd-U-Ba-Ce-K-Ga-Cr-Al-Li-Sc-Ru-In-Mg-Zr-Dy-W-Yb-Y-Ho-Re-Be-Rb-La-Sn-Cs-Pb-Pr-Bi-Tm-Sr-Ti-Hf-Ir-Nb-Pd-Hg-Th-Np-Lu-Rh-Pu_0_0_14,phimage_Cu-Mn-Ni-Mo-Fe-Pt-Zn-Ca-Er-Au-Cd-Co-Gd-Na-Sm-Eu-Tb-V-Ag-Nd-U-Ba-Ce-K-Ga-Cr-Al-Li-Sc-Ru-In-Mg-Zr-Dy-W-Yb-Y-Ho-Re-Be-Rb-La-Sn-Cs-Pb-Pr-Bi-Tm-Sr-Ti-Hf-Ir-Nb-Pd-Hg-Th-Np-Lu-Rh-Pu_0_0_15,phimage_Cu-Mn-Ni-Mo-Fe-Pt-Zn-Ca-Er-Au-Cd-Co-Gd-Na-Sm-Eu-Tb-V-Ag-Nd-U-Ba-Ce-K-Ga-Cr-Al-Li-Sc-Ru-In-Mg-Zr-Dy-W-Yb-Y-Ho-Re-Be-Rb-La-Sn-Cs-Pb-Pr-Bi-Tm-Sr-Ti-Hf-Ir-Nb-Pd-Hg-Th-Np-Lu-Rh-Pu_0_0_16,phimage_Cu-Mn-Ni-Mo-Fe-Pt-Zn-Ca-Er-Au-Cd-Co-Gd-Na-Sm-Eu-Tb-V-Ag-Nd-U-Ba-Ce-K-Ga-Cr-Al-Li-Sc-Ru-In-Mg-Zr-Dy-W-Yb-Y-Ho-Re-Be-Rb-La-Sn-Cs-Pb-Pr-Bi-Tm-Sr-Ti-Hf-Ir-Nb-Pd-Hg-Th-Np-Lu-Rh-Pu_0_0_17,phimage_Cu-Mn-Ni-Mo-Fe-Pt-Zn-Ca-Er-Au-Cd-Co-Gd-Na-Sm-Eu-Tb-V-Ag-Nd-U-Ba-Ce-K-Ga-Cr-Al-Li-Sc-Ru-In-Mg-Zr-Dy-W-Yb-Y-Ho-Re-Be-Rb-La-Sn-Cs-Pb-Pr-Bi-Tm-Sr-Ti-Hf-Ir-Nb-Pd-Hg-Th-Np-Lu-Rh-Pu_0_0_18,phimage_Cu-Mn-Ni-Mo-Fe-Pt-Zn-Ca-Er-Au-Cd-Co-Gd-Na-Sm-Eu-Tb-V-Ag-Nd-U-Ba-Ce-K-Ga-Cr-Al-Li-Sc-Ru-In-Mg-Zr-Dy-W-Yb-Y-Ho-Re-Be-Rb-La-Sn-Cs-Pb-Pr-Bi-Tm-Sr-Ti-Hf-Ir-Nb-Pd-Hg-Th-Np-Lu-Rh-Pu_0_0_19,phimage_Cu-Mn-Ni-Mo-Fe-Pt-Zn-Ca-Er-Au-Cd-Co-Gd-Na-Sm-Eu-Tb-V-Ag-Nd-U-Ba-Ce-K-Ga-Cr-Al-Li-Sc-Ru-In-Mg-Zr-Dy-W-Yb-Y-Ho-Re-Be-Rb-La-Sn-Cs-Pb-Pr-Bi-Tm-Sr-Ti-Hf-Ir-Nb-Pd-Hg-Th-Np-Lu-Rh-Pu_0_1_0,phimage_Cu-Mn-Ni-Mo-Fe-Pt-Zn-Ca-Er-Au-Cd-Co-Gd-Na-Sm-Eu-Tb-V-Ag-Nd-U-Ba-Ce-K-Ga-Cr-Al-Li-Sc-Ru-In-Mg-Zr-Dy-W-Yb-Y-Ho-Re-Be-Rb-La-Sn-Cs-Pb-Pr-Bi-Tm-Sr-Ti-Hf-Ir-Nb-Pd-Hg-Th-Np-Lu-Rh-Pu_0_1_1,phimage_Cu-Mn-Ni-Mo-Fe-Pt-Zn-Ca-Er-Au-Cd-Co-Gd-Na-Sm-Eu-Tb-V-Ag-Nd-U-Ba-Ce-K-Ga-Cr-Al-Li-Sc-Ru-In-Mg-Zr-Dy-W-Yb-Y-Ho-Re-Be-Rb-La-Sn-Cs-Pb-Pr-Bi-Tm-Sr-Ti-Hf-Ir-Nb-Pd-Hg-Th-Np-Lu-Rh-Pu_0_1_2,phimage_Cu-Mn-Ni-Mo-Fe-Pt-Zn-Ca-Er-Au-Cd-Co-Gd-Na-Sm-Eu-Tb-V-Ag-Nd-U-Ba-Ce-K-Ga-Cr-Al-Li-Sc-Ru-In-Mg-Zr-Dy-W-Yb-Y-Ho-Re-Be-Rb-La-Sn-Cs-Pb-Pr-Bi-Tm-Sr-Ti-Hf-Ir-Nb-Pd-Hg-Th-Np-Lu-Rh-Pu_0_1_3,phimage_Cu-Mn-Ni-Mo-Fe-Pt-Zn-Ca-Er-Au-Cd-Co-Gd-Na-Sm-Eu-Tb-V-Ag-Nd-U-Ba-Ce-K-Ga-Cr-Al-Li-Sc-Ru-In-Mg-Zr-Dy-W-Yb-Y-Ho-Re-Be-Rb-La-Sn-Cs-Pb-Pr-Bi-Tm-Sr-Ti-Hf-Ir-Nb-Pd-Hg-Th-Np-Lu-Rh-Pu_0_1_4,phimage_Cu-Mn-Ni-Mo-Fe-Pt-Zn-Ca-Er-Au-Cd-Co-Gd-Na-Sm-Eu-Tb-V-Ag-Nd-U-Ba-Ce-K-Ga-Cr-Al-Li-Sc-Ru-In-Mg-Zr-Dy-W-Yb-Y-Ho-Re-Be-Rb-La-Sn-Cs-Pb-Pr-Bi-Tm-Sr-Ti-Hf-Ir-Nb-Pd-Hg-Th-Np-Lu-Rh-Pu_0_1_5,phimage_Cu-Mn-Ni-Mo-Fe-Pt-Zn-Ca-Er-Au-Cd-Co-Gd-Na-Sm-Eu-Tb-V-Ag-Nd-U-Ba-Ce-K-Ga-Cr-Al-Li-Sc-Ru-In-Mg-Zr-Dy-W-Yb-Y-Ho-Re-Be-Rb-La-Sn-Cs-Pb-Pr-Bi-Tm-Sr-Ti-Hf-Ir-Nb-Pd-Hg-Th-Np-Lu-Rh-Pu_0_1_6,phimage_Cu-Mn-Ni-Mo-Fe-Pt-Zn-Ca-Er-Au-Cd-Co-Gd-Na-Sm-Eu-Tb-V-Ag-Nd-U-Ba-Ce-K-Ga-Cr-Al-Li-Sc-Ru-In-Mg-Zr-Dy-W-Yb-Y-Ho-Re-Be-Rb-La-Sn-Cs-Pb-Pr-Bi-Tm-Sr-Ti-Hf-Ir-Nb-Pd-Hg-Th-Np-Lu-Rh-Pu_0_1_7,phimage_Cu-Mn-Ni-Mo-Fe-Pt-Zn-Ca-Er-Au-Cd-Co-Gd-Na-Sm-Eu-Tb-V-Ag-Nd-U-Ba-Ce-K-Ga-Cr-Al-Li-Sc-Ru-In-Mg-Zr-Dy-W-Yb-Y-Ho-Re-Be-Rb-La-Sn-Cs-Pb-Pr-Bi-Tm-Sr-Ti-Hf-Ir-Nb-Pd-Hg-Th-Np-Lu-Rh-Pu_0_1_8,phimage_Cu-Mn-Ni-Mo-Fe-Pt-Zn-Ca-Er-Au-Cd-Co-Gd-Na-Sm-Eu-Tb-V-Ag-Nd-U-Ba-Ce-K-Ga-Cr-Al-Li-Sc-Ru-In-Mg-Zr-Dy-W-Yb-Y-Ho-Re-Be-Rb-La-Sn-Cs-Pb-Pr-Bi-Tm-Sr-Ti-Hf-Ir-Nb-Pd-Hg-Th-Np-Lu-Rh-Pu_0_1_9,phimage_Cu-Mn-Ni-Mo-Fe-Pt-Zn-Ca-Er-Au-Cd-Co-Gd-Na-Sm-Eu-Tb-V-Ag-Nd-U-Ba-Ce-K-Ga-Cr-Al-Li-Sc-Ru-In-Mg-Zr-Dy-W-Yb-Y-Ho-Re-Be-Rb-La-Sn-Cs-Pb-Pr-Bi-Tm-Sr-Ti-Hf-Ir-Nb-Pd-Hg-Th-Np-Lu-Rh-Pu_0_1_10,phimage_Cu-Mn-Ni-Mo-Fe-Pt-Zn-Ca-Er-Au-Cd-Co-Gd-Na-Sm-Eu-Tb-V-Ag-Nd-U-Ba-Ce-K-Ga-Cr-Al-Li-Sc-Ru-In-Mg-Zr-Dy-W-Yb-Y-Ho-Re-Be-Rb-La-Sn-Cs-Pb-Pr-Bi-Tm-Sr-Ti-Hf-Ir-Nb-Pd-Hg-Th-Np-Lu-Rh-Pu_0_1_11,phimage_Cu-Mn-Ni-Mo-Fe-Pt-Zn-Ca-Er-Au-Cd-Co-Gd-Na-Sm-Eu-Tb-V-Ag-Nd-U-Ba-Ce-K-Ga-Cr-Al-Li-Sc-Ru-In-Mg-Zr-Dy-W-Yb-Y-Ho-Re-Be-Rb-La-Sn-Cs-Pb-Pr-Bi-Tm-Sr-Ti-Hf-Ir-Nb-Pd-Hg-Th-Np-Lu-Rh-Pu_0_1_12,phimage_Cu-Mn-Ni-Mo-Fe-Pt-Zn-Ca-Er-Au-Cd-Co-Gd-Na-Sm-Eu-Tb-V-Ag-Nd-U-Ba-Ce-K-Ga-Cr-Al-Li-Sc-Ru-In-Mg-Zr-Dy-W-Yb-Y-Ho-Re-Be-Rb-La-Sn-Cs-Pb-Pr-Bi-Tm-Sr-Ti-Hf-Ir-Nb-Pd-Hg-Th-Np-Lu-Rh-Pu_0_1_13,phimage_Cu-Mn-Ni-Mo-Fe-Pt-Zn-Ca-Er-Au-Cd-Co-Gd-Na-Sm-Eu-Tb-V-Ag-Nd-U-Ba-Ce-K-Ga-Cr-Al-Li-Sc-Ru-In-Mg-Zr-Dy-W-Yb-Y-Ho-Re-Be-Rb-La-Sn-Cs-Pb-Pr-Bi-Tm-Sr-Ti-Hf-Ir-Nb-Pd-Hg-Th-Np-Lu-Rh-Pu_0_1_14,phimage_Cu-Mn-Ni-Mo-Fe-Pt-Zn-Ca-Er-Au-Cd-Co-Gd-Na-Sm-Eu-Tb-V-Ag-Nd-U-Ba-Ce-K-Ga-Cr-Al-Li-Sc-Ru-In-Mg-Zr-Dy-W-Yb-Y-Ho-Re-Be-Rb-La-Sn-Cs-Pb-Pr-Bi-Tm-Sr-Ti-Hf-Ir-Nb-Pd-Hg-Th-Np-Lu-Rh-Pu_0_1_15,phimage_Cu-Mn-Ni-Mo-Fe-Pt-Zn-Ca-Er-Au-Cd-Co-Gd-Na-Sm-Eu-Tb-V-Ag-Nd-U-Ba-Ce-K-Ga-Cr-Al-Li-Sc-Ru-In-Mg-Zr-Dy-W-Yb-Y-Ho-Re-Be-Rb-La-Sn-Cs-Pb-Pr-Bi-Tm-Sr-Ti-Hf-Ir-Nb-Pd-Hg-Th-Np-Lu-Rh-Pu_0_1_16,phimage_Cu-Mn-Ni-Mo-Fe-Pt-Zn-Ca-Er-Au-Cd-Co-Gd-Na-Sm-Eu-Tb-V-Ag-Nd-U-Ba-Ce-K-Ga-Cr-Al-Li-Sc-Ru-In-Mg-Zr-Dy-W-Yb-Y-Ho-Re-Be-Rb-La-Sn-Cs-Pb-Pr-Bi-Tm-Sr-Ti-Hf-Ir-Nb-Pd-Hg-Th-Np-Lu-Rh-Pu_0_1_17,phimage_Cu-Mn-Ni-Mo-Fe-Pt-Zn-Ca-Er-Au-Cd-Co-Gd-Na-Sm-Eu-Tb-V-Ag-Nd-U-Ba-Ce-K-Ga-Cr-Al-Li-Sc-Ru-In-Mg-Zr-Dy-W-Yb-Y-Ho-Re-Be-Rb-La-Sn-Cs-Pb-Pr-Bi-Tm-Sr-Ti-Hf-Ir-Nb-Pd-Hg-Th-Np-Lu-Rh-Pu_0_1_18,phimage_Cu-Mn-Ni-Mo-Fe-Pt-Zn-Ca-Er-Au-Cd-Co-Gd-Na-Sm-Eu-Tb-V-Ag-Nd-U-Ba-Ce-K-Ga-Cr-Al-Li-Sc-Ru-In-Mg-Zr-Dy-W-Yb-Y-Ho-Re-Be-Rb-La-Sn-Cs-Pb-Pr-Bi-Tm-Sr-Ti-Hf-Ir-Nb-Pd-Hg-Th-Np-Lu-Rh-Pu_0_1_19,phimage_Cu-Mn-Ni-Mo-Fe-Pt-Zn-Ca-Er-Au-Cd-Co-Gd-Na-Sm-Eu-Tb-V-Ag-Nd-U-Ba-Ce-K-Ga-Cr-Al-Li-Sc-Ru-In-Mg-Zr-Dy-W-Yb-Y-Ho-Re-Be-Rb-La-Sn-Cs-Pb-Pr-Bi-Tm-Sr-Ti-Hf-Ir-Nb-Pd-Hg-Th-Np-Lu-Rh-Pu_0_2_0,phimage_Cu-Mn-Ni-Mo-Fe-Pt-Zn-Ca-Er-Au-Cd-Co-Gd-Na-Sm-Eu-Tb-V-Ag-Nd-U-Ba-Ce-K-Ga-Cr-Al-Li-Sc-Ru-In-Mg-Zr-Dy-W-Yb-Y-Ho-Re-Be-Rb-La-Sn-Cs-Pb-Pr-Bi-Tm-Sr-Ti-Hf-Ir-Nb-Pd-Hg-Th-Np-Lu-Rh-Pu_0_2_1,phimage_Cu-Mn-Ni-Mo-Fe-Pt-Zn-Ca-Er-Au-Cd-Co-Gd-Na-Sm-Eu-Tb-V-Ag-Nd-U-Ba-Ce-K-Ga-Cr-Al-Li-Sc-Ru-In-Mg-Zr-Dy-W-Yb-Y-Ho-Re-Be-Rb-La-Sn-Cs-Pb-Pr-Bi-Tm-Sr-Ti-Hf-Ir-Nb-Pd-Hg-Th-Np-Lu-Rh-Pu_0_2_2,phimage_Cu-Mn-Ni-Mo-Fe-Pt-Zn-Ca-Er-Au-Cd-Co-Gd-Na-Sm-Eu-Tb-V-Ag-Nd-U-Ba-Ce-K-Ga-Cr-Al-Li-Sc-Ru-In-Mg-Zr-Dy-W-Yb-Y-Ho-Re-Be-Rb-La-Sn-Cs-Pb-Pr-Bi-Tm-Sr-Ti-Hf-Ir-Nb-Pd-Hg-Th-Np-Lu-Rh-Pu_0_2_3,phimage_Cu-Mn-Ni-Mo-Fe-Pt-Zn-Ca-Er-Au-Cd-Co-Gd-Na-Sm-Eu-Tb-V-Ag-Nd-U-Ba-Ce-K-Ga-Cr-Al-Li-Sc-Ru-In-Mg-Zr-Dy-W-Yb-Y-Ho-Re-Be-Rb-La-Sn-Cs-Pb-Pr-Bi-Tm-Sr-Ti-Hf-Ir-Nb-Pd-Hg-Th-Np-Lu-Rh-Pu_0_2_4,phimage_Cu-Mn-Ni-Mo-Fe-Pt-Zn-Ca-Er-Au-Cd-Co-Gd-Na-Sm-Eu-Tb-V-Ag-Nd-U-Ba-Ce-K-Ga-Cr-Al-Li-Sc-Ru-In-Mg-Zr-Dy-W-Yb-Y-Ho-Re-Be-Rb-La-Sn-Cs-Pb-Pr-Bi-Tm-Sr-Ti-Hf-Ir-Nb-Pd-Hg-Th-Np-Lu-Rh-Pu_0_2_5,phimage_Cu-Mn-Ni-Mo-Fe-Pt-Zn-Ca-Er-Au-Cd-Co-Gd-Na-Sm-Eu-Tb-V-Ag-Nd-U-Ba-Ce-K-Ga-Cr-Al-Li-Sc-Ru-In-Mg-Zr-Dy-W-Yb-Y-Ho-Re-Be-Rb-La-Sn-Cs-Pb-Pr-Bi-Tm-Sr-Ti-Hf-Ir-Nb-Pd-Hg-Th-Np-Lu-Rh-Pu_0_2_6,phimage_Cu-Mn-Ni-Mo-Fe-Pt-Zn-Ca-Er-Au-Cd-Co-Gd-Na-Sm-Eu-Tb-V-Ag-Nd-U-Ba-Ce-K-Ga-Cr-Al-Li-Sc-Ru-In-Mg-Zr-Dy-W-Yb-Y-Ho-Re-Be-Rb-La-Sn-Cs-Pb-Pr-Bi-Tm-Sr-Ti-Hf-Ir-Nb-Pd-Hg-Th-Np-Lu-Rh-Pu_0_2_7,phimage_Cu-Mn-Ni-Mo-Fe-Pt-Zn-Ca-Er-Au-Cd-Co-Gd-Na-Sm-Eu-Tb-V-Ag-Nd-U-Ba-Ce-K-Ga-Cr-Al-Li-Sc-Ru-In-Mg-Zr-Dy-W-Yb-Y-Ho-Re-Be-Rb-La-Sn-Cs-Pb-Pr-Bi-Tm-Sr-Ti-Hf-Ir-Nb-Pd-Hg-Th-Np-Lu-Rh-Pu_0_2_8,phimage_Cu-Mn-Ni-Mo-Fe-Pt-Zn-Ca-Er-Au-Cd-Co-Gd-Na-Sm-Eu-Tb-V-Ag-Nd-U-Ba-Ce-K-Ga-Cr-Al-Li-Sc-Ru-In-Mg-Zr-Dy-W-Yb-Y-Ho-Re-Be-Rb-La-Sn-Cs-Pb-Pr-Bi-Tm-Sr-Ti-Hf-Ir-Nb-Pd-Hg-Th-Np-Lu-Rh-Pu_0_2_9,phimage_Cu-Mn-Ni-Mo-Fe-Pt-Zn-Ca-Er-Au-Cd-Co-Gd-Na-Sm-Eu-Tb-V-Ag-Nd-U-Ba-Ce-K-Ga-Cr-Al-Li-Sc-Ru-In-Mg-Zr-Dy-W-Yb-Y-Ho-Re-Be-Rb-La-Sn-Cs-Pb-Pr-Bi-Tm-Sr-Ti-Hf-Ir-Nb-Pd-Hg-Th-Np-Lu-Rh-Pu_0_2_10,phimage_Cu-Mn-Ni-Mo-Fe-Pt-Zn-Ca-Er-Au-Cd-Co-Gd-Na-Sm-Eu-Tb-V-Ag-Nd-U-Ba-Ce-K-Ga-Cr-Al-Li-Sc-Ru-In-Mg-Zr-Dy-W-Yb-Y-Ho-Re-Be-Rb-La-Sn-Cs-Pb-Pr-Bi-Tm-Sr-Ti-Hf-Ir-Nb-Pd-Hg-Th-Np-Lu-Rh-Pu_0_2_11,phimage_Cu-Mn-Ni-Mo-Fe-Pt-Zn-Ca-Er-Au-Cd-Co-Gd-Na-Sm-Eu-Tb-V-Ag-Nd-U-Ba-Ce-K-Ga-Cr-Al-Li-Sc-Ru-In-Mg-Zr-Dy-W-Yb-Y-Ho-Re-Be-Rb-La-Sn-Cs-Pb-Pr-Bi-Tm-Sr-Ti-Hf-Ir-Nb-Pd-Hg-Th-Np-Lu-Rh-Pu_0_2_12,phimage_Cu-Mn-Ni-Mo-Fe-Pt-Zn-Ca-Er-Au-Cd-Co-Gd-Na-Sm-Eu-Tb-V-Ag-Nd-U-Ba-Ce-K-Ga-Cr-Al-Li-Sc-Ru-In-Mg-Zr-Dy-W-Yb-Y-Ho-Re-Be-Rb-La-Sn-Cs-Pb-Pr-Bi-Tm-Sr-Ti-Hf-Ir-Nb-Pd-Hg-Th-Np-Lu-Rh-Pu_0_2_13,phimage_Cu-Mn-Ni-Mo-Fe-Pt-Zn-Ca-Er-Au-Cd-Co-Gd-Na-Sm-Eu-Tb-V-Ag-Nd-U-Ba-Ce-K-Ga-Cr-Al-Li-Sc-Ru-In-Mg-Zr-Dy-W-Yb-Y-Ho-Re-Be-Rb-La-Sn-Cs-Pb-Pr-Bi-Tm-Sr-Ti-Hf-Ir-Nb-Pd-Hg-Th-Np-Lu-Rh-Pu_0_2_14,phimage_Cu-Mn-Ni-Mo-Fe-Pt-Zn-Ca-Er-Au-Cd-Co-Gd-Na-Sm-Eu-Tb-V-Ag-Nd-U-Ba-Ce-K-Ga-Cr-Al-Li-Sc-Ru-In-Mg-Zr-Dy-W-Yb-Y-Ho-Re-Be-Rb-La-Sn-Cs-Pb-Pr-Bi-Tm-Sr-Ti-Hf-Ir-Nb-Pd-Hg-Th-Np-Lu-Rh-Pu_0_2_15,phimage_Cu-Mn-Ni-Mo-Fe-Pt-Zn-Ca-Er-Au-Cd-Co-Gd-Na-Sm-Eu-Tb-V-Ag-Nd-U-Ba-Ce-K-Ga-Cr-Al-Li-Sc-Ru-In-Mg-Zr-Dy-W-Yb-Y-Ho-Re-Be-Rb-La-Sn-Cs-Pb-Pr-Bi-Tm-Sr-Ti-Hf-Ir-Nb-Pd-Hg-Th-Np-Lu-Rh-Pu_0_2_16,phimage_Cu-Mn-Ni-Mo-Fe-Pt-Zn-Ca-Er-Au-Cd-Co-Gd-Na-Sm-Eu-Tb-V-Ag-Nd-U-Ba-Ce-K-Ga-Cr-Al-Li-Sc-Ru-In-Mg-Zr-Dy-W-Yb-Y-Ho-Re-Be-Rb-La-Sn-Cs-Pb-Pr-Bi-Tm-Sr-Ti-Hf-Ir-Nb-Pd-Hg-Th-Np-Lu-Rh-Pu_0_2_17,phimage_Cu-Mn-Ni-Mo-Fe-Pt-Zn-Ca-Er-Au-Cd-Co-Gd-Na-Sm-Eu-Tb-V-Ag-Nd-U-Ba-Ce-K-Ga-Cr-Al-Li-Sc-Ru-In-Mg-Zr-Dy-W-Yb-Y-Ho-Re-Be-Rb-La-Sn-Cs-Pb-Pr-Bi-Tm-Sr-Ti-Hf-Ir-Nb-Pd-Hg-Th-Np-Lu-Rh-Pu_0_2_18,phimage_Cu-Mn-Ni-Mo-Fe-Pt-Zn-Ca-Er-Au-Cd-Co-Gd-Na-Sm-Eu-Tb-V-Ag-Nd-U-Ba-Ce-K-Ga-Cr-Al-Li-Sc-Ru-In-Mg-Zr-Dy-W-Yb-Y-Ho-Re-Be-Rb-La-Sn-Cs-Pb-Pr-Bi-Tm-Sr-Ti-Hf-Ir-Nb-Pd-Hg-Th-Np-Lu-Rh-Pu_0_2_19,phimage_Cu-Mn-Ni-Mo-Fe-Pt-Zn-Ca-Er-Au-Cd-Co-Gd-Na-Sm-Eu-Tb-V-Ag-Nd-U-Ba-Ce-K-Ga-Cr-Al-Li-Sc-Ru-In-Mg-Zr-Dy-W-Yb-Y-Ho-Re-Be-Rb-La-Sn-Cs-Pb-Pr-Bi-Tm-Sr-Ti-Hf-Ir-Nb-Pd-Hg-Th-Np-Lu-Rh-Pu_0_3_0,phimage_Cu-Mn-Ni-Mo-Fe-Pt-Zn-Ca-Er-Au-Cd-Co-Gd-Na-Sm-Eu-Tb-V-Ag-Nd-U-Ba-Ce-K-Ga-Cr-Al-Li-Sc-Ru-In-Mg-Zr-Dy-W-Yb-Y-Ho-Re-Be-Rb-La-Sn-Cs-Pb-Pr-Bi-Tm-Sr-Ti-Hf-Ir-Nb-Pd-Hg-Th-Np-Lu-Rh-Pu_0_3_1,phimage_Cu-Mn-Ni-Mo-Fe-Pt-Zn-Ca-Er-Au-Cd-Co-Gd-Na-Sm-Eu-Tb-V-Ag-Nd-U-Ba-Ce-K-Ga-Cr-Al-Li-Sc-Ru-In-Mg-Zr-Dy-W-Yb-Y-Ho-Re-Be-Rb-La-Sn-Cs-Pb-Pr-Bi-Tm-Sr-Ti-Hf-Ir-Nb-Pd-Hg-Th-Np-Lu-Rh-Pu_0_3_2,phimage_Cu-Mn-Ni-Mo-Fe-Pt-Zn-Ca-Er-Au-Cd-Co-Gd-Na-Sm-Eu-Tb-V-Ag-Nd-U-Ba-Ce-K-Ga-Cr-Al-Li-Sc-Ru-In-Mg-Zr-Dy-W-Yb-Y-Ho-Re-Be-Rb-La-Sn-Cs-Pb-Pr-Bi-Tm-Sr-Ti-Hf-Ir-Nb-Pd-Hg-Th-Np-Lu-Rh-Pu_0_3_3,phimage_Cu-Mn-Ni-Mo-Fe-Pt-Zn-Ca-Er-Au-Cd-Co-Gd-Na-Sm-Eu-Tb-V-Ag-Nd-U-Ba-Ce-K-Ga-Cr-Al-Li-Sc-Ru-In-Mg-Zr-Dy-W-Yb-Y-Ho-Re-Be-Rb-La-Sn-Cs-Pb-Pr-Bi-Tm-Sr-Ti-Hf-Ir-Nb-Pd-Hg-Th-Np-Lu-Rh-Pu_0_3_4,phimage_Cu-Mn-Ni-Mo-Fe-Pt-Zn-Ca-Er-Au-Cd-Co-Gd-Na-Sm-Eu-Tb-V-Ag-Nd-U-Ba-Ce-K-Ga-Cr-Al-Li-Sc-Ru-In-Mg-Zr-Dy-W-Yb-Y-Ho-Re-Be-Rb-La-Sn-Cs-Pb-Pr-Bi-Tm-Sr-Ti-Hf-Ir-Nb-Pd-Hg-Th-Np-Lu-Rh-Pu_0_3_5,phimage_Cu-Mn-Ni-Mo-Fe-Pt-Zn-Ca-Er-Au-Cd-Co-Gd-Na-Sm-Eu-Tb-V-Ag-Nd-U-Ba-Ce-K-Ga-Cr-Al-Li-Sc-Ru-In-Mg-Zr-Dy-W-Yb-Y-Ho-Re-Be-Rb-La-Sn-Cs-Pb-Pr-Bi-Tm-Sr-Ti-Hf-Ir-Nb-Pd-Hg-Th-Np-Lu-Rh-Pu_0_3_6,phimage_Cu-Mn-Ni-Mo-Fe-Pt-Zn-Ca-Er-Au-Cd-Co-Gd-Na-Sm-Eu-Tb-V-Ag-Nd-U-Ba-Ce-K-Ga-Cr-Al-Li-Sc-Ru-In-Mg-Zr-Dy-W-Yb-Y-Ho-Re-Be-Rb-La-Sn-Cs-Pb-Pr-Bi-Tm-Sr-Ti-Hf-Ir-Nb-Pd-Hg-Th-Np-Lu-Rh-Pu_0_3_7,phimage_Cu-Mn-Ni-Mo-Fe-Pt-Zn-Ca-Er-Au-Cd-Co-Gd-Na-Sm-Eu-Tb-V-Ag-Nd-U-Ba-Ce-K-Ga-Cr-Al-Li-Sc-Ru-In-Mg-Zr-Dy-W-Yb-Y-Ho-Re-Be-Rb-La-Sn-Cs-Pb-Pr-Bi-Tm-Sr-Ti-Hf-Ir-Nb-Pd-Hg-Th-Np-Lu-Rh-Pu_0_3_8,phimage_Cu-Mn-Ni-Mo-Fe-Pt-Zn-Ca-Er-Au-Cd-Co-Gd-Na-Sm-Eu-Tb-V-Ag-Nd-U-Ba-Ce-K-Ga-Cr-Al-Li-Sc-Ru-In-Mg-Zr-Dy-W-Yb-Y-Ho-Re-Be-Rb-La-Sn-Cs-Pb-Pr-Bi-Tm-Sr-Ti-Hf-Ir-Nb-Pd-Hg-Th-Np-Lu-Rh-Pu_0_3_9,phimage_Cu-Mn-Ni-Mo-Fe-Pt-Zn-Ca-Er-Au-Cd-Co-Gd-Na-Sm-Eu-Tb-V-Ag-Nd-U-Ba-Ce-K-Ga-Cr-Al-Li-Sc-Ru-In-Mg-Zr-Dy-W-Yb-Y-Ho-Re-Be-Rb-La-Sn-Cs-Pb-Pr-Bi-Tm-Sr-Ti-Hf-Ir-Nb-Pd-Hg-Th-Np-Lu-Rh-Pu_0_3_10,phimage_Cu-Mn-Ni-Mo-Fe-Pt-Zn-Ca-Er-Au-Cd-Co-Gd-Na-Sm-Eu-Tb-V-Ag-Nd-U-Ba-Ce-K-Ga-Cr-Al-Li-Sc-Ru-In-Mg-Zr-Dy-W-Yb-Y-Ho-Re-Be-Rb-La-Sn-Cs-Pb-Pr-Bi-Tm-Sr-Ti-Hf-Ir-Nb-Pd-Hg-Th-Np-Lu-Rh-Pu_0_3_11,phimage_Cu-Mn-Ni-Mo-Fe-Pt-Zn-Ca-Er-Au-Cd-Co-Gd-Na-Sm-Eu-Tb-V-Ag-Nd-U-Ba-Ce-K-Ga-Cr-Al-Li-Sc-Ru-In-Mg-Zr-Dy-W-Yb-Y-Ho-Re-Be-Rb-La-Sn-Cs-Pb-Pr-Bi-Tm-Sr-Ti-Hf-Ir-Nb-Pd-Hg-Th-Np-Lu-Rh-Pu_0_3_12,phimage_Cu-Mn-Ni-Mo-Fe-Pt-Zn-Ca-Er-Au-Cd-Co-Gd-Na-Sm-Eu-Tb-V-Ag-Nd-U-Ba-Ce-K-Ga-Cr-Al-Li-Sc-Ru-In-Mg-Zr-Dy-W-Yb-Y-Ho-Re-Be-Rb-La-Sn-Cs-Pb-Pr-Bi-Tm-Sr-Ti-Hf-Ir-Nb-Pd-Hg-Th-Np-Lu-Rh-Pu_0_3_13,phimage_Cu-Mn-Ni-Mo-Fe-Pt-Zn-Ca-Er-Au-Cd-Co-Gd-Na-Sm-Eu-Tb-V-Ag-Nd-U-Ba-Ce-K-Ga-Cr-Al-Li-Sc-Ru-In-Mg-Zr-Dy-W-Yb-Y-Ho-Re-Be-Rb-La-Sn-Cs-Pb-Pr-Bi-Tm-Sr-Ti-Hf-Ir-Nb-Pd-Hg-Th-Np-Lu-Rh-Pu_0_3_14,phimage_Cu-Mn-Ni-Mo-Fe-Pt-Zn-Ca-Er-Au-Cd-Co-Gd-Na-Sm-Eu-Tb-V-Ag-Nd-U-Ba-Ce-K-Ga-Cr-Al-Li-Sc-Ru-In-Mg-Zr-Dy-W-Yb-Y-Ho-Re-Be-Rb-La-Sn-Cs-Pb-Pr-Bi-Tm-Sr-Ti-Hf-Ir-Nb-Pd-Hg-Th-Np-Lu-Rh-Pu_0_3_15,phimage_Cu-Mn-Ni-Mo-Fe-Pt-Zn-Ca-Er-Au-Cd-Co-Gd-Na-Sm-Eu-Tb-V-Ag-Nd-U-Ba-Ce-K-Ga-Cr-Al-Li-Sc-Ru-In-Mg-Zr-Dy-W-Yb-Y-Ho-Re-Be-Rb-La-Sn-Cs-Pb-Pr-Bi-Tm-Sr-Ti-Hf-Ir-Nb-Pd-Hg-Th-Np-Lu-Rh-Pu_0_3_16,phimage_Cu-Mn-Ni-Mo-Fe-Pt-Zn-Ca-Er-Au-Cd-Co-Gd-Na-Sm-Eu-Tb-V-Ag-Nd-U-Ba-Ce-K-Ga-Cr-Al-Li-Sc-Ru-In-Mg-Zr-Dy-W-Yb-Y-Ho-Re-Be-Rb-La-Sn-Cs-Pb-Pr-Bi-Tm-Sr-Ti-Hf-Ir-Nb-Pd-Hg-Th-Np-Lu-Rh-Pu_0_3_17,phimage_Cu-Mn-Ni-Mo-Fe-Pt-Zn-Ca-Er-Au-Cd-Co-Gd-Na-Sm-Eu-Tb-V-Ag-Nd-U-Ba-Ce-K-Ga-Cr-Al-Li-Sc-Ru-In-Mg-Zr-Dy-W-Yb-Y-Ho-Re-Be-Rb-La-Sn-Cs-Pb-Pr-Bi-Tm-Sr-Ti-Hf-Ir-Nb-Pd-Hg-Th-Np-Lu-Rh-Pu_0_3_18,phimage_Cu-Mn-Ni-Mo-Fe-Pt-Zn-Ca-Er-Au-Cd-Co-Gd-Na-Sm-Eu-Tb-V-Ag-Nd-U-Ba-Ce-K-Ga-Cr-Al-Li-Sc-Ru-In-Mg-Zr-Dy-W-Yb-Y-Ho-Re-Be-Rb-La-Sn-Cs-Pb-Pr-Bi-Tm-Sr-Ti-Hf-Ir-Nb-Pd-Hg-Th-Np-Lu-Rh-Pu_0_3_19,phimage_Cu-Mn-Ni-Mo-Fe-Pt-Zn-Ca-Er-Au-Cd-Co-Gd-Na-Sm-Eu-Tb-V-Ag-Nd-U-Ba-Ce-K-Ga-Cr-Al-Li-Sc-Ru-In-Mg-Zr-Dy-W-Yb-Y-Ho-Re-Be-Rb-La-Sn-Cs-Pb-Pr-Bi-Tm-Sr-Ti-Hf-Ir-Nb-Pd-Hg-Th-Np-Lu-Rh-Pu_0_4_0,phimage_Cu-Mn-Ni-Mo-Fe-Pt-Zn-Ca-Er-Au-Cd-Co-Gd-Na-Sm-Eu-Tb-V-Ag-Nd-U-Ba-Ce-K-Ga-Cr-Al-Li-Sc-Ru-In-Mg-Zr-Dy-W-Yb-Y-Ho-Re-Be-Rb-La-Sn-Cs-Pb-Pr-Bi-Tm-Sr-Ti-Hf-Ir-Nb-Pd-Hg-Th-Np-Lu-Rh-Pu_0_4_1,phimage_Cu-Mn-Ni-Mo-Fe-Pt-Zn-Ca-Er-Au-Cd-Co-Gd-Na-Sm-Eu-Tb-V-Ag-Nd-U-Ba-Ce-K-Ga-Cr-Al-Li-Sc-Ru-In-Mg-Zr-Dy-W-Yb-Y-Ho-Re-Be-Rb-La-Sn-Cs-Pb-Pr-Bi-Tm-Sr-Ti-Hf-Ir-Nb-Pd-Hg-Th-Np-Lu-Rh-Pu_0_4_2,phimage_Cu-Mn-Ni-Mo-Fe-Pt-Zn-Ca-Er-Au-Cd-Co-Gd-Na-Sm-Eu-Tb-V-Ag-Nd-U-Ba-Ce-K-Ga-Cr-Al-Li-Sc-Ru-In-Mg-Zr-Dy-W-Yb-Y-Ho-Re-Be-Rb-La-Sn-Cs-Pb-Pr-Bi-Tm-Sr-Ti-Hf-Ir-Nb-Pd-Hg-Th-Np-Lu-Rh-Pu_0_4_3,phimage_Cu-Mn-Ni-Mo-Fe-Pt-Zn-Ca-Er-Au-Cd-Co-Gd-Na-Sm-Eu-Tb-V-Ag-Nd-U-Ba-Ce-K-Ga-Cr-Al-Li-Sc-Ru-In-Mg-Zr-Dy-W-Yb-Y-Ho-Re-Be-Rb-La-Sn-Cs-Pb-Pr-Bi-Tm-Sr-Ti-Hf-Ir-Nb-Pd-Hg-Th-Np-Lu-Rh-Pu_0_4_4,phimage_Cu-Mn-Ni-Mo-Fe-Pt-Zn-Ca-Er-Au-Cd-Co-Gd-Na-Sm-Eu-Tb-V-Ag-Nd-U-Ba-Ce-K-Ga-Cr-Al-Li-Sc-Ru-In-Mg-Zr-Dy-W-Yb-Y-Ho-Re-Be-Rb-La-Sn-Cs-Pb-Pr-Bi-Tm-Sr-Ti-Hf-Ir-Nb-Pd-Hg-Th-Np-Lu-Rh-Pu_0_4_5,phimage_Cu-Mn-Ni-Mo-Fe-Pt-Zn-Ca-Er-Au-Cd-Co-Gd-Na-Sm-Eu-Tb-V-Ag-Nd-U-Ba-Ce-K-Ga-Cr-Al-Li-Sc-Ru-In-Mg-Zr-Dy-W-Yb-Y-Ho-Re-Be-Rb-La-Sn-Cs-Pb-Pr-Bi-Tm-Sr-Ti-Hf-Ir-Nb-Pd-Hg-Th-Np-Lu-Rh-Pu_0_4_6,phimage_Cu-Mn-Ni-Mo-Fe-Pt-Zn-Ca-Er-Au-Cd-Co-Gd-Na-Sm-Eu-Tb-V-Ag-Nd-U-Ba-Ce-K-Ga-Cr-Al-Li-Sc-Ru-In-Mg-Zr-Dy-W-Yb-Y-Ho-Re-Be-Rb-La-Sn-Cs-Pb-Pr-Bi-Tm-Sr-Ti-Hf-Ir-Nb-Pd-Hg-Th-Np-Lu-Rh-Pu_0_4_7,phimage_Cu-Mn-Ni-Mo-Fe-Pt-Zn-Ca-Er-Au-Cd-Co-Gd-Na-Sm-Eu-Tb-V-Ag-Nd-U-Ba-Ce-K-Ga-Cr-Al-Li-Sc-Ru-In-Mg-Zr-Dy-W-Yb-Y-Ho-Re-Be-Rb-La-Sn-Cs-Pb-Pr-Bi-Tm-Sr-Ti-Hf-Ir-Nb-Pd-Hg-Th-Np-Lu-Rh-Pu_0_4_8,phimage_Cu-Mn-Ni-Mo-Fe-Pt-Zn-Ca-Er-Au-Cd-Co-Gd-Na-Sm-Eu-Tb-V-Ag-Nd-U-Ba-Ce-K-Ga-Cr-Al-Li-Sc-Ru-In-Mg-Zr-Dy-W-Yb-Y-Ho-Re-Be-Rb-La-Sn-Cs-Pb-Pr-Bi-Tm-Sr-Ti-Hf-Ir-Nb-Pd-Hg-Th-Np-Lu-Rh-Pu_0_4_9,phimage_Cu-Mn-Ni-Mo-Fe-Pt-Zn-Ca-Er-Au-Cd-Co-Gd-Na-Sm-Eu-Tb-V-Ag-Nd-U-Ba-Ce-K-Ga-Cr-Al-Li-Sc-Ru-In-Mg-Zr-Dy-W-Yb-Y-Ho-Re-Be-Rb-La-Sn-Cs-Pb-Pr-Bi-Tm-Sr-Ti-Hf-Ir-Nb-Pd-Hg-Th-Np-Lu-Rh-Pu_0_4_10,phimage_Cu-Mn-Ni-Mo-Fe-Pt-Zn-Ca-Er-Au-Cd-Co-Gd-Na-Sm-Eu-Tb-V-Ag-Nd-U-Ba-Ce-K-Ga-Cr-Al-Li-Sc-Ru-In-Mg-Zr-Dy-W-Yb-Y-Ho-Re-Be-Rb-La-Sn-Cs-Pb-Pr-Bi-Tm-Sr-Ti-Hf-Ir-Nb-Pd-Hg-Th-Np-Lu-Rh-Pu_0_4_11,phimage_Cu-Mn-Ni-Mo-Fe-Pt-Zn-Ca-Er-Au-Cd-Co-Gd-Na-Sm-Eu-Tb-V-Ag-Nd-U-Ba-Ce-K-Ga-Cr-Al-Li-Sc-Ru-In-Mg-Zr-Dy-W-Yb-Y-Ho-Re-Be-Rb-La-Sn-Cs-Pb-Pr-Bi-Tm-Sr-Ti-Hf-Ir-Nb-Pd-Hg-Th-Np-Lu-Rh-Pu_0_4_12,phimage_Cu-Mn-Ni-Mo-Fe-Pt-Zn-Ca-Er-Au-Cd-Co-Gd-Na-Sm-Eu-Tb-V-Ag-Nd-U-Ba-Ce-K-Ga-Cr-Al-Li-Sc-Ru-In-Mg-Zr-Dy-W-Yb-Y-Ho-Re-Be-Rb-La-Sn-Cs-Pb-Pr-Bi-Tm-Sr-Ti-Hf-Ir-Nb-Pd-Hg-Th-Np-Lu-Rh-Pu_0_4_13,phimage_Cu-Mn-Ni-Mo-Fe-Pt-Zn-Ca-Er-Au-Cd-Co-Gd-Na-Sm-Eu-Tb-V-Ag-Nd-U-Ba-Ce-K-Ga-Cr-Al-Li-Sc-Ru-In-Mg-Zr-Dy-W-Yb-Y-Ho-Re-Be-Rb-La-Sn-Cs-Pb-Pr-Bi-Tm-Sr-Ti-Hf-Ir-Nb-Pd-Hg-Th-Np-Lu-Rh-Pu_0_4_14,phimage_Cu-Mn-Ni-Mo-Fe-Pt-Zn-Ca-Er-Au-Cd-Co-Gd-Na-Sm-Eu-Tb-V-Ag-Nd-U-Ba-Ce-K-Ga-Cr-Al-Li-Sc-Ru-In-Mg-Zr-Dy-W-Yb-Y-Ho-Re-Be-Rb-La-Sn-Cs-Pb-Pr-Bi-Tm-Sr-Ti-Hf-Ir-Nb-Pd-Hg-Th-Np-Lu-Rh-Pu_0_4_15,phimage_Cu-Mn-Ni-Mo-Fe-Pt-Zn-Ca-Er-Au-Cd-Co-Gd-Na-Sm-Eu-Tb-V-Ag-Nd-U-Ba-Ce-K-Ga-Cr-Al-Li-Sc-Ru-In-Mg-Zr-Dy-W-Yb-Y-Ho-Re-Be-Rb-La-Sn-Cs-Pb-Pr-Bi-Tm-Sr-Ti-Hf-Ir-Nb-Pd-Hg-Th-Np-Lu-Rh-Pu_0_4_16,phimage_Cu-Mn-Ni-Mo-Fe-Pt-Zn-Ca-Er-Au-Cd-Co-Gd-Na-Sm-Eu-Tb-V-Ag-Nd-U-Ba-Ce-K-Ga-Cr-Al-Li-Sc-Ru-In-Mg-Zr-Dy-W-Yb-Y-Ho-Re-Be-Rb-La-Sn-Cs-Pb-Pr-Bi-Tm-Sr-Ti-Hf-Ir-Nb-Pd-Hg-Th-Np-Lu-Rh-Pu_0_4_17,phimage_Cu-Mn-Ni-Mo-Fe-Pt-Zn-Ca-Er-Au-Cd-Co-Gd-Na-Sm-Eu-Tb-V-Ag-Nd-U-Ba-Ce-K-Ga-Cr-Al-Li-Sc-Ru-In-Mg-Zr-Dy-W-Yb-Y-Ho-Re-Be-Rb-La-Sn-Cs-Pb-Pr-Bi-Tm-Sr-Ti-Hf-Ir-Nb-Pd-Hg-Th-Np-Lu-Rh-Pu_0_4_18,phimage_Cu-Mn-Ni-Mo-Fe-Pt-Zn-Ca-Er-Au-Cd-Co-Gd-Na-Sm-Eu-Tb-V-Ag-Nd-U-Ba-Ce-K-Ga-Cr-Al-Li-Sc-Ru-In-Mg-Zr-Dy-W-Yb-Y-Ho-Re-Be-Rb-La-Sn-Cs-Pb-Pr-Bi-Tm-Sr-Ti-Hf-Ir-Nb-Pd-Hg-Th-Np-Lu-Rh-Pu_0_4_19,phimage_Cu-Mn-Ni-Mo-Fe-Pt-Zn-Ca-Er-Au-Cd-Co-Gd-Na-Sm-Eu-Tb-V-Ag-Nd-U-Ba-Ce-K-Ga-Cr-Al-Li-Sc-Ru-In-Mg-Zr-Dy-W-Yb-Y-Ho-Re-Be-Rb-La-Sn-Cs-Pb-Pr-Bi-Tm-Sr-Ti-Hf-Ir-Nb-Pd-Hg-Th-Np-Lu-Rh-Pu_0_5_0,phimage_Cu-Mn-Ni-Mo-Fe-Pt-Zn-Ca-Er-Au-Cd-Co-Gd-Na-Sm-Eu-Tb-V-Ag-Nd-U-Ba-Ce-K-Ga-Cr-Al-Li-Sc-Ru-In-Mg-Zr-Dy-W-Yb-Y-Ho-Re-Be-Rb-La-Sn-Cs-Pb-Pr-Bi-Tm-Sr-Ti-Hf-Ir-Nb-Pd-Hg-Th-Np-Lu-Rh-Pu_0_5_1,phimage_Cu-Mn-Ni-Mo-Fe-Pt-Zn-Ca-Er-Au-Cd-Co-Gd-Na-Sm-Eu-Tb-V-Ag-Nd-U-Ba-Ce-K-Ga-Cr-Al-Li-Sc-Ru-In-Mg-Zr-Dy-W-Yb-Y-Ho-Re-Be-Rb-La-Sn-Cs-Pb-Pr-Bi-Tm-Sr-Ti-Hf-Ir-Nb-Pd-Hg-Th-Np-Lu-Rh-Pu_0_5_2,phimage_Cu-Mn-Ni-Mo-Fe-Pt-Zn-Ca-Er-Au-Cd-Co-Gd-Na-Sm-Eu-Tb-V-Ag-Nd-U-Ba-Ce-K-Ga-Cr-Al-Li-Sc-Ru-In-Mg-Zr-Dy-W-Yb-Y-Ho-Re-Be-Rb-La-Sn-Cs-Pb-Pr-Bi-Tm-Sr-Ti-Hf-Ir-Nb-Pd-Hg-Th-Np-Lu-Rh-Pu_0_5_3,phimage_Cu-Mn-Ni-Mo-Fe-Pt-Zn-Ca-Er-Au-Cd-Co-Gd-Na-Sm-Eu-Tb-V-Ag-Nd-U-Ba-Ce-K-Ga-Cr-Al-Li-Sc-Ru-In-Mg-Zr-Dy-W-Yb-Y-Ho-Re-Be-Rb-La-Sn-Cs-Pb-Pr-Bi-Tm-Sr-Ti-Hf-Ir-Nb-Pd-Hg-Th-Np-Lu-Rh-Pu_0_5_4,phimage_Cu-Mn-Ni-Mo-Fe-Pt-Zn-Ca-Er-Au-Cd-Co-Gd-Na-Sm-Eu-Tb-V-Ag-Nd-U-Ba-Ce-K-Ga-Cr-Al-Li-Sc-Ru-In-Mg-Zr-Dy-W-Yb-Y-Ho-Re-Be-Rb-La-Sn-Cs-Pb-Pr-Bi-Tm-Sr-Ti-Hf-Ir-Nb-Pd-Hg-Th-Np-Lu-Rh-Pu_0_5_5,phimage_Cu-Mn-Ni-Mo-Fe-Pt-Zn-Ca-Er-Au-Cd-Co-Gd-Na-Sm-Eu-Tb-V-Ag-Nd-U-Ba-Ce-K-Ga-Cr-Al-Li-Sc-Ru-In-Mg-Zr-Dy-W-Yb-Y-Ho-Re-Be-Rb-La-Sn-Cs-Pb-Pr-Bi-Tm-Sr-Ti-Hf-Ir-Nb-Pd-Hg-Th-Np-Lu-Rh-Pu_0_5_6,phimage_Cu-Mn-Ni-Mo-Fe-Pt-Zn-Ca-Er-Au-Cd-Co-Gd-Na-Sm-Eu-Tb-V-Ag-Nd-U-Ba-Ce-K-Ga-Cr-Al-Li-Sc-Ru-In-Mg-Zr-Dy-W-Yb-Y-Ho-Re-Be-Rb-La-Sn-Cs-Pb-Pr-Bi-Tm-Sr-Ti-Hf-Ir-Nb-Pd-Hg-Th-Np-Lu-Rh-Pu_0_5_7,phimage_Cu-Mn-Ni-Mo-Fe-Pt-Zn-Ca-Er-Au-Cd-Co-Gd-Na-Sm-Eu-Tb-V-Ag-Nd-U-Ba-Ce-K-Ga-Cr-Al-Li-Sc-Ru-In-Mg-Zr-Dy-W-Yb-Y-Ho-Re-Be-Rb-La-Sn-Cs-Pb-Pr-Bi-Tm-Sr-Ti-Hf-Ir-Nb-Pd-Hg-Th-Np-Lu-Rh-Pu_0_5_8,phimage_Cu-Mn-Ni-Mo-Fe-Pt-Zn-Ca-Er-Au-Cd-Co-Gd-Na-Sm-Eu-Tb-V-Ag-Nd-U-Ba-Ce-K-Ga-Cr-Al-Li-Sc-Ru-In-Mg-Zr-Dy-W-Yb-Y-Ho-Re-Be-Rb-La-Sn-Cs-Pb-Pr-Bi-Tm-Sr-Ti-Hf-Ir-Nb-Pd-Hg-Th-Np-Lu-Rh-Pu_0_5_9,phimage_Cu-Mn-Ni-Mo-Fe-Pt-Zn-Ca-Er-Au-Cd-Co-Gd-Na-Sm-Eu-Tb-V-Ag-Nd-U-Ba-Ce-K-Ga-Cr-Al-Li-Sc-Ru-In-Mg-Zr-Dy-W-Yb-Y-Ho-Re-Be-Rb-La-Sn-Cs-Pb-Pr-Bi-Tm-Sr-Ti-Hf-Ir-Nb-Pd-Hg-Th-Np-Lu-Rh-Pu_0_5_10,phimage_Cu-Mn-Ni-Mo-Fe-Pt-Zn-Ca-Er-Au-Cd-Co-Gd-Na-Sm-Eu-Tb-V-Ag-Nd-U-Ba-Ce-K-Ga-Cr-Al-Li-Sc-Ru-In-Mg-Zr-Dy-W-Yb-Y-Ho-Re-Be-Rb-La-Sn-Cs-Pb-Pr-Bi-Tm-Sr-Ti-Hf-Ir-Nb-Pd-Hg-Th-Np-Lu-Rh-Pu_0_5_11,phimage_Cu-Mn-Ni-Mo-Fe-Pt-Zn-Ca-Er-Au-Cd-Co-Gd-Na-Sm-Eu-Tb-V-Ag-Nd-U-Ba-Ce-K-Ga-Cr-Al-Li-Sc-Ru-In-Mg-Zr-Dy-W-Yb-Y-Ho-Re-Be-Rb-La-Sn-Cs-Pb-Pr-Bi-Tm-Sr-Ti-Hf-Ir-Nb-Pd-Hg-Th-Np-Lu-Rh-Pu_0_5_12,phimage_Cu-Mn-Ni-Mo-Fe-Pt-Zn-Ca-Er-Au-Cd-Co-Gd-Na-Sm-Eu-Tb-V-Ag-Nd-U-Ba-Ce-K-Ga-Cr-Al-Li-Sc-Ru-In-Mg-Zr-Dy-W-Yb-Y-Ho-Re-Be-Rb-La-Sn-Cs-Pb-Pr-Bi-Tm-Sr-Ti-Hf-Ir-Nb-Pd-Hg-Th-Np-Lu-Rh-Pu_0_5_13,phimage_Cu-Mn-Ni-Mo-Fe-Pt-Zn-Ca-Er-Au-Cd-Co-Gd-Na-Sm-Eu-Tb-V-Ag-Nd-U-Ba-Ce-K-Ga-Cr-Al-Li-Sc-Ru-In-Mg-Zr-Dy-W-Yb-Y-Ho-Re-Be-Rb-La-Sn-Cs-Pb-Pr-Bi-Tm-Sr-Ti-Hf-Ir-Nb-Pd-Hg-Th-Np-Lu-Rh-Pu_0_5_14,phimage_Cu-Mn-Ni-Mo-Fe-Pt-Zn-Ca-Er-Au-Cd-Co-Gd-Na-Sm-Eu-Tb-V-Ag-Nd-U-Ba-Ce-K-Ga-Cr-Al-Li-Sc-Ru-In-Mg-Zr-Dy-W-Yb-Y-Ho-Re-Be-Rb-La-Sn-Cs-Pb-Pr-Bi-Tm-Sr-Ti-Hf-Ir-Nb-Pd-Hg-Th-Np-Lu-Rh-Pu_0_5_15,phimage_Cu-Mn-Ni-Mo-Fe-Pt-Zn-Ca-Er-Au-Cd-Co-Gd-Na-Sm-Eu-Tb-V-Ag-Nd-U-Ba-Ce-K-Ga-Cr-Al-Li-Sc-Ru-In-Mg-Zr-Dy-W-Yb-Y-Ho-Re-Be-Rb-La-Sn-Cs-Pb-Pr-Bi-Tm-Sr-Ti-Hf-Ir-Nb-Pd-Hg-Th-Np-Lu-Rh-Pu_0_5_16,phimage_Cu-Mn-Ni-Mo-Fe-Pt-Zn-Ca-Er-Au-Cd-Co-Gd-Na-Sm-Eu-Tb-V-Ag-Nd-U-Ba-Ce-K-Ga-Cr-Al-Li-Sc-Ru-In-Mg-Zr-Dy-W-Yb-Y-Ho-Re-Be-Rb-La-Sn-Cs-Pb-Pr-Bi-Tm-Sr-Ti-Hf-Ir-Nb-Pd-Hg-Th-Np-Lu-Rh-Pu_0_5_17,phimage_Cu-Mn-Ni-Mo-Fe-Pt-Zn-Ca-Er-Au-Cd-Co-Gd-Na-Sm-Eu-Tb-V-Ag-Nd-U-Ba-Ce-K-Ga-Cr-Al-Li-Sc-Ru-In-Mg-Zr-Dy-W-Yb-Y-Ho-Re-Be-Rb-La-Sn-Cs-Pb-Pr-Bi-Tm-Sr-Ti-Hf-Ir-Nb-Pd-Hg-Th-Np-Lu-Rh-Pu_0_5_18,phimage_Cu-Mn-Ni-Mo-Fe-Pt-Zn-Ca-Er-Au-Cd-Co-Gd-Na-Sm-Eu-Tb-V-Ag-Nd-U-Ba-Ce-K-Ga-Cr-Al-Li-Sc-Ru-In-Mg-Zr-Dy-W-Yb-Y-Ho-Re-Be-Rb-La-Sn-Cs-Pb-Pr-Bi-Tm-Sr-Ti-Hf-Ir-Nb-Pd-Hg-Th-Np-Lu-Rh-Pu_0_5_19,phimage_Cu-Mn-Ni-Mo-Fe-Pt-Zn-Ca-Er-Au-Cd-Co-Gd-Na-Sm-Eu-Tb-V-Ag-Nd-U-Ba-Ce-K-Ga-Cr-Al-Li-Sc-Ru-In-Mg-Zr-Dy-W-Yb-Y-Ho-Re-Be-Rb-La-Sn-Cs-Pb-Pr-Bi-Tm-Sr-Ti-Hf-Ir-Nb-Pd-Hg-Th-Np-Lu-Rh-Pu_0_6_0,phimage_Cu-Mn-Ni-Mo-Fe-Pt-Zn-Ca-Er-Au-Cd-Co-Gd-Na-Sm-Eu-Tb-V-Ag-Nd-U-Ba-Ce-K-Ga-Cr-Al-Li-Sc-Ru-In-Mg-Zr-Dy-W-Yb-Y-Ho-Re-Be-Rb-La-Sn-Cs-Pb-Pr-Bi-Tm-Sr-Ti-Hf-Ir-Nb-Pd-Hg-Th-Np-Lu-Rh-Pu_0_6_1,phimage_Cu-Mn-Ni-Mo-Fe-Pt-Zn-Ca-Er-Au-Cd-Co-Gd-Na-Sm-Eu-Tb-V-Ag-Nd-U-Ba-Ce-K-Ga-Cr-Al-Li-Sc-Ru-In-Mg-Zr-Dy-W-Yb-Y-Ho-Re-Be-Rb-La-Sn-Cs-Pb-Pr-Bi-Tm-Sr-Ti-Hf-Ir-Nb-Pd-Hg-Th-Np-Lu-Rh-Pu_0_6_2,phimage_Cu-Mn-Ni-Mo-Fe-Pt-Zn-Ca-Er-Au-Cd-Co-Gd-Na-Sm-Eu-Tb-V-Ag-Nd-U-Ba-Ce-K-Ga-Cr-Al-Li-Sc-Ru-In-Mg-Zr-Dy-W-Yb-Y-Ho-Re-Be-Rb-La-Sn-Cs-Pb-Pr-Bi-Tm-Sr-Ti-Hf-Ir-Nb-Pd-Hg-Th-Np-Lu-Rh-Pu_0_6_3,phimage_Cu-Mn-Ni-Mo-Fe-Pt-Zn-Ca-Er-Au-Cd-Co-Gd-Na-Sm-Eu-Tb-V-Ag-Nd-U-Ba-Ce-K-Ga-Cr-Al-Li-Sc-Ru-In-Mg-Zr-Dy-W-Yb-Y-Ho-Re-Be-Rb-La-Sn-Cs-Pb-Pr-Bi-Tm-Sr-Ti-Hf-Ir-Nb-Pd-Hg-Th-Np-Lu-Rh-Pu_0_6_4,phimage_Cu-Mn-Ni-Mo-Fe-Pt-Zn-Ca-Er-Au-Cd-Co-Gd-Na-Sm-Eu-Tb-V-Ag-Nd-U-Ba-Ce-K-Ga-Cr-Al-Li-Sc-Ru-In-Mg-Zr-Dy-W-Yb-Y-Ho-Re-Be-Rb-La-Sn-Cs-Pb-Pr-Bi-Tm-Sr-Ti-Hf-Ir-Nb-Pd-Hg-Th-Np-Lu-Rh-Pu_0_6_5,phimage_Cu-Mn-Ni-Mo-Fe-Pt-Zn-Ca-Er-Au-Cd-Co-Gd-Na-Sm-Eu-Tb-V-Ag-Nd-U-Ba-Ce-K-Ga-Cr-Al-Li-Sc-Ru-In-Mg-Zr-Dy-W-Yb-Y-Ho-Re-Be-Rb-La-Sn-Cs-Pb-Pr-Bi-Tm-Sr-Ti-Hf-Ir-Nb-Pd-Hg-Th-Np-Lu-Rh-Pu_0_6_6,phimage_Cu-Mn-Ni-Mo-Fe-Pt-Zn-Ca-Er-Au-Cd-Co-Gd-Na-Sm-Eu-Tb-V-Ag-Nd-U-Ba-Ce-K-Ga-Cr-Al-Li-Sc-Ru-In-Mg-Zr-Dy-W-Yb-Y-Ho-Re-Be-Rb-La-Sn-Cs-Pb-Pr-Bi-Tm-Sr-Ti-Hf-Ir-Nb-Pd-Hg-Th-Np-Lu-Rh-Pu_0_6_7,phimage_Cu-Mn-Ni-Mo-Fe-Pt-Zn-Ca-Er-Au-Cd-Co-Gd-Na-Sm-Eu-Tb-V-Ag-Nd-U-Ba-Ce-K-Ga-Cr-Al-Li-Sc-Ru-In-Mg-Zr-Dy-W-Yb-Y-Ho-Re-Be-Rb-La-Sn-Cs-Pb-Pr-Bi-Tm-Sr-Ti-Hf-Ir-Nb-Pd-Hg-Th-Np-Lu-Rh-Pu_0_6_8,phimage_Cu-Mn-Ni-Mo-Fe-Pt-Zn-Ca-Er-Au-Cd-Co-Gd-Na-Sm-Eu-Tb-V-Ag-Nd-U-Ba-Ce-K-Ga-Cr-Al-Li-Sc-Ru-In-Mg-Zr-Dy-W-Yb-Y-Ho-Re-Be-Rb-La-Sn-Cs-Pb-Pr-Bi-Tm-Sr-Ti-Hf-Ir-Nb-Pd-Hg-Th-Np-Lu-Rh-Pu_0_6_9,phimage_Cu-Mn-Ni-Mo-Fe-Pt-Zn-Ca-Er-Au-Cd-Co-Gd-Na-Sm-Eu-Tb-V-Ag-Nd-U-Ba-Ce-K-Ga-Cr-Al-Li-Sc-Ru-In-Mg-Zr-Dy-W-Yb-Y-Ho-Re-Be-Rb-La-Sn-Cs-Pb-Pr-Bi-Tm-Sr-Ti-Hf-Ir-Nb-Pd-Hg-Th-Np-Lu-Rh-Pu_0_6_10,phimage_Cu-Mn-Ni-Mo-Fe-Pt-Zn-Ca-Er-Au-Cd-Co-Gd-Na-Sm-Eu-Tb-V-Ag-Nd-U-Ba-Ce-K-Ga-Cr-Al-Li-Sc-Ru-In-Mg-Zr-Dy-W-Yb-Y-Ho-Re-Be-Rb-La-Sn-Cs-Pb-Pr-Bi-Tm-Sr-Ti-Hf-Ir-Nb-Pd-Hg-Th-Np-Lu-Rh-Pu_0_6_11,phimage_Cu-Mn-Ni-Mo-Fe-Pt-Zn-Ca-Er-Au-Cd-Co-Gd-Na-Sm-Eu-Tb-V-Ag-Nd-U-Ba-Ce-K-Ga-Cr-Al-Li-Sc-Ru-In-Mg-Zr-Dy-W-Yb-Y-Ho-Re-Be-Rb-La-Sn-Cs-Pb-Pr-Bi-Tm-Sr-Ti-Hf-Ir-Nb-Pd-Hg-Th-Np-Lu-Rh-Pu_0_6_12,phimage_Cu-Mn-Ni-Mo-Fe-Pt-Zn-Ca-Er-Au-Cd-Co-Gd-Na-Sm-Eu-Tb-V-Ag-Nd-U-Ba-Ce-K-Ga-Cr-Al-Li-Sc-Ru-In-Mg-Zr-Dy-W-Yb-Y-Ho-Re-Be-Rb-La-Sn-Cs-Pb-Pr-Bi-Tm-Sr-Ti-Hf-Ir-Nb-Pd-Hg-Th-Np-Lu-Rh-Pu_0_6_13,phimage_Cu-Mn-Ni-Mo-Fe-Pt-Zn-Ca-Er-Au-Cd-Co-Gd-Na-Sm-Eu-Tb-V-Ag-Nd-U-Ba-Ce-K-Ga-Cr-Al-Li-Sc-Ru-In-Mg-Zr-Dy-W-Yb-Y-Ho-Re-Be-Rb-La-Sn-Cs-Pb-Pr-Bi-Tm-Sr-Ti-Hf-Ir-Nb-Pd-Hg-Th-Np-Lu-Rh-Pu_0_6_14,phimage_Cu-Mn-Ni-Mo-Fe-Pt-Zn-Ca-Er-Au-Cd-Co-Gd-Na-Sm-Eu-Tb-V-Ag-Nd-U-Ba-Ce-K-Ga-Cr-Al-Li-Sc-Ru-In-Mg-Zr-Dy-W-Yb-Y-Ho-Re-Be-Rb-La-Sn-Cs-Pb-Pr-Bi-Tm-Sr-Ti-Hf-Ir-Nb-Pd-Hg-Th-Np-Lu-Rh-Pu_0_6_15,phimage_Cu-Mn-Ni-Mo-Fe-Pt-Zn-Ca-Er-Au-Cd-Co-Gd-Na-Sm-Eu-Tb-V-Ag-Nd-U-Ba-Ce-K-Ga-Cr-Al-Li-Sc-Ru-In-Mg-Zr-Dy-W-Yb-Y-Ho-Re-Be-Rb-La-Sn-Cs-Pb-Pr-Bi-Tm-Sr-Ti-Hf-Ir-Nb-Pd-Hg-Th-Np-Lu-Rh-Pu_0_6_16,phimage_Cu-Mn-Ni-Mo-Fe-Pt-Zn-Ca-Er-Au-Cd-Co-Gd-Na-Sm-Eu-Tb-V-Ag-Nd-U-Ba-Ce-K-Ga-Cr-Al-Li-Sc-Ru-In-Mg-Zr-Dy-W-Yb-Y-Ho-Re-Be-Rb-La-Sn-Cs-Pb-Pr-Bi-Tm-Sr-Ti-Hf-Ir-Nb-Pd-Hg-Th-Np-Lu-Rh-Pu_0_6_17,phimage_Cu-Mn-Ni-Mo-Fe-Pt-Zn-Ca-Er-Au-Cd-Co-Gd-Na-Sm-Eu-Tb-V-Ag-Nd-U-Ba-Ce-K-Ga-Cr-Al-Li-Sc-Ru-In-Mg-Zr-Dy-W-Yb-Y-Ho-Re-Be-Rb-La-Sn-Cs-Pb-Pr-Bi-Tm-Sr-Ti-Hf-Ir-Nb-Pd-Hg-Th-Np-Lu-Rh-Pu_0_6_18,phimage_Cu-Mn-Ni-Mo-Fe-Pt-Zn-Ca-Er-Au-Cd-Co-Gd-Na-Sm-Eu-Tb-V-Ag-Nd-U-Ba-Ce-K-Ga-Cr-Al-Li-Sc-Ru-In-Mg-Zr-Dy-W-Yb-Y-Ho-Re-Be-Rb-La-Sn-Cs-Pb-Pr-Bi-Tm-Sr-Ti-Hf-Ir-Nb-Pd-Hg-Th-Np-Lu-Rh-Pu_0_6_19,phimage_Cu-Mn-Ni-Mo-Fe-Pt-Zn-Ca-Er-Au-Cd-Co-Gd-Na-Sm-Eu-Tb-V-Ag-Nd-U-Ba-Ce-K-Ga-Cr-Al-Li-Sc-Ru-In-Mg-Zr-Dy-W-Yb-Y-Ho-Re-Be-Rb-La-Sn-Cs-Pb-Pr-Bi-Tm-Sr-Ti-Hf-Ir-Nb-Pd-Hg-Th-Np-Lu-Rh-Pu_0_7_0,phimage_Cu-Mn-Ni-Mo-Fe-Pt-Zn-Ca-Er-Au-Cd-Co-Gd-Na-Sm-Eu-Tb-V-Ag-Nd-U-Ba-Ce-K-Ga-Cr-Al-Li-Sc-Ru-In-Mg-Zr-Dy-W-Yb-Y-Ho-Re-Be-Rb-La-Sn-Cs-Pb-Pr-Bi-Tm-Sr-Ti-Hf-Ir-Nb-Pd-Hg-Th-Np-Lu-Rh-Pu_0_7_1,phimage_Cu-Mn-Ni-Mo-Fe-Pt-Zn-Ca-Er-Au-Cd-Co-Gd-Na-Sm-Eu-Tb-V-Ag-Nd-U-Ba-Ce-K-Ga-Cr-Al-Li-Sc-Ru-In-Mg-Zr-Dy-W-Yb-Y-Ho-Re-Be-Rb-La-Sn-Cs-Pb-Pr-Bi-Tm-Sr-Ti-Hf-Ir-Nb-Pd-Hg-Th-Np-Lu-Rh-Pu_0_7_2,phimage_Cu-Mn-Ni-Mo-Fe-Pt-Zn-Ca-Er-Au-Cd-Co-Gd-Na-Sm-Eu-Tb-V-Ag-Nd-U-Ba-Ce-K-Ga-Cr-Al-Li-Sc-Ru-In-Mg-Zr-Dy-W-Yb-Y-Ho-Re-Be-Rb-La-Sn-Cs-Pb-Pr-Bi-Tm-Sr-Ti-Hf-Ir-Nb-Pd-Hg-Th-Np-Lu-Rh-Pu_0_7_3,phimage_Cu-Mn-Ni-Mo-Fe-Pt-Zn-Ca-Er-Au-Cd-Co-Gd-Na-Sm-Eu-Tb-V-Ag-Nd-U-Ba-Ce-K-Ga-Cr-Al-Li-Sc-Ru-In-Mg-Zr-Dy-W-Yb-Y-Ho-Re-Be-Rb-La-Sn-Cs-Pb-Pr-Bi-Tm-Sr-Ti-Hf-Ir-Nb-Pd-Hg-Th-Np-Lu-Rh-Pu_0_7_4,phimage_Cu-Mn-Ni-Mo-Fe-Pt-Zn-Ca-Er-Au-Cd-Co-Gd-Na-Sm-Eu-Tb-V-Ag-Nd-U-Ba-Ce-K-Ga-Cr-Al-Li-Sc-Ru-In-Mg-Zr-Dy-W-Yb-Y-Ho-Re-Be-Rb-La-Sn-Cs-Pb-Pr-Bi-Tm-Sr-Ti-Hf-Ir-Nb-Pd-Hg-Th-Np-Lu-Rh-Pu_0_7_5,phimage_Cu-Mn-Ni-Mo-Fe-Pt-Zn-Ca-Er-Au-Cd-Co-Gd-Na-Sm-Eu-Tb-V-Ag-Nd-U-Ba-Ce-K-Ga-Cr-Al-Li-Sc-Ru-In-Mg-Zr-Dy-W-Yb-Y-Ho-Re-Be-Rb-La-Sn-Cs-Pb-Pr-Bi-Tm-Sr-Ti-Hf-Ir-Nb-Pd-Hg-Th-Np-Lu-Rh-Pu_0_7_6,phimage_Cu-Mn-Ni-Mo-Fe-Pt-Zn-Ca-Er-Au-Cd-Co-Gd-Na-Sm-Eu-Tb-V-Ag-Nd-U-Ba-Ce-K-Ga-Cr-Al-Li-Sc-Ru-In-Mg-Zr-Dy-W-Yb-Y-Ho-Re-Be-Rb-La-Sn-Cs-Pb-Pr-Bi-Tm-Sr-Ti-Hf-Ir-Nb-Pd-Hg-Th-Np-Lu-Rh-Pu_0_7_7,phimage_Cu-Mn-Ni-Mo-Fe-Pt-Zn-Ca-Er-Au-Cd-Co-Gd-Na-Sm-Eu-Tb-V-Ag-Nd-U-Ba-Ce-K-Ga-Cr-Al-Li-Sc-Ru-In-Mg-Zr-Dy-W-Yb-Y-Ho-Re-Be-Rb-La-Sn-Cs-Pb-Pr-Bi-Tm-Sr-Ti-Hf-Ir-Nb-Pd-Hg-Th-Np-Lu-Rh-Pu_0_7_8,phimage_Cu-Mn-Ni-Mo-Fe-Pt-Zn-Ca-Er-Au-Cd-Co-Gd-Na-Sm-Eu-Tb-V-Ag-Nd-U-Ba-Ce-K-Ga-Cr-Al-Li-Sc-Ru-In-Mg-Zr-Dy-W-Yb-Y-Ho-Re-Be-Rb-La-Sn-Cs-Pb-Pr-Bi-Tm-Sr-Ti-Hf-Ir-Nb-Pd-Hg-Th-Np-Lu-Rh-Pu_0_7_9,phimage_Cu-Mn-Ni-Mo-Fe-Pt-Zn-Ca-Er-Au-Cd-Co-Gd-Na-Sm-Eu-Tb-V-Ag-Nd-U-Ba-Ce-K-Ga-Cr-Al-Li-Sc-Ru-In-Mg-Zr-Dy-W-Yb-Y-Ho-Re-Be-Rb-La-Sn-Cs-Pb-Pr-Bi-Tm-Sr-Ti-Hf-Ir-Nb-Pd-Hg-Th-Np-Lu-Rh-Pu_0_7_10,phimage_Cu-Mn-Ni-Mo-Fe-Pt-Zn-Ca-Er-Au-Cd-Co-Gd-Na-Sm-Eu-Tb-V-Ag-Nd-U-Ba-Ce-K-Ga-Cr-Al-Li-Sc-Ru-In-Mg-Zr-Dy-W-Yb-Y-Ho-Re-Be-Rb-La-Sn-Cs-Pb-Pr-Bi-Tm-Sr-Ti-Hf-Ir-Nb-Pd-Hg-Th-Np-Lu-Rh-Pu_0_7_11,phimage_Cu-Mn-Ni-Mo-Fe-Pt-Zn-Ca-Er-Au-Cd-Co-Gd-Na-Sm-Eu-Tb-V-Ag-Nd-U-Ba-Ce-K-Ga-Cr-Al-Li-Sc-Ru-In-Mg-Zr-Dy-W-Yb-Y-Ho-Re-Be-Rb-La-Sn-Cs-Pb-Pr-Bi-Tm-Sr-Ti-Hf-Ir-Nb-Pd-Hg-Th-Np-Lu-Rh-Pu_0_7_12,phimage_Cu-Mn-Ni-Mo-Fe-Pt-Zn-Ca-Er-Au-Cd-Co-Gd-Na-Sm-Eu-Tb-V-Ag-Nd-U-Ba-Ce-K-Ga-Cr-Al-Li-Sc-Ru-In-Mg-Zr-Dy-W-Yb-Y-Ho-Re-Be-Rb-La-Sn-Cs-Pb-Pr-Bi-Tm-Sr-Ti-Hf-Ir-Nb-Pd-Hg-Th-Np-Lu-Rh-Pu_0_7_13,phimage_Cu-Mn-Ni-Mo-Fe-Pt-Zn-Ca-Er-Au-Cd-Co-Gd-Na-Sm-Eu-Tb-V-Ag-Nd-U-Ba-Ce-K-Ga-Cr-Al-Li-Sc-Ru-In-Mg-Zr-Dy-W-Yb-Y-Ho-Re-Be-Rb-La-Sn-Cs-Pb-Pr-Bi-Tm-Sr-Ti-Hf-Ir-Nb-Pd-Hg-Th-Np-Lu-Rh-Pu_0_7_14,phimage_Cu-Mn-Ni-Mo-Fe-Pt-Zn-Ca-Er-Au-Cd-Co-Gd-Na-Sm-Eu-Tb-V-Ag-Nd-U-Ba-Ce-K-Ga-Cr-Al-Li-Sc-Ru-In-Mg-Zr-Dy-W-Yb-Y-Ho-Re-Be-Rb-La-Sn-Cs-Pb-Pr-Bi-Tm-Sr-Ti-Hf-Ir-Nb-Pd-Hg-Th-Np-Lu-Rh-Pu_0_7_15,phimage_Cu-Mn-Ni-Mo-Fe-Pt-Zn-Ca-Er-Au-Cd-Co-Gd-Na-Sm-Eu-Tb-V-Ag-Nd-U-Ba-Ce-K-Ga-Cr-Al-Li-Sc-Ru-In-Mg-Zr-Dy-W-Yb-Y-Ho-Re-Be-Rb-La-Sn-Cs-Pb-Pr-Bi-Tm-Sr-Ti-Hf-Ir-Nb-Pd-Hg-Th-Np-Lu-Rh-Pu_0_7_16,phimage_Cu-Mn-Ni-Mo-Fe-Pt-Zn-Ca-Er-Au-Cd-Co-Gd-Na-Sm-Eu-Tb-V-Ag-Nd-U-Ba-Ce-K-Ga-Cr-Al-Li-Sc-Ru-In-Mg-Zr-Dy-W-Yb-Y-Ho-Re-Be-Rb-La-Sn-Cs-Pb-Pr-Bi-Tm-Sr-Ti-Hf-Ir-Nb-Pd-Hg-Th-Np-Lu-Rh-Pu_0_7_17,phimage_Cu-Mn-Ni-Mo-Fe-Pt-Zn-Ca-Er-Au-Cd-Co-Gd-Na-Sm-Eu-Tb-V-Ag-Nd-U-Ba-Ce-K-Ga-Cr-Al-Li-Sc-Ru-In-Mg-Zr-Dy-W-Yb-Y-Ho-Re-Be-Rb-La-Sn-Cs-Pb-Pr-Bi-Tm-Sr-Ti-Hf-Ir-Nb-Pd-Hg-Th-Np-Lu-Rh-Pu_0_7_18,phimage_Cu-Mn-Ni-Mo-Fe-Pt-Zn-Ca-Er-Au-Cd-Co-Gd-Na-Sm-Eu-Tb-V-Ag-Nd-U-Ba-Ce-K-Ga-Cr-Al-Li-Sc-Ru-In-Mg-Zr-Dy-W-Yb-Y-Ho-Re-Be-Rb-La-Sn-Cs-Pb-Pr-Bi-Tm-Sr-Ti-Hf-Ir-Nb-Pd-Hg-Th-Np-Lu-Rh-Pu_0_7_19,phimage_Cu-Mn-Ni-Mo-Fe-Pt-Zn-Ca-Er-Au-Cd-Co-Gd-Na-Sm-Eu-Tb-V-Ag-Nd-U-Ba-Ce-K-Ga-Cr-Al-Li-Sc-Ru-In-Mg-Zr-Dy-W-Yb-Y-Ho-Re-Be-Rb-La-Sn-Cs-Pb-Pr-Bi-Tm-Sr-Ti-Hf-Ir-Nb-Pd-Hg-Th-Np-Lu-Rh-Pu_0_8_0,phimage_Cu-Mn-Ni-Mo-Fe-Pt-Zn-Ca-Er-Au-Cd-Co-Gd-Na-Sm-Eu-Tb-V-Ag-Nd-U-Ba-Ce-K-Ga-Cr-Al-Li-Sc-Ru-In-Mg-Zr-Dy-W-Yb-Y-Ho-Re-Be-Rb-La-Sn-Cs-Pb-Pr-Bi-Tm-Sr-Ti-Hf-Ir-Nb-Pd-Hg-Th-Np-Lu-Rh-Pu_0_8_1,phimage_Cu-Mn-Ni-Mo-Fe-Pt-Zn-Ca-Er-Au-Cd-Co-Gd-Na-Sm-Eu-Tb-V-Ag-Nd-U-Ba-Ce-K-Ga-Cr-Al-Li-Sc-Ru-In-Mg-Zr-Dy-W-Yb-Y-Ho-Re-Be-Rb-La-Sn-Cs-Pb-Pr-Bi-Tm-Sr-Ti-Hf-Ir-Nb-Pd-Hg-Th-Np-Lu-Rh-Pu_0_8_2,phimage_Cu-Mn-Ni-Mo-Fe-Pt-Zn-Ca-Er-Au-Cd-Co-Gd-Na-Sm-Eu-Tb-V-Ag-Nd-U-Ba-Ce-K-Ga-Cr-Al-Li-Sc-Ru-In-Mg-Zr-Dy-W-Yb-Y-Ho-Re-Be-Rb-La-Sn-Cs-Pb-Pr-Bi-Tm-Sr-Ti-Hf-Ir-Nb-Pd-Hg-Th-Np-Lu-Rh-Pu_0_8_3,phimage_Cu-Mn-Ni-Mo-Fe-Pt-Zn-Ca-Er-Au-Cd-Co-Gd-Na-Sm-Eu-Tb-V-Ag-Nd-U-Ba-Ce-K-Ga-Cr-Al-Li-Sc-Ru-In-Mg-Zr-Dy-W-Yb-Y-Ho-Re-Be-Rb-La-Sn-Cs-Pb-Pr-Bi-Tm-Sr-Ti-Hf-Ir-Nb-Pd-Hg-Th-Np-Lu-Rh-Pu_0_8_4,phimage_Cu-Mn-Ni-Mo-Fe-Pt-Zn-Ca-Er-Au-Cd-Co-Gd-Na-Sm-Eu-Tb-V-Ag-Nd-U-Ba-Ce-K-Ga-Cr-Al-Li-Sc-Ru-In-Mg-Zr-Dy-W-Yb-Y-Ho-Re-Be-Rb-La-Sn-Cs-Pb-Pr-Bi-Tm-Sr-Ti-Hf-Ir-Nb-Pd-Hg-Th-Np-Lu-Rh-Pu_0_8_5,phimage_Cu-Mn-Ni-Mo-Fe-Pt-Zn-Ca-Er-Au-Cd-Co-Gd-Na-Sm-Eu-Tb-V-Ag-Nd-U-Ba-Ce-K-Ga-Cr-Al-Li-Sc-Ru-In-Mg-Zr-Dy-W-Yb-Y-Ho-Re-Be-Rb-La-Sn-Cs-Pb-Pr-Bi-Tm-Sr-Ti-Hf-Ir-Nb-Pd-Hg-Th-Np-Lu-Rh-Pu_0_8_6,phimage_Cu-Mn-Ni-Mo-Fe-Pt-Zn-Ca-Er-Au-Cd-Co-Gd-Na-Sm-Eu-Tb-V-Ag-Nd-U-Ba-Ce-K-Ga-Cr-Al-Li-Sc-Ru-In-Mg-Zr-Dy-W-Yb-Y-Ho-Re-Be-Rb-La-Sn-Cs-Pb-Pr-Bi-Tm-Sr-Ti-Hf-Ir-Nb-Pd-Hg-Th-Np-Lu-Rh-Pu_0_8_7,phimage_Cu-Mn-Ni-Mo-Fe-Pt-Zn-Ca-Er-Au-Cd-Co-Gd-Na-Sm-Eu-Tb-V-Ag-Nd-U-Ba-Ce-K-Ga-Cr-Al-Li-Sc-Ru-In-Mg-Zr-Dy-W-Yb-Y-Ho-Re-Be-Rb-La-Sn-Cs-Pb-Pr-Bi-Tm-Sr-Ti-Hf-Ir-Nb-Pd-Hg-Th-Np-Lu-Rh-Pu_0_8_8,phimage_Cu-Mn-Ni-Mo-Fe-Pt-Zn-Ca-Er-Au-Cd-Co-Gd-Na-Sm-Eu-Tb-V-Ag-Nd-U-Ba-Ce-K-Ga-Cr-Al-Li-Sc-Ru-In-Mg-Zr-Dy-W-Yb-Y-Ho-Re-Be-Rb-La-Sn-Cs-Pb-Pr-Bi-Tm-Sr-Ti-Hf-Ir-Nb-Pd-Hg-Th-Np-Lu-Rh-Pu_0_8_9,phimage_Cu-Mn-Ni-Mo-Fe-Pt-Zn-Ca-Er-Au-Cd-Co-Gd-Na-Sm-Eu-Tb-V-Ag-Nd-U-Ba-Ce-K-Ga-Cr-Al-Li-Sc-Ru-In-Mg-Zr-Dy-W-Yb-Y-Ho-Re-Be-Rb-La-Sn-Cs-Pb-Pr-Bi-Tm-Sr-Ti-Hf-Ir-Nb-Pd-Hg-Th-Np-Lu-Rh-Pu_0_8_10,phimage_Cu-Mn-Ni-Mo-Fe-Pt-Zn-Ca-Er-Au-Cd-Co-Gd-Na-Sm-Eu-Tb-V-Ag-Nd-U-Ba-Ce-K-Ga-Cr-Al-Li-Sc-Ru-In-Mg-Zr-Dy-W-Yb-Y-Ho-Re-Be-Rb-La-Sn-Cs-Pb-Pr-Bi-Tm-Sr-Ti-Hf-Ir-Nb-Pd-Hg-Th-Np-Lu-Rh-Pu_0_8_11,phimage_Cu-Mn-Ni-Mo-Fe-Pt-Zn-Ca-Er-Au-Cd-Co-Gd-Na-Sm-Eu-Tb-V-Ag-Nd-U-Ba-Ce-K-Ga-Cr-Al-Li-Sc-Ru-In-Mg-Zr-Dy-W-Yb-Y-Ho-Re-Be-Rb-La-Sn-Cs-Pb-Pr-Bi-Tm-Sr-Ti-Hf-Ir-Nb-Pd-Hg-Th-Np-Lu-Rh-Pu_0_8_12,phimage_Cu-Mn-Ni-Mo-Fe-Pt-Zn-Ca-Er-Au-Cd-Co-Gd-Na-Sm-Eu-Tb-V-Ag-Nd-U-Ba-Ce-K-Ga-Cr-Al-Li-Sc-Ru-In-Mg-Zr-Dy-W-Yb-Y-Ho-Re-Be-Rb-La-Sn-Cs-Pb-Pr-Bi-Tm-Sr-Ti-Hf-Ir-Nb-Pd-Hg-Th-Np-Lu-Rh-Pu_0_8_13,phimage_Cu-Mn-Ni-Mo-Fe-Pt-Zn-Ca-Er-Au-Cd-Co-Gd-Na-Sm-Eu-Tb-V-Ag-Nd-U-Ba-Ce-K-Ga-Cr-Al-Li-Sc-Ru-In-Mg-Zr-Dy-W-Yb-Y-Ho-Re-Be-Rb-La-Sn-Cs-Pb-Pr-Bi-Tm-Sr-Ti-Hf-Ir-Nb-Pd-Hg-Th-Np-Lu-Rh-Pu_0_8_14,phimage_Cu-Mn-Ni-Mo-Fe-Pt-Zn-Ca-Er-Au-Cd-Co-Gd-Na-Sm-Eu-Tb-V-Ag-Nd-U-Ba-Ce-K-Ga-Cr-Al-Li-Sc-Ru-In-Mg-Zr-Dy-W-Yb-Y-Ho-Re-Be-Rb-La-Sn-Cs-Pb-Pr-Bi-Tm-Sr-Ti-Hf-Ir-Nb-Pd-Hg-Th-Np-Lu-Rh-Pu_0_8_15,phimage_Cu-Mn-Ni-Mo-Fe-Pt-Zn-Ca-Er-Au-Cd-Co-Gd-Na-Sm-Eu-Tb-V-Ag-Nd-U-Ba-Ce-K-Ga-Cr-Al-Li-Sc-Ru-In-Mg-Zr-Dy-W-Yb-Y-Ho-Re-Be-Rb-La-Sn-Cs-Pb-Pr-Bi-Tm-Sr-Ti-Hf-Ir-Nb-Pd-Hg-Th-Np-Lu-Rh-Pu_0_8_16,phimage_Cu-Mn-Ni-Mo-Fe-Pt-Zn-Ca-Er-Au-Cd-Co-Gd-Na-Sm-Eu-Tb-V-Ag-Nd-U-Ba-Ce-K-Ga-Cr-Al-Li-Sc-Ru-In-Mg-Zr-Dy-W-Yb-Y-Ho-Re-Be-Rb-La-Sn-Cs-Pb-Pr-Bi-Tm-Sr-Ti-Hf-Ir-Nb-Pd-Hg-Th-Np-Lu-Rh-Pu_0_8_17,phimage_Cu-Mn-Ni-Mo-Fe-Pt-Zn-Ca-Er-Au-Cd-Co-Gd-Na-Sm-Eu-Tb-V-Ag-Nd-U-Ba-Ce-K-Ga-Cr-Al-Li-Sc-Ru-In-Mg-Zr-Dy-W-Yb-Y-Ho-Re-Be-Rb-La-Sn-Cs-Pb-Pr-Bi-Tm-Sr-Ti-Hf-Ir-Nb-Pd-Hg-Th-Np-Lu-Rh-Pu_0_8_18,phimage_Cu-Mn-Ni-Mo-Fe-Pt-Zn-Ca-Er-Au-Cd-Co-Gd-Na-Sm-Eu-Tb-V-Ag-Nd-U-Ba-Ce-K-Ga-Cr-Al-Li-Sc-Ru-In-Mg-Zr-Dy-W-Yb-Y-Ho-Re-Be-Rb-La-Sn-Cs-Pb-Pr-Bi-Tm-Sr-Ti-Hf-Ir-Nb-Pd-Hg-Th-Np-Lu-Rh-Pu_0_8_19,phimage_Cu-Mn-Ni-Mo-Fe-Pt-Zn-Ca-Er-Au-Cd-Co-Gd-Na-Sm-Eu-Tb-V-Ag-Nd-U-Ba-Ce-K-Ga-Cr-Al-Li-Sc-Ru-In-Mg-Zr-Dy-W-Yb-Y-Ho-Re-Be-Rb-La-Sn-Cs-Pb-Pr-Bi-Tm-Sr-Ti-Hf-Ir-Nb-Pd-Hg-Th-Np-Lu-Rh-Pu_0_9_0,phimage_Cu-Mn-Ni-Mo-Fe-Pt-Zn-Ca-Er-Au-Cd-Co-Gd-Na-Sm-Eu-Tb-V-Ag-Nd-U-Ba-Ce-K-Ga-Cr-Al-Li-Sc-Ru-In-Mg-Zr-Dy-W-Yb-Y-Ho-Re-Be-Rb-La-Sn-Cs-Pb-Pr-Bi-Tm-Sr-Ti-Hf-Ir-Nb-Pd-Hg-Th-Np-Lu-Rh-Pu_0_9_1,phimage_Cu-Mn-Ni-Mo-Fe-Pt-Zn-Ca-Er-Au-Cd-Co-Gd-Na-Sm-Eu-Tb-V-Ag-Nd-U-Ba-Ce-K-Ga-Cr-Al-Li-Sc-Ru-In-Mg-Zr-Dy-W-Yb-Y-Ho-Re-Be-Rb-La-Sn-Cs-Pb-Pr-Bi-Tm-Sr-Ti-Hf-Ir-Nb-Pd-Hg-Th-Np-Lu-Rh-Pu_0_9_2,phimage_Cu-Mn-Ni-Mo-Fe-Pt-Zn-Ca-Er-Au-Cd-Co-Gd-Na-Sm-Eu-Tb-V-Ag-Nd-U-Ba-Ce-K-Ga-Cr-Al-Li-Sc-Ru-In-Mg-Zr-Dy-W-Yb-Y-Ho-Re-Be-Rb-La-Sn-Cs-Pb-Pr-Bi-Tm-Sr-Ti-Hf-Ir-Nb-Pd-Hg-Th-Np-Lu-Rh-Pu_0_9_3,phimage_Cu-Mn-Ni-Mo-Fe-Pt-Zn-Ca-Er-Au-Cd-Co-Gd-Na-Sm-Eu-Tb-V-Ag-Nd-U-Ba-Ce-K-Ga-Cr-Al-Li-Sc-Ru-In-Mg-Zr-Dy-W-Yb-Y-Ho-Re-Be-Rb-La-Sn-Cs-Pb-Pr-Bi-Tm-Sr-Ti-Hf-Ir-Nb-Pd-Hg-Th-Np-Lu-Rh-Pu_0_9_4,phimage_Cu-Mn-Ni-Mo-Fe-Pt-Zn-Ca-Er-Au-Cd-Co-Gd-Na-Sm-Eu-Tb-V-Ag-Nd-U-Ba-Ce-K-Ga-Cr-Al-Li-Sc-Ru-In-Mg-Zr-Dy-W-Yb-Y-Ho-Re-Be-Rb-La-Sn-Cs-Pb-Pr-Bi-Tm-Sr-Ti-Hf-Ir-Nb-Pd-Hg-Th-Np-Lu-Rh-Pu_0_9_5,phimage_Cu-Mn-Ni-Mo-Fe-Pt-Zn-Ca-Er-Au-Cd-Co-Gd-Na-Sm-Eu-Tb-V-Ag-Nd-U-Ba-Ce-K-Ga-Cr-Al-Li-Sc-Ru-In-Mg-Zr-Dy-W-Yb-Y-Ho-Re-Be-Rb-La-Sn-Cs-Pb-Pr-Bi-Tm-Sr-Ti-Hf-Ir-Nb-Pd-Hg-Th-Np-Lu-Rh-Pu_0_9_6,phimage_Cu-Mn-Ni-Mo-Fe-Pt-Zn-Ca-Er-Au-Cd-Co-Gd-Na-Sm-Eu-Tb-V-Ag-Nd-U-Ba-Ce-K-Ga-Cr-Al-Li-Sc-Ru-In-Mg-Zr-Dy-W-Yb-Y-Ho-Re-Be-Rb-La-Sn-Cs-Pb-Pr-Bi-Tm-Sr-Ti-Hf-Ir-Nb-Pd-Hg-Th-Np-Lu-Rh-Pu_0_9_7,phimage_Cu-Mn-Ni-Mo-Fe-Pt-Zn-Ca-Er-Au-Cd-Co-Gd-Na-Sm-Eu-Tb-V-Ag-Nd-U-Ba-Ce-K-Ga-Cr-Al-Li-Sc-Ru-In-Mg-Zr-Dy-W-Yb-Y-Ho-Re-Be-Rb-La-Sn-Cs-Pb-Pr-Bi-Tm-Sr-Ti-Hf-Ir-Nb-Pd-Hg-Th-Np-Lu-Rh-Pu_0_9_8,phimage_Cu-Mn-Ni-Mo-Fe-Pt-Zn-Ca-Er-Au-Cd-Co-Gd-Na-Sm-Eu-Tb-V-Ag-Nd-U-Ba-Ce-K-Ga-Cr-Al-Li-Sc-Ru-In-Mg-Zr-Dy-W-Yb-Y-Ho-Re-Be-Rb-La-Sn-Cs-Pb-Pr-Bi-Tm-Sr-Ti-Hf-Ir-Nb-Pd-Hg-Th-Np-Lu-Rh-Pu_0_9_9,phimage_Cu-Mn-Ni-Mo-Fe-Pt-Zn-Ca-Er-Au-Cd-Co-Gd-Na-Sm-Eu-Tb-V-Ag-Nd-U-Ba-Ce-K-Ga-Cr-Al-Li-Sc-Ru-In-Mg-Zr-Dy-W-Yb-Y-Ho-Re-Be-Rb-La-Sn-Cs-Pb-Pr-Bi-Tm-Sr-Ti-Hf-Ir-Nb-Pd-Hg-Th-Np-Lu-Rh-Pu_0_9_10,phimage_Cu-Mn-Ni-Mo-Fe-Pt-Zn-Ca-Er-Au-Cd-Co-Gd-Na-Sm-Eu-Tb-V-Ag-Nd-U-Ba-Ce-K-Ga-Cr-Al-Li-Sc-Ru-In-Mg-Zr-Dy-W-Yb-Y-Ho-Re-Be-Rb-La-Sn-Cs-Pb-Pr-Bi-Tm-Sr-Ti-Hf-Ir-Nb-Pd-Hg-Th-Np-Lu-Rh-Pu_0_9_11,phimage_Cu-Mn-Ni-Mo-Fe-Pt-Zn-Ca-Er-Au-Cd-Co-Gd-Na-Sm-Eu-Tb-V-Ag-Nd-U-Ba-Ce-K-Ga-Cr-Al-Li-Sc-Ru-In-Mg-Zr-Dy-W-Yb-Y-Ho-Re-Be-Rb-La-Sn-Cs-Pb-Pr-Bi-Tm-Sr-Ti-Hf-Ir-Nb-Pd-Hg-Th-Np-Lu-Rh-Pu_0_9_12,phimage_Cu-Mn-Ni-Mo-Fe-Pt-Zn-Ca-Er-Au-Cd-Co-Gd-Na-Sm-Eu-Tb-V-Ag-Nd-U-Ba-Ce-K-Ga-Cr-Al-Li-Sc-Ru-In-Mg-Zr-Dy-W-Yb-Y-Ho-Re-Be-Rb-La-Sn-Cs-Pb-Pr-Bi-Tm-Sr-Ti-Hf-Ir-Nb-Pd-Hg-Th-Np-Lu-Rh-Pu_0_9_13,phimage_Cu-Mn-Ni-Mo-Fe-Pt-Zn-Ca-Er-Au-Cd-Co-Gd-Na-Sm-Eu-Tb-V-Ag-Nd-U-Ba-Ce-K-Ga-Cr-Al-Li-Sc-Ru-In-Mg-Zr-Dy-W-Yb-Y-Ho-Re-Be-Rb-La-Sn-Cs-Pb-Pr-Bi-Tm-Sr-Ti-Hf-Ir-Nb-Pd-Hg-Th-Np-Lu-Rh-Pu_0_9_14,phimage_Cu-Mn-Ni-Mo-Fe-Pt-Zn-Ca-Er-Au-Cd-Co-Gd-Na-Sm-Eu-Tb-V-Ag-Nd-U-Ba-Ce-K-Ga-Cr-Al-Li-Sc-Ru-In-Mg-Zr-Dy-W-Yb-Y-Ho-Re-Be-Rb-La-Sn-Cs-Pb-Pr-Bi-Tm-Sr-Ti-Hf-Ir-Nb-Pd-Hg-Th-Np-Lu-Rh-Pu_0_9_15,phimage_Cu-Mn-Ni-Mo-Fe-Pt-Zn-Ca-Er-Au-Cd-Co-Gd-Na-Sm-Eu-Tb-V-Ag-Nd-U-Ba-Ce-K-Ga-Cr-Al-Li-Sc-Ru-In-Mg-Zr-Dy-W-Yb-Y-Ho-Re-Be-Rb-La-Sn-Cs-Pb-Pr-Bi-Tm-Sr-Ti-Hf-Ir-Nb-Pd-Hg-Th-Np-Lu-Rh-Pu_0_9_16,phimage_Cu-Mn-Ni-Mo-Fe-Pt-Zn-Ca-Er-Au-Cd-Co-Gd-Na-Sm-Eu-Tb-V-Ag-Nd-U-Ba-Ce-K-Ga-Cr-Al-Li-Sc-Ru-In-Mg-Zr-Dy-W-Yb-Y-Ho-Re-Be-Rb-La-Sn-Cs-Pb-Pr-Bi-Tm-Sr-Ti-Hf-Ir-Nb-Pd-Hg-Th-Np-Lu-Rh-Pu_0_9_17,phimage_Cu-Mn-Ni-Mo-Fe-Pt-Zn-Ca-Er-Au-Cd-Co-Gd-Na-Sm-Eu-Tb-V-Ag-Nd-U-Ba-Ce-K-Ga-Cr-Al-Li-Sc-Ru-In-Mg-Zr-Dy-W-Yb-Y-Ho-Re-Be-Rb-La-Sn-Cs-Pb-Pr-Bi-Tm-Sr-Ti-Hf-Ir-Nb-Pd-Hg-Th-Np-Lu-Rh-Pu_0_9_18,phimage_Cu-Mn-Ni-Mo-Fe-Pt-Zn-Ca-Er-Au-Cd-Co-Gd-Na-Sm-Eu-Tb-V-Ag-Nd-U-Ba-Ce-K-Ga-Cr-Al-Li-Sc-Ru-In-Mg-Zr-Dy-W-Yb-Y-Ho-Re-Be-Rb-La-Sn-Cs-Pb-Pr-Bi-Tm-Sr-Ti-Hf-Ir-Nb-Pd-Hg-Th-Np-Lu-Rh-Pu_0_9_19,phimage_Cu-Mn-Ni-Mo-Fe-Pt-Zn-Ca-Er-Au-Cd-Co-Gd-Na-Sm-Eu-Tb-V-Ag-Nd-U-Ba-Ce-K-Ga-Cr-Al-Li-Sc-Ru-In-Mg-Zr-Dy-W-Yb-Y-Ho-Re-Be-Rb-La-Sn-Cs-Pb-Pr-Bi-Tm-Sr-Ti-Hf-Ir-Nb-Pd-Hg-Th-Np-Lu-Rh-Pu_0_10_0,phimage_Cu-Mn-Ni-Mo-Fe-Pt-Zn-Ca-Er-Au-Cd-Co-Gd-Na-Sm-Eu-Tb-V-Ag-Nd-U-Ba-Ce-K-Ga-Cr-Al-Li-Sc-Ru-In-Mg-Zr-Dy-W-Yb-Y-Ho-Re-Be-Rb-La-Sn-Cs-Pb-Pr-Bi-Tm-Sr-Ti-Hf-Ir-Nb-Pd-Hg-Th-Np-Lu-Rh-Pu_0_10_1,phimage_Cu-Mn-Ni-Mo-Fe-Pt-Zn-Ca-Er-Au-Cd-Co-Gd-Na-Sm-Eu-Tb-V-Ag-Nd-U-Ba-Ce-K-Ga-Cr-Al-Li-Sc-Ru-In-Mg-Zr-Dy-W-Yb-Y-Ho-Re-Be-Rb-La-Sn-Cs-Pb-Pr-Bi-Tm-Sr-Ti-Hf-Ir-Nb-Pd-Hg-Th-Np-Lu-Rh-Pu_0_10_2,phimage_Cu-Mn-Ni-Mo-Fe-Pt-Zn-Ca-Er-Au-Cd-Co-Gd-Na-Sm-Eu-Tb-V-Ag-Nd-U-Ba-Ce-K-Ga-Cr-Al-Li-Sc-Ru-In-Mg-Zr-Dy-W-Yb-Y-Ho-Re-Be-Rb-La-Sn-Cs-Pb-Pr-Bi-Tm-Sr-Ti-Hf-Ir-Nb-Pd-Hg-Th-Np-Lu-Rh-Pu_0_10_3,phimage_Cu-Mn-Ni-Mo-Fe-Pt-Zn-Ca-Er-Au-Cd-Co-Gd-Na-Sm-Eu-Tb-V-Ag-Nd-U-Ba-Ce-K-Ga-Cr-Al-Li-Sc-Ru-In-Mg-Zr-Dy-W-Yb-Y-Ho-Re-Be-Rb-La-Sn-Cs-Pb-Pr-Bi-Tm-Sr-Ti-Hf-Ir-Nb-Pd-Hg-Th-Np-Lu-Rh-Pu_0_10_4,phimage_Cu-Mn-Ni-Mo-Fe-Pt-Zn-Ca-Er-Au-Cd-Co-Gd-Na-Sm-Eu-Tb-V-Ag-Nd-U-Ba-Ce-K-Ga-Cr-Al-Li-Sc-Ru-In-Mg-Zr-Dy-W-Yb-Y-Ho-Re-Be-Rb-La-Sn-Cs-Pb-Pr-Bi-Tm-Sr-Ti-Hf-Ir-Nb-Pd-Hg-Th-Np-Lu-Rh-Pu_0_10_5,phimage_Cu-Mn-Ni-Mo-Fe-Pt-Zn-Ca-Er-Au-Cd-Co-Gd-Na-Sm-Eu-Tb-V-Ag-Nd-U-Ba-Ce-K-Ga-Cr-Al-Li-Sc-Ru-In-Mg-Zr-Dy-W-Yb-Y-Ho-Re-Be-Rb-La-Sn-Cs-Pb-Pr-Bi-Tm-Sr-Ti-Hf-Ir-Nb-Pd-Hg-Th-Np-Lu-Rh-Pu_0_10_6,phimage_Cu-Mn-Ni-Mo-Fe-Pt-Zn-Ca-Er-Au-Cd-Co-Gd-Na-Sm-Eu-Tb-V-Ag-Nd-U-Ba-Ce-K-Ga-Cr-Al-Li-Sc-Ru-In-Mg-Zr-Dy-W-Yb-Y-Ho-Re-Be-Rb-La-Sn-Cs-Pb-Pr-Bi-Tm-Sr-Ti-Hf-Ir-Nb-Pd-Hg-Th-Np-Lu-Rh-Pu_0_10_7,phimage_Cu-Mn-Ni-Mo-Fe-Pt-Zn-Ca-Er-Au-Cd-Co-Gd-Na-Sm-Eu-Tb-V-Ag-Nd-U-Ba-Ce-K-Ga-Cr-Al-Li-Sc-Ru-In-Mg-Zr-Dy-W-Yb-Y-Ho-Re-Be-Rb-La-Sn-Cs-Pb-Pr-Bi-Tm-Sr-Ti-Hf-Ir-Nb-Pd-Hg-Th-Np-Lu-Rh-Pu_0_10_8,phimage_Cu-Mn-Ni-Mo-Fe-Pt-Zn-Ca-Er-Au-Cd-Co-Gd-Na-Sm-Eu-Tb-V-Ag-Nd-U-Ba-Ce-K-Ga-Cr-Al-Li-Sc-Ru-In-Mg-Zr-Dy-W-Yb-Y-Ho-Re-Be-Rb-La-Sn-Cs-Pb-Pr-Bi-Tm-Sr-Ti-Hf-Ir-Nb-Pd-Hg-Th-Np-Lu-Rh-Pu_0_10_9,phimage_Cu-Mn-Ni-Mo-Fe-Pt-Zn-Ca-Er-Au-Cd-Co-Gd-Na-Sm-Eu-Tb-V-Ag-Nd-U-Ba-Ce-K-Ga-Cr-Al-Li-Sc-Ru-In-Mg-Zr-Dy-W-Yb-Y-Ho-Re-Be-Rb-La-Sn-Cs-Pb-Pr-Bi-Tm-Sr-Ti-Hf-Ir-Nb-Pd-Hg-Th-Np-Lu-Rh-Pu_0_10_10,phimage_Cu-Mn-Ni-Mo-Fe-Pt-Zn-Ca-Er-Au-Cd-Co-Gd-Na-Sm-Eu-Tb-V-Ag-Nd-U-Ba-Ce-K-Ga-Cr-Al-Li-Sc-Ru-In-Mg-Zr-Dy-W-Yb-Y-Ho-Re-Be-Rb-La-Sn-Cs-Pb-Pr-Bi-Tm-Sr-Ti-Hf-Ir-Nb-Pd-Hg-Th-Np-Lu-Rh-Pu_0_10_11,phimage_Cu-Mn-Ni-Mo-Fe-Pt-Zn-Ca-Er-Au-Cd-Co-Gd-Na-Sm-Eu-Tb-V-Ag-Nd-U-Ba-Ce-K-Ga-Cr-Al-Li-Sc-Ru-In-Mg-Zr-Dy-W-Yb-Y-Ho-Re-Be-Rb-La-Sn-Cs-Pb-Pr-Bi-Tm-Sr-Ti-Hf-Ir-Nb-Pd-Hg-Th-Np-Lu-Rh-Pu_0_10_12,phimage_Cu-Mn-Ni-Mo-Fe-Pt-Zn-Ca-Er-Au-Cd-Co-Gd-Na-Sm-Eu-Tb-V-Ag-Nd-U-Ba-Ce-K-Ga-Cr-Al-Li-Sc-Ru-In-Mg-Zr-Dy-W-Yb-Y-Ho-Re-Be-Rb-La-Sn-Cs-Pb-Pr-Bi-Tm-Sr-Ti-Hf-Ir-Nb-Pd-Hg-Th-Np-Lu-Rh-Pu_0_10_13,phimage_Cu-Mn-Ni-Mo-Fe-Pt-Zn-Ca-Er-Au-Cd-Co-Gd-Na-Sm-Eu-Tb-V-Ag-Nd-U-Ba-Ce-K-Ga-Cr-Al-Li-Sc-Ru-In-Mg-Zr-Dy-W-Yb-Y-Ho-Re-Be-Rb-La-Sn-Cs-Pb-Pr-Bi-Tm-Sr-Ti-Hf-Ir-Nb-Pd-Hg-Th-Np-Lu-Rh-Pu_0_10_14,phimage_Cu-Mn-Ni-Mo-Fe-Pt-Zn-Ca-Er-Au-Cd-Co-Gd-Na-Sm-Eu-Tb-V-Ag-Nd-U-Ba-Ce-K-Ga-Cr-Al-Li-Sc-Ru-In-Mg-Zr-Dy-W-Yb-Y-Ho-Re-Be-Rb-La-Sn-Cs-Pb-Pr-Bi-Tm-Sr-Ti-Hf-Ir-Nb-Pd-Hg-Th-Np-Lu-Rh-Pu_0_10_15,phimage_Cu-Mn-Ni-Mo-Fe-Pt-Zn-Ca-Er-Au-Cd-Co-Gd-Na-Sm-Eu-Tb-V-Ag-Nd-U-Ba-Ce-K-Ga-Cr-Al-Li-Sc-Ru-In-Mg-Zr-Dy-W-Yb-Y-Ho-Re-Be-Rb-La-Sn-Cs-Pb-Pr-Bi-Tm-Sr-Ti-Hf-Ir-Nb-Pd-Hg-Th-Np-Lu-Rh-Pu_0_10_16,phimage_Cu-Mn-Ni-Mo-Fe-Pt-Zn-Ca-Er-Au-Cd-Co-Gd-Na-Sm-Eu-Tb-V-Ag-Nd-U-Ba-Ce-K-Ga-Cr-Al-Li-Sc-Ru-In-Mg-Zr-Dy-W-Yb-Y-Ho-Re-Be-Rb-La-Sn-Cs-Pb-Pr-Bi-Tm-Sr-Ti-Hf-Ir-Nb-Pd-Hg-Th-Np-Lu-Rh-Pu_0_10_17,phimage_Cu-Mn-Ni-Mo-Fe-Pt-Zn-Ca-Er-Au-Cd-Co-Gd-Na-Sm-Eu-Tb-V-Ag-Nd-U-Ba-Ce-K-Ga-Cr-Al-Li-Sc-Ru-In-Mg-Zr-Dy-W-Yb-Y-Ho-Re-Be-Rb-La-Sn-Cs-Pb-Pr-Bi-Tm-Sr-Ti-Hf-Ir-Nb-Pd-Hg-Th-Np-Lu-Rh-Pu_0_10_18,phimage_Cu-Mn-Ni-Mo-Fe-Pt-Zn-Ca-Er-Au-Cd-Co-Gd-Na-Sm-Eu-Tb-V-Ag-Nd-U-Ba-Ce-K-Ga-Cr-Al-Li-Sc-Ru-In-Mg-Zr-Dy-W-Yb-Y-Ho-Re-Be-Rb-La-Sn-Cs-Pb-Pr-Bi-Tm-Sr-Ti-Hf-Ir-Nb-Pd-Hg-Th-Np-Lu-Rh-Pu_0_10_19,phimage_Cu-Mn-Ni-Mo-Fe-Pt-Zn-Ca-Er-Au-Cd-Co-Gd-Na-Sm-Eu-Tb-V-Ag-Nd-U-Ba-Ce-K-Ga-Cr-Al-Li-Sc-Ru-In-Mg-Zr-Dy-W-Yb-Y-Ho-Re-Be-Rb-La-Sn-Cs-Pb-Pr-Bi-Tm-Sr-Ti-Hf-Ir-Nb-Pd-Hg-Th-Np-Lu-Rh-Pu_0_11_0,phimage_Cu-Mn-Ni-Mo-Fe-Pt-Zn-Ca-Er-Au-Cd-Co-Gd-Na-Sm-Eu-Tb-V-Ag-Nd-U-Ba-Ce-K-Ga-Cr-Al-Li-Sc-Ru-In-Mg-Zr-Dy-W-Yb-Y-Ho-Re-Be-Rb-La-Sn-Cs-Pb-Pr-Bi-Tm-Sr-Ti-Hf-Ir-Nb-Pd-Hg-Th-Np-Lu-Rh-Pu_0_11_1,phimage_Cu-Mn-Ni-Mo-Fe-Pt-Zn-Ca-Er-Au-Cd-Co-Gd-Na-Sm-Eu-Tb-V-Ag-Nd-U-Ba-Ce-K-Ga-Cr-Al-Li-Sc-Ru-In-Mg-Zr-Dy-W-Yb-Y-Ho-Re-Be-Rb-La-Sn-Cs-Pb-Pr-Bi-Tm-Sr-Ti-Hf-Ir-Nb-Pd-Hg-Th-Np-Lu-Rh-Pu_0_11_2,phimage_Cu-Mn-Ni-Mo-Fe-Pt-Zn-Ca-Er-Au-Cd-Co-Gd-Na-Sm-Eu-Tb-V-Ag-Nd-U-Ba-Ce-K-Ga-Cr-Al-Li-Sc-Ru-In-Mg-Zr-Dy-W-Yb-Y-Ho-Re-Be-Rb-La-Sn-Cs-Pb-Pr-Bi-Tm-Sr-Ti-Hf-Ir-Nb-Pd-Hg-Th-Np-Lu-Rh-Pu_0_11_3,phimage_Cu-Mn-Ni-Mo-Fe-Pt-Zn-Ca-Er-Au-Cd-Co-Gd-Na-Sm-Eu-Tb-V-Ag-Nd-U-Ba-Ce-K-Ga-Cr-Al-Li-Sc-Ru-In-Mg-Zr-Dy-W-Yb-Y-Ho-Re-Be-Rb-La-Sn-Cs-Pb-Pr-Bi-Tm-Sr-Ti-Hf-Ir-Nb-Pd-Hg-Th-Np-Lu-Rh-Pu_0_11_4,phimage_Cu-Mn-Ni-Mo-Fe-Pt-Zn-Ca-Er-Au-Cd-Co-Gd-Na-Sm-Eu-Tb-V-Ag-Nd-U-Ba-Ce-K-Ga-Cr-Al-Li-Sc-Ru-In-Mg-Zr-Dy-W-Yb-Y-Ho-Re-Be-Rb-La-Sn-Cs-Pb-Pr-Bi-Tm-Sr-Ti-Hf-Ir-Nb-Pd-Hg-Th-Np-Lu-Rh-Pu_0_11_5,phimage_Cu-Mn-Ni-Mo-Fe-Pt-Zn-Ca-Er-Au-Cd-Co-Gd-Na-Sm-Eu-Tb-V-Ag-Nd-U-Ba-Ce-K-Ga-Cr-Al-Li-Sc-Ru-In-Mg-Zr-Dy-W-Yb-Y-Ho-Re-Be-Rb-La-Sn-Cs-Pb-Pr-Bi-Tm-Sr-Ti-Hf-Ir-Nb-Pd-Hg-Th-Np-Lu-Rh-Pu_0_11_6,phimage_Cu-Mn-Ni-Mo-Fe-Pt-Zn-Ca-Er-Au-Cd-Co-Gd-Na-Sm-Eu-Tb-V-Ag-Nd-U-Ba-Ce-K-Ga-Cr-Al-Li-Sc-Ru-In-Mg-Zr-Dy-W-Yb-Y-Ho-Re-Be-Rb-La-Sn-Cs-Pb-Pr-Bi-Tm-Sr-Ti-Hf-Ir-Nb-Pd-Hg-Th-Np-Lu-Rh-Pu_0_11_7,phimage_Cu-Mn-Ni-Mo-Fe-Pt-Zn-Ca-Er-Au-Cd-Co-Gd-Na-Sm-Eu-Tb-V-Ag-Nd-U-Ba-Ce-K-Ga-Cr-Al-Li-Sc-Ru-In-Mg-Zr-Dy-W-Yb-Y-Ho-Re-Be-Rb-La-Sn-Cs-Pb-Pr-Bi-Tm-Sr-Ti-Hf-Ir-Nb-Pd-Hg-Th-Np-Lu-Rh-Pu_0_11_8,phimage_Cu-Mn-Ni-Mo-Fe-Pt-Zn-Ca-Er-Au-Cd-Co-Gd-Na-Sm-Eu-Tb-V-Ag-Nd-U-Ba-Ce-K-Ga-Cr-Al-Li-Sc-Ru-In-Mg-Zr-Dy-W-Yb-Y-Ho-Re-Be-Rb-La-Sn-Cs-Pb-Pr-Bi-Tm-Sr-Ti-Hf-Ir-Nb-Pd-Hg-Th-Np-Lu-Rh-Pu_0_11_9,phimage_Cu-Mn-Ni-Mo-Fe-Pt-Zn-Ca-Er-Au-Cd-Co-Gd-Na-Sm-Eu-Tb-V-Ag-Nd-U-Ba-Ce-K-Ga-Cr-Al-Li-Sc-Ru-In-Mg-Zr-Dy-W-Yb-Y-Ho-Re-Be-Rb-La-Sn-Cs-Pb-Pr-Bi-Tm-Sr-Ti-Hf-Ir-Nb-Pd-Hg-Th-Np-Lu-Rh-Pu_0_11_10,phimage_Cu-Mn-Ni-Mo-Fe-Pt-Zn-Ca-Er-Au-Cd-Co-Gd-Na-Sm-Eu-Tb-V-Ag-Nd-U-Ba-Ce-K-Ga-Cr-Al-Li-Sc-Ru-In-Mg-Zr-Dy-W-Yb-Y-Ho-Re-Be-Rb-La-Sn-Cs-Pb-Pr-Bi-Tm-Sr-Ti-Hf-Ir-Nb-Pd-Hg-Th-Np-Lu-Rh-Pu_0_11_11,phimage_Cu-Mn-Ni-Mo-Fe-Pt-Zn-Ca-Er-Au-Cd-Co-Gd-Na-Sm-Eu-Tb-V-Ag-Nd-U-Ba-Ce-K-Ga-Cr-Al-Li-Sc-Ru-In-Mg-Zr-Dy-W-Yb-Y-Ho-Re-Be-Rb-La-Sn-Cs-Pb-Pr-Bi-Tm-Sr-Ti-Hf-Ir-Nb-Pd-Hg-Th-Np-Lu-Rh-Pu_0_11_12,phimage_Cu-Mn-Ni-Mo-Fe-Pt-Zn-Ca-Er-Au-Cd-Co-Gd-Na-Sm-Eu-Tb-V-Ag-Nd-U-Ba-Ce-K-Ga-Cr-Al-Li-Sc-Ru-In-Mg-Zr-Dy-W-Yb-Y-Ho-Re-Be-Rb-La-Sn-Cs-Pb-Pr-Bi-Tm-Sr-Ti-Hf-Ir-Nb-Pd-Hg-Th-Np-Lu-Rh-Pu_0_11_13,phimage_Cu-Mn-Ni-Mo-Fe-Pt-Zn-Ca-Er-Au-Cd-Co-Gd-Na-Sm-Eu-Tb-V-Ag-Nd-U-Ba-Ce-K-Ga-Cr-Al-Li-Sc-Ru-In-Mg-Zr-Dy-W-Yb-Y-Ho-Re-Be-Rb-La-Sn-Cs-Pb-Pr-Bi-Tm-Sr-Ti-Hf-Ir-Nb-Pd-Hg-Th-Np-Lu-Rh-Pu_0_11_14,phimage_Cu-Mn-Ni-Mo-Fe-Pt-Zn-Ca-Er-Au-Cd-Co-Gd-Na-Sm-Eu-Tb-V-Ag-Nd-U-Ba-Ce-K-Ga-Cr-Al-Li-Sc-Ru-In-Mg-Zr-Dy-W-Yb-Y-Ho-Re-Be-Rb-La-Sn-Cs-Pb-Pr-Bi-Tm-Sr-Ti-Hf-Ir-Nb-Pd-Hg-Th-Np-Lu-Rh-Pu_0_11_15,phimage_Cu-Mn-Ni-Mo-Fe-Pt-Zn-Ca-Er-Au-Cd-Co-Gd-Na-Sm-Eu-Tb-V-Ag-Nd-U-Ba-Ce-K-Ga-Cr-Al-Li-Sc-Ru-In-Mg-Zr-Dy-W-Yb-Y-Ho-Re-Be-Rb-La-Sn-Cs-Pb-Pr-Bi-Tm-Sr-Ti-Hf-Ir-Nb-Pd-Hg-Th-Np-Lu-Rh-Pu_0_11_16,phimage_Cu-Mn-Ni-Mo-Fe-Pt-Zn-Ca-Er-Au-Cd-Co-Gd-Na-Sm-Eu-Tb-V-Ag-Nd-U-Ba-Ce-K-Ga-Cr-Al-Li-Sc-Ru-In-Mg-Zr-Dy-W-Yb-Y-Ho-Re-Be-Rb-La-Sn-Cs-Pb-Pr-Bi-Tm-Sr-Ti-Hf-Ir-Nb-Pd-Hg-Th-Np-Lu-Rh-Pu_0_11_17,phimage_Cu-Mn-Ni-Mo-Fe-Pt-Zn-Ca-Er-Au-Cd-Co-Gd-Na-Sm-Eu-Tb-V-Ag-Nd-U-Ba-Ce-K-Ga-Cr-Al-Li-Sc-Ru-In-Mg-Zr-Dy-W-Yb-Y-Ho-Re-Be-Rb-La-Sn-Cs-Pb-Pr-Bi-Tm-Sr-Ti-Hf-Ir-Nb-Pd-Hg-Th-Np-Lu-Rh-Pu_0_11_18,phimage_Cu-Mn-Ni-Mo-Fe-Pt-Zn-Ca-Er-Au-Cd-Co-Gd-Na-Sm-Eu-Tb-V-Ag-Nd-U-Ba-Ce-K-Ga-Cr-Al-Li-Sc-Ru-In-Mg-Zr-Dy-W-Yb-Y-Ho-Re-Be-Rb-La-Sn-Cs-Pb-Pr-Bi-Tm-Sr-Ti-Hf-Ir-Nb-Pd-Hg-Th-Np-Lu-Rh-Pu_0_11_19,phimage_Cu-Mn-Ni-Mo-Fe-Pt-Zn-Ca-Er-Au-Cd-Co-Gd-Na-Sm-Eu-Tb-V-Ag-Nd-U-Ba-Ce-K-Ga-Cr-Al-Li-Sc-Ru-In-Mg-Zr-Dy-W-Yb-Y-Ho-Re-Be-Rb-La-Sn-Cs-Pb-Pr-Bi-Tm-Sr-Ti-Hf-Ir-Nb-Pd-Hg-Th-Np-Lu-Rh-Pu_0_12_0,phimage_Cu-Mn-Ni-Mo-Fe-Pt-Zn-Ca-Er-Au-Cd-Co-Gd-Na-Sm-Eu-Tb-V-Ag-Nd-U-Ba-Ce-K-Ga-Cr-Al-Li-Sc-Ru-In-Mg-Zr-Dy-W-Yb-Y-Ho-Re-Be-Rb-La-Sn-Cs-Pb-Pr-Bi-Tm-Sr-Ti-Hf-Ir-Nb-Pd-Hg-Th-Np-Lu-Rh-Pu_0_12_1,phimage_Cu-Mn-Ni-Mo-Fe-Pt-Zn-Ca-Er-Au-Cd-Co-Gd-Na-Sm-Eu-Tb-V-Ag-Nd-U-Ba-Ce-K-Ga-Cr-Al-Li-Sc-Ru-In-Mg-Zr-Dy-W-Yb-Y-Ho-Re-Be-Rb-La-Sn-Cs-Pb-Pr-Bi-Tm-Sr-Ti-Hf-Ir-Nb-Pd-Hg-Th-Np-Lu-Rh-Pu_0_12_2,phimage_Cu-Mn-Ni-Mo-Fe-Pt-Zn-Ca-Er-Au-Cd-Co-Gd-Na-Sm-Eu-Tb-V-Ag-Nd-U-Ba-Ce-K-Ga-Cr-Al-Li-Sc-Ru-In-Mg-Zr-Dy-W-Yb-Y-Ho-Re-Be-Rb-La-Sn-Cs-Pb-Pr-Bi-Tm-Sr-Ti-Hf-Ir-Nb-Pd-Hg-Th-Np-Lu-Rh-Pu_0_12_3,phimage_Cu-Mn-Ni-Mo-Fe-Pt-Zn-Ca-Er-Au-Cd-Co-Gd-Na-Sm-Eu-Tb-V-Ag-Nd-U-Ba-Ce-K-Ga-Cr-Al-Li-Sc-Ru-In-Mg-Zr-Dy-W-Yb-Y-Ho-Re-Be-Rb-La-Sn-Cs-Pb-Pr-Bi-Tm-Sr-Ti-Hf-Ir-Nb-Pd-Hg-Th-Np-Lu-Rh-Pu_0_12_4,phimage_Cu-Mn-Ni-Mo-Fe-Pt-Zn-Ca-Er-Au-Cd-Co-Gd-Na-Sm-Eu-Tb-V-Ag-Nd-U-Ba-Ce-K-Ga-Cr-Al-Li-Sc-Ru-In-Mg-Zr-Dy-W-Yb-Y-Ho-Re-Be-Rb-La-Sn-Cs-Pb-Pr-Bi-Tm-Sr-Ti-Hf-Ir-Nb-Pd-Hg-Th-Np-Lu-Rh-Pu_0_12_5,phimage_Cu-Mn-Ni-Mo-Fe-Pt-Zn-Ca-Er-Au-Cd-Co-Gd-Na-Sm-Eu-Tb-V-Ag-Nd-U-Ba-Ce-K-Ga-Cr-Al-Li-Sc-Ru-In-Mg-Zr-Dy-W-Yb-Y-Ho-Re-Be-Rb-La-Sn-Cs-Pb-Pr-Bi-Tm-Sr-Ti-Hf-Ir-Nb-Pd-Hg-Th-Np-Lu-Rh-Pu_0_12_6,phimage_Cu-Mn-Ni-Mo-Fe-Pt-Zn-Ca-Er-Au-Cd-Co-Gd-Na-Sm-Eu-Tb-V-Ag-Nd-U-Ba-Ce-K-Ga-Cr-Al-Li-Sc-Ru-In-Mg-Zr-Dy-W-Yb-Y-Ho-Re-Be-Rb-La-Sn-Cs-Pb-Pr-Bi-Tm-Sr-Ti-Hf-Ir-Nb-Pd-Hg-Th-Np-Lu-Rh-Pu_0_12_7,phimage_Cu-Mn-Ni-Mo-Fe-Pt-Zn-Ca-Er-Au-Cd-Co-Gd-Na-Sm-Eu-Tb-V-Ag-Nd-U-Ba-Ce-K-Ga-Cr-Al-Li-Sc-Ru-In-Mg-Zr-Dy-W-Yb-Y-Ho-Re-Be-Rb-La-Sn-Cs-Pb-Pr-Bi-Tm-Sr-Ti-Hf-Ir-Nb-Pd-Hg-Th-Np-Lu-Rh-Pu_0_12_8,phimage_Cu-Mn-Ni-Mo-Fe-Pt-Zn-Ca-Er-Au-Cd-Co-Gd-Na-Sm-Eu-Tb-V-Ag-Nd-U-Ba-Ce-K-Ga-Cr-Al-Li-Sc-Ru-In-Mg-Zr-Dy-W-Yb-Y-Ho-Re-Be-Rb-La-Sn-Cs-Pb-Pr-Bi-Tm-Sr-Ti-Hf-Ir-Nb-Pd-Hg-Th-Np-Lu-Rh-Pu_0_12_9,phimage_Cu-Mn-Ni-Mo-Fe-Pt-Zn-Ca-Er-Au-Cd-Co-Gd-Na-Sm-Eu-Tb-V-Ag-Nd-U-Ba-Ce-K-Ga-Cr-Al-Li-Sc-Ru-In-Mg-Zr-Dy-W-Yb-Y-Ho-Re-Be-Rb-La-Sn-Cs-Pb-Pr-Bi-Tm-Sr-Ti-Hf-Ir-Nb-Pd-Hg-Th-Np-Lu-Rh-Pu_0_12_10,phimage_Cu-Mn-Ni-Mo-Fe-Pt-Zn-Ca-Er-Au-Cd-Co-Gd-Na-Sm-Eu-Tb-V-Ag-Nd-U-Ba-Ce-K-Ga-Cr-Al-Li-Sc-Ru-In-Mg-Zr-Dy-W-Yb-Y-Ho-Re-Be-Rb-La-Sn-Cs-Pb-Pr-Bi-Tm-Sr-Ti-Hf-Ir-Nb-Pd-Hg-Th-Np-Lu-Rh-Pu_0_12_11,phimage_Cu-Mn-Ni-Mo-Fe-Pt-Zn-Ca-Er-Au-Cd-Co-Gd-Na-Sm-Eu-Tb-V-Ag-Nd-U-Ba-Ce-K-Ga-Cr-Al-Li-Sc-Ru-In-Mg-Zr-Dy-W-Yb-Y-Ho-Re-Be-Rb-La-Sn-Cs-Pb-Pr-Bi-Tm-Sr-Ti-Hf-Ir-Nb-Pd-Hg-Th-Np-Lu-Rh-Pu_0_12_12,phimage_Cu-Mn-Ni-Mo-Fe-Pt-Zn-Ca-Er-Au-Cd-Co-Gd-Na-Sm-Eu-Tb-V-Ag-Nd-U-Ba-Ce-K-Ga-Cr-Al-Li-Sc-Ru-In-Mg-Zr-Dy-W-Yb-Y-Ho-Re-Be-Rb-La-Sn-Cs-Pb-Pr-Bi-Tm-Sr-Ti-Hf-Ir-Nb-Pd-Hg-Th-Np-Lu-Rh-Pu_0_12_13,phimage_Cu-Mn-Ni-Mo-Fe-Pt-Zn-Ca-Er-Au-Cd-Co-Gd-Na-Sm-Eu-Tb-V-Ag-Nd-U-Ba-Ce-K-Ga-Cr-Al-Li-Sc-Ru-In-Mg-Zr-Dy-W-Yb-Y-Ho-Re-Be-Rb-La-Sn-Cs-Pb-Pr-Bi-Tm-Sr-Ti-Hf-Ir-Nb-Pd-Hg-Th-Np-Lu-Rh-Pu_0_12_14,phimage_Cu-Mn-Ni-Mo-Fe-Pt-Zn-Ca-Er-Au-Cd-Co-Gd-Na-Sm-Eu-Tb-V-Ag-Nd-U-Ba-Ce-K-Ga-Cr-Al-Li-Sc-Ru-In-Mg-Zr-Dy-W-Yb-Y-Ho-Re-Be-Rb-La-Sn-Cs-Pb-Pr-Bi-Tm-Sr-Ti-Hf-Ir-Nb-Pd-Hg-Th-Np-Lu-Rh-Pu_0_12_15,phimage_Cu-Mn-Ni-Mo-Fe-Pt-Zn-Ca-Er-Au-Cd-Co-Gd-Na-Sm-Eu-Tb-V-Ag-Nd-U-Ba-Ce-K-Ga-Cr-Al-Li-Sc-Ru-In-Mg-Zr-Dy-W-Yb-Y-Ho-Re-Be-Rb-La-Sn-Cs-Pb-Pr-Bi-Tm-Sr-Ti-Hf-Ir-Nb-Pd-Hg-Th-Np-Lu-Rh-Pu_0_12_16,phimage_Cu-Mn-Ni-Mo-Fe-Pt-Zn-Ca-Er-Au-Cd-Co-Gd-Na-Sm-Eu-Tb-V-Ag-Nd-U-Ba-Ce-K-Ga-Cr-Al-Li-Sc-Ru-In-Mg-Zr-Dy-W-Yb-Y-Ho-Re-Be-Rb-La-Sn-Cs-Pb-Pr-Bi-Tm-Sr-Ti-Hf-Ir-Nb-Pd-Hg-Th-Np-Lu-Rh-Pu_0_12_17,phimage_Cu-Mn-Ni-Mo-Fe-Pt-Zn-Ca-Er-Au-Cd-Co-Gd-Na-Sm-Eu-Tb-V-Ag-Nd-U-Ba-Ce-K-Ga-Cr-Al-Li-Sc-Ru-In-Mg-Zr-Dy-W-Yb-Y-Ho-Re-Be-Rb-La-Sn-Cs-Pb-Pr-Bi-Tm-Sr-Ti-Hf-Ir-Nb-Pd-Hg-Th-Np-Lu-Rh-Pu_0_12_18,phimage_Cu-Mn-Ni-Mo-Fe-Pt-Zn-Ca-Er-Au-Cd-Co-Gd-Na-Sm-Eu-Tb-V-Ag-Nd-U-Ba-Ce-K-Ga-Cr-Al-Li-Sc-Ru-In-Mg-Zr-Dy-W-Yb-Y-Ho-Re-Be-Rb-La-Sn-Cs-Pb-Pr-Bi-Tm-Sr-Ti-Hf-Ir-Nb-Pd-Hg-Th-Np-Lu-Rh-Pu_0_12_19,phimage_Cu-Mn-Ni-Mo-Fe-Pt-Zn-Ca-Er-Au-Cd-Co-Gd-Na-Sm-Eu-Tb-V-Ag-Nd-U-Ba-Ce-K-Ga-Cr-Al-Li-Sc-Ru-In-Mg-Zr-Dy-W-Yb-Y-Ho-Re-Be-Rb-La-Sn-Cs-Pb-Pr-Bi-Tm-Sr-Ti-Hf-Ir-Nb-Pd-Hg-Th-Np-Lu-Rh-Pu_0_13_0,phimage_Cu-Mn-Ni-Mo-Fe-Pt-Zn-Ca-Er-Au-Cd-Co-Gd-Na-Sm-Eu-Tb-V-Ag-Nd-U-Ba-Ce-K-Ga-Cr-Al-Li-Sc-Ru-In-Mg-Zr-Dy-W-Yb-Y-Ho-Re-Be-Rb-La-Sn-Cs-Pb-Pr-Bi-Tm-Sr-Ti-Hf-Ir-Nb-Pd-Hg-Th-Np-Lu-Rh-Pu_0_13_1,phimage_Cu-Mn-Ni-Mo-Fe-Pt-Zn-Ca-Er-Au-Cd-Co-Gd-Na-Sm-Eu-Tb-V-Ag-Nd-U-Ba-Ce-K-Ga-Cr-Al-Li-Sc-Ru-In-Mg-Zr-Dy-W-Yb-Y-Ho-Re-Be-Rb-La-Sn-Cs-Pb-Pr-Bi-Tm-Sr-Ti-Hf-Ir-Nb-Pd-Hg-Th-Np-Lu-Rh-Pu_0_13_2,phimage_Cu-Mn-Ni-Mo-Fe-Pt-Zn-Ca-Er-Au-Cd-Co-Gd-Na-Sm-Eu-Tb-V-Ag-Nd-U-Ba-Ce-K-Ga-Cr-Al-Li-Sc-Ru-In-Mg-Zr-Dy-W-Yb-Y-Ho-Re-Be-Rb-La-Sn-Cs-Pb-Pr-Bi-Tm-Sr-Ti-Hf-Ir-Nb-Pd-Hg-Th-Np-Lu-Rh-Pu_0_13_3,phimage_Cu-Mn-Ni-Mo-Fe-Pt-Zn-Ca-Er-Au-Cd-Co-Gd-Na-Sm-Eu-Tb-V-Ag-Nd-U-Ba-Ce-K-Ga-Cr-Al-Li-Sc-Ru-In-Mg-Zr-Dy-W-Yb-Y-Ho-Re-Be-Rb-La-Sn-Cs-Pb-Pr-Bi-Tm-Sr-Ti-Hf-Ir-Nb-Pd-Hg-Th-Np-Lu-Rh-Pu_0_13_4,phimage_Cu-Mn-Ni-Mo-Fe-Pt-Zn-Ca-Er-Au-Cd-Co-Gd-Na-Sm-Eu-Tb-V-Ag-Nd-U-Ba-Ce-K-Ga-Cr-Al-Li-Sc-Ru-In-Mg-Zr-Dy-W-Yb-Y-Ho-Re-Be-Rb-La-Sn-Cs-Pb-Pr-Bi-Tm-Sr-Ti-Hf-Ir-Nb-Pd-Hg-Th-Np-Lu-Rh-Pu_0_13_5,phimage_Cu-Mn-Ni-Mo-Fe-Pt-Zn-Ca-Er-Au-Cd-Co-Gd-Na-Sm-Eu-Tb-V-Ag-Nd-U-Ba-Ce-K-Ga-Cr-Al-Li-Sc-Ru-In-Mg-Zr-Dy-W-Yb-Y-Ho-Re-Be-Rb-La-Sn-Cs-Pb-Pr-Bi-Tm-Sr-Ti-Hf-Ir-Nb-Pd-Hg-Th-Np-Lu-Rh-Pu_0_13_6,phimage_Cu-Mn-Ni-Mo-Fe-Pt-Zn-Ca-Er-Au-Cd-Co-Gd-Na-Sm-Eu-Tb-V-Ag-Nd-U-Ba-Ce-K-Ga-Cr-Al-Li-Sc-Ru-In-Mg-Zr-Dy-W-Yb-Y-Ho-Re-Be-Rb-La-Sn-Cs-Pb-Pr-Bi-Tm-Sr-Ti-Hf-Ir-Nb-Pd-Hg-Th-Np-Lu-Rh-Pu_0_13_7,phimage_Cu-Mn-Ni-Mo-Fe-Pt-Zn-Ca-Er-Au-Cd-Co-Gd-Na-Sm-Eu-Tb-V-Ag-Nd-U-Ba-Ce-K-Ga-Cr-Al-Li-Sc-Ru-In-Mg-Zr-Dy-W-Yb-Y-Ho-Re-Be-Rb-La-Sn-Cs-Pb-Pr-Bi-Tm-Sr-Ti-Hf-Ir-Nb-Pd-Hg-Th-Np-Lu-Rh-Pu_0_13_8,phimage_Cu-Mn-Ni-Mo-Fe-Pt-Zn-Ca-Er-Au-Cd-Co-Gd-Na-Sm-Eu-Tb-V-Ag-Nd-U-Ba-Ce-K-Ga-Cr-Al-Li-Sc-Ru-In-Mg-Zr-Dy-W-Yb-Y-Ho-Re-Be-Rb-La-Sn-Cs-Pb-Pr-Bi-Tm-Sr-Ti-Hf-Ir-Nb-Pd-Hg-Th-Np-Lu-Rh-Pu_0_13_9,phimage_Cu-Mn-Ni-Mo-Fe-Pt-Zn-Ca-Er-Au-Cd-Co-Gd-Na-Sm-Eu-Tb-V-Ag-Nd-U-Ba-Ce-K-Ga-Cr-Al-Li-Sc-Ru-In-Mg-Zr-Dy-W-Yb-Y-Ho-Re-Be-Rb-La-Sn-Cs-Pb-Pr-Bi-Tm-Sr-Ti-Hf-Ir-Nb-Pd-Hg-Th-Np-Lu-Rh-Pu_0_13_10,phimage_Cu-Mn-Ni-Mo-Fe-Pt-Zn-Ca-Er-Au-Cd-Co-Gd-Na-Sm-Eu-Tb-V-Ag-Nd-U-Ba-Ce-K-Ga-Cr-Al-Li-Sc-Ru-In-Mg-Zr-Dy-W-Yb-Y-Ho-Re-Be-Rb-La-Sn-Cs-Pb-Pr-Bi-Tm-Sr-Ti-Hf-Ir-Nb-Pd-Hg-Th-Np-Lu-Rh-Pu_0_13_11,phimage_Cu-Mn-Ni-Mo-Fe-Pt-Zn-Ca-Er-Au-Cd-Co-Gd-Na-Sm-Eu-Tb-V-Ag-Nd-U-Ba-Ce-K-Ga-Cr-Al-Li-Sc-Ru-In-Mg-Zr-Dy-W-Yb-Y-Ho-Re-Be-Rb-La-Sn-Cs-Pb-Pr-Bi-Tm-Sr-Ti-Hf-Ir-Nb-Pd-Hg-Th-Np-Lu-Rh-Pu_0_13_12,phimage_Cu-Mn-Ni-Mo-Fe-Pt-Zn-Ca-Er-Au-Cd-Co-Gd-Na-Sm-Eu-Tb-V-Ag-Nd-U-Ba-Ce-K-Ga-Cr-Al-Li-Sc-Ru-In-Mg-Zr-Dy-W-Yb-Y-Ho-Re-Be-Rb-La-Sn-Cs-Pb-Pr-Bi-Tm-Sr-Ti-Hf-Ir-Nb-Pd-Hg-Th-Np-Lu-Rh-Pu_0_13_13,phimage_Cu-Mn-Ni-Mo-Fe-Pt-Zn-Ca-Er-Au-Cd-Co-Gd-Na-Sm-Eu-Tb-V-Ag-Nd-U-Ba-Ce-K-Ga-Cr-Al-Li-Sc-Ru-In-Mg-Zr-Dy-W-Yb-Y-Ho-Re-Be-Rb-La-Sn-Cs-Pb-Pr-Bi-Tm-Sr-Ti-Hf-Ir-Nb-Pd-Hg-Th-Np-Lu-Rh-Pu_0_13_14,phimage_Cu-Mn-Ni-Mo-Fe-Pt-Zn-Ca-Er-Au-Cd-Co-Gd-Na-Sm-Eu-Tb-V-Ag-Nd-U-Ba-Ce-K-Ga-Cr-Al-Li-Sc-Ru-In-Mg-Zr-Dy-W-Yb-Y-Ho-Re-Be-Rb-La-Sn-Cs-Pb-Pr-Bi-Tm-Sr-Ti-Hf-Ir-Nb-Pd-Hg-Th-Np-Lu-Rh-Pu_0_13_15,phimage_Cu-Mn-Ni-Mo-Fe-Pt-Zn-Ca-Er-Au-Cd-Co-Gd-Na-Sm-Eu-Tb-V-Ag-Nd-U-Ba-Ce-K-Ga-Cr-Al-Li-Sc-Ru-In-Mg-Zr-Dy-W-Yb-Y-Ho-Re-Be-Rb-La-Sn-Cs-Pb-Pr-Bi-Tm-Sr-Ti-Hf-Ir-Nb-Pd-Hg-Th-Np-Lu-Rh-Pu_0_13_16,phimage_Cu-Mn-Ni-Mo-Fe-Pt-Zn-Ca-Er-Au-Cd-Co-Gd-Na-Sm-Eu-Tb-V-Ag-Nd-U-Ba-Ce-K-Ga-Cr-Al-Li-Sc-Ru-In-Mg-Zr-Dy-W-Yb-Y-Ho-Re-Be-Rb-La-Sn-Cs-Pb-Pr-Bi-Tm-Sr-Ti-Hf-Ir-Nb-Pd-Hg-Th-Np-Lu-Rh-Pu_0_13_17,phimage_Cu-Mn-Ni-Mo-Fe-Pt-Zn-Ca-Er-Au-Cd-Co-Gd-Na-Sm-Eu-Tb-V-Ag-Nd-U-Ba-Ce-K-Ga-Cr-Al-Li-Sc-Ru-In-Mg-Zr-Dy-W-Yb-Y-Ho-Re-Be-Rb-La-Sn-Cs-Pb-Pr-Bi-Tm-Sr-Ti-Hf-Ir-Nb-Pd-Hg-Th-Np-Lu-Rh-Pu_0_13_18,phimage_Cu-Mn-Ni-Mo-Fe-Pt-Zn-Ca-Er-Au-Cd-Co-Gd-Na-Sm-Eu-Tb-V-Ag-Nd-U-Ba-Ce-K-Ga-Cr-Al-Li-Sc-Ru-In-Mg-Zr-Dy-W-Yb-Y-Ho-Re-Be-Rb-La-Sn-Cs-Pb-Pr-Bi-Tm-Sr-Ti-Hf-Ir-Nb-Pd-Hg-Th-Np-Lu-Rh-Pu_0_13_19,phimage_Cu-Mn-Ni-Mo-Fe-Pt-Zn-Ca-Er-Au-Cd-Co-Gd-Na-Sm-Eu-Tb-V-Ag-Nd-U-Ba-Ce-K-Ga-Cr-Al-Li-Sc-Ru-In-Mg-Zr-Dy-W-Yb-Y-Ho-Re-Be-Rb-La-Sn-Cs-Pb-Pr-Bi-Tm-Sr-Ti-Hf-Ir-Nb-Pd-Hg-Th-Np-Lu-Rh-Pu_0_14_0,phimage_Cu-Mn-Ni-Mo-Fe-Pt-Zn-Ca-Er-Au-Cd-Co-Gd-Na-Sm-Eu-Tb-V-Ag-Nd-U-Ba-Ce-K-Ga-Cr-Al-Li-Sc-Ru-In-Mg-Zr-Dy-W-Yb-Y-Ho-Re-Be-Rb-La-Sn-Cs-Pb-Pr-Bi-Tm-Sr-Ti-Hf-Ir-Nb-Pd-Hg-Th-Np-Lu-Rh-Pu_0_14_1,phimage_Cu-Mn-Ni-Mo-Fe-Pt-Zn-Ca-Er-Au-Cd-Co-Gd-Na-Sm-Eu-Tb-V-Ag-Nd-U-Ba-Ce-K-Ga-Cr-Al-Li-Sc-Ru-In-Mg-Zr-Dy-W-Yb-Y-Ho-Re-Be-Rb-La-Sn-Cs-Pb-Pr-Bi-Tm-Sr-Ti-Hf-Ir-Nb-Pd-Hg-Th-Np-Lu-Rh-Pu_0_14_2,phimage_Cu-Mn-Ni-Mo-Fe-Pt-Zn-Ca-Er-Au-Cd-Co-Gd-Na-Sm-Eu-Tb-V-Ag-Nd-U-Ba-Ce-K-Ga-Cr-Al-Li-Sc-Ru-In-Mg-Zr-Dy-W-Yb-Y-Ho-Re-Be-Rb-La-Sn-Cs-Pb-Pr-Bi-Tm-Sr-Ti-Hf-Ir-Nb-Pd-Hg-Th-Np-Lu-Rh-Pu_0_14_3,phimage_Cu-Mn-Ni-Mo-Fe-Pt-Zn-Ca-Er-Au-Cd-Co-Gd-Na-Sm-Eu-Tb-V-Ag-Nd-U-Ba-Ce-K-Ga-Cr-Al-Li-Sc-Ru-In-Mg-Zr-Dy-W-Yb-Y-Ho-Re-Be-Rb-La-Sn-Cs-Pb-Pr-Bi-Tm-Sr-Ti-Hf-Ir-Nb-Pd-Hg-Th-Np-Lu-Rh-Pu_0_14_4,phimage_Cu-Mn-Ni-Mo-Fe-Pt-Zn-Ca-Er-Au-Cd-Co-Gd-Na-Sm-Eu-Tb-V-Ag-Nd-U-Ba-Ce-K-Ga-Cr-Al-Li-Sc-Ru-In-Mg-Zr-Dy-W-Yb-Y-Ho-Re-Be-Rb-La-Sn-Cs-Pb-Pr-Bi-Tm-Sr-Ti-Hf-Ir-Nb-Pd-Hg-Th-Np-Lu-Rh-Pu_0_14_5,phimage_Cu-Mn-Ni-Mo-Fe-Pt-Zn-Ca-Er-Au-Cd-Co-Gd-Na-Sm-Eu-Tb-V-Ag-Nd-U-Ba-Ce-K-Ga-Cr-Al-Li-Sc-Ru-In-Mg-Zr-Dy-W-Yb-Y-Ho-Re-Be-Rb-La-Sn-Cs-Pb-Pr-Bi-Tm-Sr-Ti-Hf-Ir-Nb-Pd-Hg-Th-Np-Lu-Rh-Pu_0_14_6,phimage_Cu-Mn-Ni-Mo-Fe-Pt-Zn-Ca-Er-Au-Cd-Co-Gd-Na-Sm-Eu-Tb-V-Ag-Nd-U-Ba-Ce-K-Ga-Cr-Al-Li-Sc-Ru-In-Mg-Zr-Dy-W-Yb-Y-Ho-Re-Be-Rb-La-Sn-Cs-Pb-Pr-Bi-Tm-Sr-Ti-Hf-Ir-Nb-Pd-Hg-Th-Np-Lu-Rh-Pu_0_14_7,phimage_Cu-Mn-Ni-Mo-Fe-Pt-Zn-Ca-Er-Au-Cd-Co-Gd-Na-Sm-Eu-Tb-V-Ag-Nd-U-Ba-Ce-K-Ga-Cr-Al-Li-Sc-Ru-In-Mg-Zr-Dy-W-Yb-Y-Ho-Re-Be-Rb-La-Sn-Cs-Pb-Pr-Bi-Tm-Sr-Ti-Hf-Ir-Nb-Pd-Hg-Th-Np-Lu-Rh-Pu_0_14_8,phimage_Cu-Mn-Ni-Mo-Fe-Pt-Zn-Ca-Er-Au-Cd-Co-Gd-Na-Sm-Eu-Tb-V-Ag-Nd-U-Ba-Ce-K-Ga-Cr-Al-Li-Sc-Ru-In-Mg-Zr-Dy-W-Yb-Y-Ho-Re-Be-Rb-La-Sn-Cs-Pb-Pr-Bi-Tm-Sr-Ti-Hf-Ir-Nb-Pd-Hg-Th-Np-Lu-Rh-Pu_0_14_9,phimage_Cu-Mn-Ni-Mo-Fe-Pt-Zn-Ca-Er-Au-Cd-Co-Gd-Na-Sm-Eu-Tb-V-Ag-Nd-U-Ba-Ce-K-Ga-Cr-Al-Li-Sc-Ru-In-Mg-Zr-Dy-W-Yb-Y-Ho-Re-Be-Rb-La-Sn-Cs-Pb-Pr-Bi-Tm-Sr-Ti-Hf-Ir-Nb-Pd-Hg-Th-Np-Lu-Rh-Pu_0_14_10,phimage_Cu-Mn-Ni-Mo-Fe-Pt-Zn-Ca-Er-Au-Cd-Co-Gd-Na-Sm-Eu-Tb-V-Ag-Nd-U-Ba-Ce-K-Ga-Cr-Al-Li-Sc-Ru-In-Mg-Zr-Dy-W-Yb-Y-Ho-Re-Be-Rb-La-Sn-Cs-Pb-Pr-Bi-Tm-Sr-Ti-Hf-Ir-Nb-Pd-Hg-Th-Np-Lu-Rh-Pu_0_14_11,phimage_Cu-Mn-Ni-Mo-Fe-Pt-Zn-Ca-Er-Au-Cd-Co-Gd-Na-Sm-Eu-Tb-V-Ag-Nd-U-Ba-Ce-K-Ga-Cr-Al-Li-Sc-Ru-In-Mg-Zr-Dy-W-Yb-Y-Ho-Re-Be-Rb-La-Sn-Cs-Pb-Pr-Bi-Tm-Sr-Ti-Hf-Ir-Nb-Pd-Hg-Th-Np-Lu-Rh-Pu_0_14_12,phimage_Cu-Mn-Ni-Mo-Fe-Pt-Zn-Ca-Er-Au-Cd-Co-Gd-Na-Sm-Eu-Tb-V-Ag-Nd-U-Ba-Ce-K-Ga-Cr-Al-Li-Sc-Ru-In-Mg-Zr-Dy-W-Yb-Y-Ho-Re-Be-Rb-La-Sn-Cs-Pb-Pr-Bi-Tm-Sr-Ti-Hf-Ir-Nb-Pd-Hg-Th-Np-Lu-Rh-Pu_0_14_13,phimage_Cu-Mn-Ni-Mo-Fe-Pt-Zn-Ca-Er-Au-Cd-Co-Gd-Na-Sm-Eu-Tb-V-Ag-Nd-U-Ba-Ce-K-Ga-Cr-Al-Li-Sc-Ru-In-Mg-Zr-Dy-W-Yb-Y-Ho-Re-Be-Rb-La-Sn-Cs-Pb-Pr-Bi-Tm-Sr-Ti-Hf-Ir-Nb-Pd-Hg-Th-Np-Lu-Rh-Pu_0_14_14,phimage_Cu-Mn-Ni-Mo-Fe-Pt-Zn-Ca-Er-Au-Cd-Co-Gd-Na-Sm-Eu-Tb-V-Ag-Nd-U-Ba-Ce-K-Ga-Cr-Al-Li-Sc-Ru-In-Mg-Zr-Dy-W-Yb-Y-Ho-Re-Be-Rb-La-Sn-Cs-Pb-Pr-Bi-Tm-Sr-Ti-Hf-Ir-Nb-Pd-Hg-Th-Np-Lu-Rh-Pu_0_14_15,phimage_Cu-Mn-Ni-Mo-Fe-Pt-Zn-Ca-Er-Au-Cd-Co-Gd-Na-Sm-Eu-Tb-V-Ag-Nd-U-Ba-Ce-K-Ga-Cr-Al-Li-Sc-Ru-In-Mg-Zr-Dy-W-Yb-Y-Ho-Re-Be-Rb-La-Sn-Cs-Pb-Pr-Bi-Tm-Sr-Ti-Hf-Ir-Nb-Pd-Hg-Th-Np-Lu-Rh-Pu_0_14_16,phimage_Cu-Mn-Ni-Mo-Fe-Pt-Zn-Ca-Er-Au-Cd-Co-Gd-Na-Sm-Eu-Tb-V-Ag-Nd-U-Ba-Ce-K-Ga-Cr-Al-Li-Sc-Ru-In-Mg-Zr-Dy-W-Yb-Y-Ho-Re-Be-Rb-La-Sn-Cs-Pb-Pr-Bi-Tm-Sr-Ti-Hf-Ir-Nb-Pd-Hg-Th-Np-Lu-Rh-Pu_0_14_17,phimage_Cu-Mn-Ni-Mo-Fe-Pt-Zn-Ca-Er-Au-Cd-Co-Gd-Na-Sm-Eu-Tb-V-Ag-Nd-U-Ba-Ce-K-Ga-Cr-Al-Li-Sc-Ru-In-Mg-Zr-Dy-W-Yb-Y-Ho-Re-Be-Rb-La-Sn-Cs-Pb-Pr-Bi-Tm-Sr-Ti-Hf-Ir-Nb-Pd-Hg-Th-Np-Lu-Rh-Pu_0_14_18,phimage_Cu-Mn-Ni-Mo-Fe-Pt-Zn-Ca-Er-Au-Cd-Co-Gd-Na-Sm-Eu-Tb-V-Ag-Nd-U-Ba-Ce-K-Ga-Cr-Al-Li-Sc-Ru-In-Mg-Zr-Dy-W-Yb-Y-Ho-Re-Be-Rb-La-Sn-Cs-Pb-Pr-Bi-Tm-Sr-Ti-Hf-Ir-Nb-Pd-Hg-Th-Np-Lu-Rh-Pu_0_14_19,phimage_Cu-Mn-Ni-Mo-Fe-Pt-Zn-Ca-Er-Au-Cd-Co-Gd-Na-Sm-Eu-Tb-V-Ag-Nd-U-Ba-Ce-K-Ga-Cr-Al-Li-Sc-Ru-In-Mg-Zr-Dy-W-Yb-Y-Ho-Re-Be-Rb-La-Sn-Cs-Pb-Pr-Bi-Tm-Sr-Ti-Hf-Ir-Nb-Pd-Hg-Th-Np-Lu-Rh-Pu_0_15_0,phimage_Cu-Mn-Ni-Mo-Fe-Pt-Zn-Ca-Er-Au-Cd-Co-Gd-Na-Sm-Eu-Tb-V-Ag-Nd-U-Ba-Ce-K-Ga-Cr-Al-Li-Sc-Ru-In-Mg-Zr-Dy-W-Yb-Y-Ho-Re-Be-Rb-La-Sn-Cs-Pb-Pr-Bi-Tm-Sr-Ti-Hf-Ir-Nb-Pd-Hg-Th-Np-Lu-Rh-Pu_0_15_1,phimage_Cu-Mn-Ni-Mo-Fe-Pt-Zn-Ca-Er-Au-Cd-Co-Gd-Na-Sm-Eu-Tb-V-Ag-Nd-U-Ba-Ce-K-Ga-Cr-Al-Li-Sc-Ru-In-Mg-Zr-Dy-W-Yb-Y-Ho-Re-Be-Rb-La-Sn-Cs-Pb-Pr-Bi-Tm-Sr-Ti-Hf-Ir-Nb-Pd-Hg-Th-Np-Lu-Rh-Pu_0_15_2,phimage_Cu-Mn-Ni-Mo-Fe-Pt-Zn-Ca-Er-Au-Cd-Co-Gd-Na-Sm-Eu-Tb-V-Ag-Nd-U-Ba-Ce-K-Ga-Cr-Al-Li-Sc-Ru-In-Mg-Zr-Dy-W-Yb-Y-Ho-Re-Be-Rb-La-Sn-Cs-Pb-Pr-Bi-Tm-Sr-Ti-Hf-Ir-Nb-Pd-Hg-Th-Np-Lu-Rh-Pu_0_15_3,phimage_Cu-Mn-Ni-Mo-Fe-Pt-Zn-Ca-Er-Au-Cd-Co-Gd-Na-Sm-Eu-Tb-V-Ag-Nd-U-Ba-Ce-K-Ga-Cr-Al-Li-Sc-Ru-In-Mg-Zr-Dy-W-Yb-Y-Ho-Re-Be-Rb-La-Sn-Cs-Pb-Pr-Bi-Tm-Sr-Ti-Hf-Ir-Nb-Pd-Hg-Th-Np-Lu-Rh-Pu_0_15_4,phimage_Cu-Mn-Ni-Mo-Fe-Pt-Zn-Ca-Er-Au-Cd-Co-Gd-Na-Sm-Eu-Tb-V-Ag-Nd-U-Ba-Ce-K-Ga-Cr-Al-Li-Sc-Ru-In-Mg-Zr-Dy-W-Yb-Y-Ho-Re-Be-Rb-La-Sn-Cs-Pb-Pr-Bi-Tm-Sr-Ti-Hf-Ir-Nb-Pd-Hg-Th-Np-Lu-Rh-Pu_0_15_5,phimage_Cu-Mn-Ni-Mo-Fe-Pt-Zn-Ca-Er-Au-Cd-Co-Gd-Na-Sm-Eu-Tb-V-Ag-Nd-U-Ba-Ce-K-Ga-Cr-Al-Li-Sc-Ru-In-Mg-Zr-Dy-W-Yb-Y-Ho-Re-Be-Rb-La-Sn-Cs-Pb-Pr-Bi-Tm-Sr-Ti-Hf-Ir-Nb-Pd-Hg-Th-Np-Lu-Rh-Pu_0_15_6,phimage_Cu-Mn-Ni-Mo-Fe-Pt-Zn-Ca-Er-Au-Cd-Co-Gd-Na-Sm-Eu-Tb-V-Ag-Nd-U-Ba-Ce-K-Ga-Cr-Al-Li-Sc-Ru-In-Mg-Zr-Dy-W-Yb-Y-Ho-Re-Be-Rb-La-Sn-Cs-Pb-Pr-Bi-Tm-Sr-Ti-Hf-Ir-Nb-Pd-Hg-Th-Np-Lu-Rh-Pu_0_15_7,phimage_Cu-Mn-Ni-Mo-Fe-Pt-Zn-Ca-Er-Au-Cd-Co-Gd-Na-Sm-Eu-Tb-V-Ag-Nd-U-Ba-Ce-K-Ga-Cr-Al-Li-Sc-Ru-In-Mg-Zr-Dy-W-Yb-Y-Ho-Re-Be-Rb-La-Sn-Cs-Pb-Pr-Bi-Tm-Sr-Ti-Hf-Ir-Nb-Pd-Hg-Th-Np-Lu-Rh-Pu_0_15_8,phimage_Cu-Mn-Ni-Mo-Fe-Pt-Zn-Ca-Er-Au-Cd-Co-Gd-Na-Sm-Eu-Tb-V-Ag-Nd-U-Ba-Ce-K-Ga-Cr-Al-Li-Sc-Ru-In-Mg-Zr-Dy-W-Yb-Y-Ho-Re-Be-Rb-La-Sn-Cs-Pb-Pr-Bi-Tm-Sr-Ti-Hf-Ir-Nb-Pd-Hg-Th-Np-Lu-Rh-Pu_0_15_9,phimage_Cu-Mn-Ni-Mo-Fe-Pt-Zn-Ca-Er-Au-Cd-Co-Gd-Na-Sm-Eu-Tb-V-Ag-Nd-U-Ba-Ce-K-Ga-Cr-Al-Li-Sc-Ru-In-Mg-Zr-Dy-W-Yb-Y-Ho-Re-Be-Rb-La-Sn-Cs-Pb-Pr-Bi-Tm-Sr-Ti-Hf-Ir-Nb-Pd-Hg-Th-Np-Lu-Rh-Pu_0_15_10,phimage_Cu-Mn-Ni-Mo-Fe-Pt-Zn-Ca-Er-Au-Cd-Co-Gd-Na-Sm-Eu-Tb-V-Ag-Nd-U-Ba-Ce-K-Ga-Cr-Al-Li-Sc-Ru-In-Mg-Zr-Dy-W-Yb-Y-Ho-Re-Be-Rb-La-Sn-Cs-Pb-Pr-Bi-Tm-Sr-Ti-Hf-Ir-Nb-Pd-Hg-Th-Np-Lu-Rh-Pu_0_15_11,phimage_Cu-Mn-Ni-Mo-Fe-Pt-Zn-Ca-Er-Au-Cd-Co-Gd-Na-Sm-Eu-Tb-V-Ag-Nd-U-Ba-Ce-K-Ga-Cr-Al-Li-Sc-Ru-In-Mg-Zr-Dy-W-Yb-Y-Ho-Re-Be-Rb-La-Sn-Cs-Pb-Pr-Bi-Tm-Sr-Ti-Hf-Ir-Nb-Pd-Hg-Th-Np-Lu-Rh-Pu_0_15_12,phimage_Cu-Mn-Ni-Mo-Fe-Pt-Zn-Ca-Er-Au-Cd-Co-Gd-Na-Sm-Eu-Tb-V-Ag-Nd-U-Ba-Ce-K-Ga-Cr-Al-Li-Sc-Ru-In-Mg-Zr-Dy-W-Yb-Y-Ho-Re-Be-Rb-La-Sn-Cs-Pb-Pr-Bi-Tm-Sr-Ti-Hf-Ir-Nb-Pd-Hg-Th-Np-Lu-Rh-Pu_0_15_13,phimage_Cu-Mn-Ni-Mo-Fe-Pt-Zn-Ca-Er-Au-Cd-Co-Gd-Na-Sm-Eu-Tb-V-Ag-Nd-U-Ba-Ce-K-Ga-Cr-Al-Li-Sc-Ru-In-Mg-Zr-Dy-W-Yb-Y-Ho-Re-Be-Rb-La-Sn-Cs-Pb-Pr-Bi-Tm-Sr-Ti-Hf-Ir-Nb-Pd-Hg-Th-Np-Lu-Rh-Pu_0_15_14,phimage_Cu-Mn-Ni-Mo-Fe-Pt-Zn-Ca-Er-Au-Cd-Co-Gd-Na-Sm-Eu-Tb-V-Ag-Nd-U-Ba-Ce-K-Ga-Cr-Al-Li-Sc-Ru-In-Mg-Zr-Dy-W-Yb-Y-Ho-Re-Be-Rb-La-Sn-Cs-Pb-Pr-Bi-Tm-Sr-Ti-Hf-Ir-Nb-Pd-Hg-Th-Np-Lu-Rh-Pu_0_15_15,phimage_Cu-Mn-Ni-Mo-Fe-Pt-Zn-Ca-Er-Au-Cd-Co-Gd-Na-Sm-Eu-Tb-V-Ag-Nd-U-Ba-Ce-K-Ga-Cr-Al-Li-Sc-Ru-In-Mg-Zr-Dy-W-Yb-Y-Ho-Re-Be-Rb-La-Sn-Cs-Pb-Pr-Bi-Tm-Sr-Ti-Hf-Ir-Nb-Pd-Hg-Th-Np-Lu-Rh-Pu_0_15_16,phimage_Cu-Mn-Ni-Mo-Fe-Pt-Zn-Ca-Er-Au-Cd-Co-Gd-Na-Sm-Eu-Tb-V-Ag-Nd-U-Ba-Ce-K-Ga-Cr-Al-Li-Sc-Ru-In-Mg-Zr-Dy-W-Yb-Y-Ho-Re-Be-Rb-La-Sn-Cs-Pb-Pr-Bi-Tm-Sr-Ti-Hf-Ir-Nb-Pd-Hg-Th-Np-Lu-Rh-Pu_0_15_17,phimage_Cu-Mn-Ni-Mo-Fe-Pt-Zn-Ca-Er-Au-Cd-Co-Gd-Na-Sm-Eu-Tb-V-Ag-Nd-U-Ba-Ce-K-Ga-Cr-Al-Li-Sc-Ru-In-Mg-Zr-Dy-W-Yb-Y-Ho-Re-Be-Rb-La-Sn-Cs-Pb-Pr-Bi-Tm-Sr-Ti-Hf-Ir-Nb-Pd-Hg-Th-Np-Lu-Rh-Pu_0_15_18,phimage_Cu-Mn-Ni-Mo-Fe-Pt-Zn-Ca-Er-Au-Cd-Co-Gd-Na-Sm-Eu-Tb-V-Ag-Nd-U-Ba-Ce-K-Ga-Cr-Al-Li-Sc-Ru-In-Mg-Zr-Dy-W-Yb-Y-Ho-Re-Be-Rb-La-Sn-Cs-Pb-Pr-Bi-Tm-Sr-Ti-Hf-Ir-Nb-Pd-Hg-Th-Np-Lu-Rh-Pu_0_15_19,phimage_Cu-Mn-Ni-Mo-Fe-Pt-Zn-Ca-Er-Au-Cd-Co-Gd-Na-Sm-Eu-Tb-V-Ag-Nd-U-Ba-Ce-K-Ga-Cr-Al-Li-Sc-Ru-In-Mg-Zr-Dy-W-Yb-Y-Ho-Re-Be-Rb-La-Sn-Cs-Pb-Pr-Bi-Tm-Sr-Ti-Hf-Ir-Nb-Pd-Hg-Th-Np-Lu-Rh-Pu_0_16_0,phimage_Cu-Mn-Ni-Mo-Fe-Pt-Zn-Ca-Er-Au-Cd-Co-Gd-Na-Sm-Eu-Tb-V-Ag-Nd-U-Ba-Ce-K-Ga-Cr-Al-Li-Sc-Ru-In-Mg-Zr-Dy-W-Yb-Y-Ho-Re-Be-Rb-La-Sn-Cs-Pb-Pr-Bi-Tm-Sr-Ti-Hf-Ir-Nb-Pd-Hg-Th-Np-Lu-Rh-Pu_0_16_1,phimage_Cu-Mn-Ni-Mo-Fe-Pt-Zn-Ca-Er-Au-Cd-Co-Gd-Na-Sm-Eu-Tb-V-Ag-Nd-U-Ba-Ce-K-Ga-Cr-Al-Li-Sc-Ru-In-Mg-Zr-Dy-W-Yb-Y-Ho-Re-Be-Rb-La-Sn-Cs-Pb-Pr-Bi-Tm-Sr-Ti-Hf-Ir-Nb-Pd-Hg-Th-Np-Lu-Rh-Pu_0_16_2,phimage_Cu-Mn-Ni-Mo-Fe-Pt-Zn-Ca-Er-Au-Cd-Co-Gd-Na-Sm-Eu-Tb-V-Ag-Nd-U-Ba-Ce-K-Ga-Cr-Al-Li-Sc-Ru-In-Mg-Zr-Dy-W-Yb-Y-Ho-Re-Be-Rb-La-Sn-Cs-Pb-Pr-Bi-Tm-Sr-Ti-Hf-Ir-Nb-Pd-Hg-Th-Np-Lu-Rh-Pu_0_16_3,phimage_Cu-Mn-Ni-Mo-Fe-Pt-Zn-Ca-Er-Au-Cd-Co-Gd-Na-Sm-Eu-Tb-V-Ag-Nd-U-Ba-Ce-K-Ga-Cr-Al-Li-Sc-Ru-In-Mg-Zr-Dy-W-Yb-Y-Ho-Re-Be-Rb-La-Sn-Cs-Pb-Pr-Bi-Tm-Sr-Ti-Hf-Ir-Nb-Pd-Hg-Th-Np-Lu-Rh-Pu_0_16_4,phimage_Cu-Mn-Ni-Mo-Fe-Pt-Zn-Ca-Er-Au-Cd-Co-Gd-Na-Sm-Eu-Tb-V-Ag-Nd-U-Ba-Ce-K-Ga-Cr-Al-Li-Sc-Ru-In-Mg-Zr-Dy-W-Yb-Y-Ho-Re-Be-Rb-La-Sn-Cs-Pb-Pr-Bi-Tm-Sr-Ti-Hf-Ir-Nb-Pd-Hg-Th-Np-Lu-Rh-Pu_0_16_5,phimage_Cu-Mn-Ni-Mo-Fe-Pt-Zn-Ca-Er-Au-Cd-Co-Gd-Na-Sm-Eu-Tb-V-Ag-Nd-U-Ba-Ce-K-Ga-Cr-Al-Li-Sc-Ru-In-Mg-Zr-Dy-W-Yb-Y-Ho-Re-Be-Rb-La-Sn-Cs-Pb-Pr-Bi-Tm-Sr-Ti-Hf-Ir-Nb-Pd-Hg-Th-Np-Lu-Rh-Pu_0_16_6,phimage_Cu-Mn-Ni-Mo-Fe-Pt-Zn-Ca-Er-Au-Cd-Co-Gd-Na-Sm-Eu-Tb-V-Ag-Nd-U-Ba-Ce-K-Ga-Cr-Al-Li-Sc-Ru-In-Mg-Zr-Dy-W-Yb-Y-Ho-Re-Be-Rb-La-Sn-Cs-Pb-Pr-Bi-Tm-Sr-Ti-Hf-Ir-Nb-Pd-Hg-Th-Np-Lu-Rh-Pu_0_16_7,phimage_Cu-Mn-Ni-Mo-Fe-Pt-Zn-Ca-Er-Au-Cd-Co-Gd-Na-Sm-Eu-Tb-V-Ag-Nd-U-Ba-Ce-K-Ga-Cr-Al-Li-Sc-Ru-In-Mg-Zr-Dy-W-Yb-Y-Ho-Re-Be-Rb-La-Sn-Cs-Pb-Pr-Bi-Tm-Sr-Ti-Hf-Ir-Nb-Pd-Hg-Th-Np-Lu-Rh-Pu_0_16_8,phimage_Cu-Mn-Ni-Mo-Fe-Pt-Zn-Ca-Er-Au-Cd-Co-Gd-Na-Sm-Eu-Tb-V-Ag-Nd-U-Ba-Ce-K-Ga-Cr-Al-Li-Sc-Ru-In-Mg-Zr-Dy-W-Yb-Y-Ho-Re-Be-Rb-La-Sn-Cs-Pb-Pr-Bi-Tm-Sr-Ti-Hf-Ir-Nb-Pd-Hg-Th-Np-Lu-Rh-Pu_0_16_9,phimage_Cu-Mn-Ni-Mo-Fe-Pt-Zn-Ca-Er-Au-Cd-Co-Gd-Na-Sm-Eu-Tb-V-Ag-Nd-U-Ba-Ce-K-Ga-Cr-Al-Li-Sc-Ru-In-Mg-Zr-Dy-W-Yb-Y-Ho-Re-Be-Rb-La-Sn-Cs-Pb-Pr-Bi-Tm-Sr-Ti-Hf-Ir-Nb-Pd-Hg-Th-Np-Lu-Rh-Pu_0_16_10,phimage_Cu-Mn-Ni-Mo-Fe-Pt-Zn-Ca-Er-Au-Cd-Co-Gd-Na-Sm-Eu-Tb-V-Ag-Nd-U-Ba-Ce-K-Ga-Cr-Al-Li-Sc-Ru-In-Mg-Zr-Dy-W-Yb-Y-Ho-Re-Be-Rb-La-Sn-Cs-Pb-Pr-Bi-Tm-Sr-Ti-Hf-Ir-Nb-Pd-Hg-Th-Np-Lu-Rh-Pu_0_16_11,phimage_Cu-Mn-Ni-Mo-Fe-Pt-Zn-Ca-Er-Au-Cd-Co-Gd-Na-Sm-Eu-Tb-V-Ag-Nd-U-Ba-Ce-K-Ga-Cr-Al-Li-Sc-Ru-In-Mg-Zr-Dy-W-Yb-Y-Ho-Re-Be-Rb-La-Sn-Cs-Pb-Pr-Bi-Tm-Sr-Ti-Hf-Ir-Nb-Pd-Hg-Th-Np-Lu-Rh-Pu_0_16_12,phimage_Cu-Mn-Ni-Mo-Fe-Pt-Zn-Ca-Er-Au-Cd-Co-Gd-Na-Sm-Eu-Tb-V-Ag-Nd-U-Ba-Ce-K-Ga-Cr-Al-Li-Sc-Ru-In-Mg-Zr-Dy-W-Yb-Y-Ho-Re-Be-Rb-La-Sn-Cs-Pb-Pr-Bi-Tm-Sr-Ti-Hf-Ir-Nb-Pd-Hg-Th-Np-Lu-Rh-Pu_0_16_13,phimage_Cu-Mn-Ni-Mo-Fe-Pt-Zn-Ca-Er-Au-Cd-Co-Gd-Na-Sm-Eu-Tb-V-Ag-Nd-U-Ba-Ce-K-Ga-Cr-Al-Li-Sc-Ru-In-Mg-Zr-Dy-W-Yb-Y-Ho-Re-Be-Rb-La-Sn-Cs-Pb-Pr-Bi-Tm-Sr-Ti-Hf-Ir-Nb-Pd-Hg-Th-Np-Lu-Rh-Pu_0_16_14,phimage_Cu-Mn-Ni-Mo-Fe-Pt-Zn-Ca-Er-Au-Cd-Co-Gd-Na-Sm-Eu-Tb-V-Ag-Nd-U-Ba-Ce-K-Ga-Cr-Al-Li-Sc-Ru-In-Mg-Zr-Dy-W-Yb-Y-Ho-Re-Be-Rb-La-Sn-Cs-Pb-Pr-Bi-Tm-Sr-Ti-Hf-Ir-Nb-Pd-Hg-Th-Np-Lu-Rh-Pu_0_16_15,phimage_Cu-Mn-Ni-Mo-Fe-Pt-Zn-Ca-Er-Au-Cd-Co-Gd-Na-Sm-Eu-Tb-V-Ag-Nd-U-Ba-Ce-K-Ga-Cr-Al-Li-Sc-Ru-In-Mg-Zr-Dy-W-Yb-Y-Ho-Re-Be-Rb-La-Sn-Cs-Pb-Pr-Bi-Tm-Sr-Ti-Hf-Ir-Nb-Pd-Hg-Th-Np-Lu-Rh-Pu_0_16_16,phimage_Cu-Mn-Ni-Mo-Fe-Pt-Zn-Ca-Er-Au-Cd-Co-Gd-Na-Sm-Eu-Tb-V-Ag-Nd-U-Ba-Ce-K-Ga-Cr-Al-Li-Sc-Ru-In-Mg-Zr-Dy-W-Yb-Y-Ho-Re-Be-Rb-La-Sn-Cs-Pb-Pr-Bi-Tm-Sr-Ti-Hf-Ir-Nb-Pd-Hg-Th-Np-Lu-Rh-Pu_0_16_17,phimage_Cu-Mn-Ni-Mo-Fe-Pt-Zn-Ca-Er-Au-Cd-Co-Gd-Na-Sm-Eu-Tb-V-Ag-Nd-U-Ba-Ce-K-Ga-Cr-Al-Li-Sc-Ru-In-Mg-Zr-Dy-W-Yb-Y-Ho-Re-Be-Rb-La-Sn-Cs-Pb-Pr-Bi-Tm-Sr-Ti-Hf-Ir-Nb-Pd-Hg-Th-Np-Lu-Rh-Pu_0_16_18,phimage_Cu-Mn-Ni-Mo-Fe-Pt-Zn-Ca-Er-Au-Cd-Co-Gd-Na-Sm-Eu-Tb-V-Ag-Nd-U-Ba-Ce-K-Ga-Cr-Al-Li-Sc-Ru-In-Mg-Zr-Dy-W-Yb-Y-Ho-Re-Be-Rb-La-Sn-Cs-Pb-Pr-Bi-Tm-Sr-Ti-Hf-Ir-Nb-Pd-Hg-Th-Np-Lu-Rh-Pu_0_16_19,phimage_Cu-Mn-Ni-Mo-Fe-Pt-Zn-Ca-Er-Au-Cd-Co-Gd-Na-Sm-Eu-Tb-V-Ag-Nd-U-Ba-Ce-K-Ga-Cr-Al-Li-Sc-Ru-In-Mg-Zr-Dy-W-Yb-Y-Ho-Re-Be-Rb-La-Sn-Cs-Pb-Pr-Bi-Tm-Sr-Ti-Hf-Ir-Nb-Pd-Hg-Th-Np-Lu-Rh-Pu_0_17_0,phimage_Cu-Mn-Ni-Mo-Fe-Pt-Zn-Ca-Er-Au-Cd-Co-Gd-Na-Sm-Eu-Tb-V-Ag-Nd-U-Ba-Ce-K-Ga-Cr-Al-Li-Sc-Ru-In-Mg-Zr-Dy-W-Yb-Y-Ho-Re-Be-Rb-La-Sn-Cs-Pb-Pr-Bi-Tm-Sr-Ti-Hf-Ir-Nb-Pd-Hg-Th-Np-Lu-Rh-Pu_0_17_1,phimage_Cu-Mn-Ni-Mo-Fe-Pt-Zn-Ca-Er-Au-Cd-Co-Gd-Na-Sm-Eu-Tb-V-Ag-Nd-U-Ba-Ce-K-Ga-Cr-Al-Li-Sc-Ru-In-Mg-Zr-Dy-W-Yb-Y-Ho-Re-Be-Rb-La-Sn-Cs-Pb-Pr-Bi-Tm-Sr-Ti-Hf-Ir-Nb-Pd-Hg-Th-Np-Lu-Rh-Pu_0_17_2,phimage_Cu-Mn-Ni-Mo-Fe-Pt-Zn-Ca-Er-Au-Cd-Co-Gd-Na-Sm-Eu-Tb-V-Ag-Nd-U-Ba-Ce-K-Ga-Cr-Al-Li-Sc-Ru-In-Mg-Zr-Dy-W-Yb-Y-Ho-Re-Be-Rb-La-Sn-Cs-Pb-Pr-Bi-Tm-Sr-Ti-Hf-Ir-Nb-Pd-Hg-Th-Np-Lu-Rh-Pu_0_17_3,phimage_Cu-Mn-Ni-Mo-Fe-Pt-Zn-Ca-Er-Au-Cd-Co-Gd-Na-Sm-Eu-Tb-V-Ag-Nd-U-Ba-Ce-K-Ga-Cr-Al-Li-Sc-Ru-In-Mg-Zr-Dy-W-Yb-Y-Ho-Re-Be-Rb-La-Sn-Cs-Pb-Pr-Bi-Tm-Sr-Ti-Hf-Ir-Nb-Pd-Hg-Th-Np-Lu-Rh-Pu_0_17_4,phimage_Cu-Mn-Ni-Mo-Fe-Pt-Zn-Ca-Er-Au-Cd-Co-Gd-Na-Sm-Eu-Tb-V-Ag-Nd-U-Ba-Ce-K-Ga-Cr-Al-Li-Sc-Ru-In-Mg-Zr-Dy-W-Yb-Y-Ho-Re-Be-Rb-La-Sn-Cs-Pb-Pr-Bi-Tm-Sr-Ti-Hf-Ir-Nb-Pd-Hg-Th-Np-Lu-Rh-Pu_0_17_5,phimage_Cu-Mn-Ni-Mo-Fe-Pt-Zn-Ca-Er-Au-Cd-Co-Gd-Na-Sm-Eu-Tb-V-Ag-Nd-U-Ba-Ce-K-Ga-Cr-Al-Li-Sc-Ru-In-Mg-Zr-Dy-W-Yb-Y-Ho-Re-Be-Rb-La-Sn-Cs-Pb-Pr-Bi-Tm-Sr-Ti-Hf-Ir-Nb-Pd-Hg-Th-Np-Lu-Rh-Pu_0_17_6,phimage_Cu-Mn-Ni-Mo-Fe-Pt-Zn-Ca-Er-Au-Cd-Co-Gd-Na-Sm-Eu-Tb-V-Ag-Nd-U-Ba-Ce-K-Ga-Cr-Al-Li-Sc-Ru-In-Mg-Zr-Dy-W-Yb-Y-Ho-Re-Be-Rb-La-Sn-Cs-Pb-Pr-Bi-Tm-Sr-Ti-Hf-Ir-Nb-Pd-Hg-Th-Np-Lu-Rh-Pu_0_17_7,phimage_Cu-Mn-Ni-Mo-Fe-Pt-Zn-Ca-Er-Au-Cd-Co-Gd-Na-Sm-Eu-Tb-V-Ag-Nd-U-Ba-Ce-K-Ga-Cr-Al-Li-Sc-Ru-In-Mg-Zr-Dy-W-Yb-Y-Ho-Re-Be-Rb-La-Sn-Cs-Pb-Pr-Bi-Tm-Sr-Ti-Hf-Ir-Nb-Pd-Hg-Th-Np-Lu-Rh-Pu_0_17_8,phimage_Cu-Mn-Ni-Mo-Fe-Pt-Zn-Ca-Er-Au-Cd-Co-Gd-Na-Sm-Eu-Tb-V-Ag-Nd-U-Ba-Ce-K-Ga-Cr-Al-Li-Sc-Ru-In-Mg-Zr-Dy-W-Yb-Y-Ho-Re-Be-Rb-La-Sn-Cs-Pb-Pr-Bi-Tm-Sr-Ti-Hf-Ir-Nb-Pd-Hg-Th-Np-Lu-Rh-Pu_0_17_9,phimage_Cu-Mn-Ni-Mo-Fe-Pt-Zn-Ca-Er-Au-Cd-Co-Gd-Na-Sm-Eu-Tb-V-Ag-Nd-U-Ba-Ce-K-Ga-Cr-Al-Li-Sc-Ru-In-Mg-Zr-Dy-W-Yb-Y-Ho-Re-Be-Rb-La-Sn-Cs-Pb-Pr-Bi-Tm-Sr-Ti-Hf-Ir-Nb-Pd-Hg-Th-Np-Lu-Rh-Pu_0_17_10,phimage_Cu-Mn-Ni-Mo-Fe-Pt-Zn-Ca-Er-Au-Cd-Co-Gd-Na-Sm-Eu-Tb-V-Ag-Nd-U-Ba-Ce-K-Ga-Cr-Al-Li-Sc-Ru-In-Mg-Zr-Dy-W-Yb-Y-Ho-Re-Be-Rb-La-Sn-Cs-Pb-Pr-Bi-Tm-Sr-Ti-Hf-Ir-Nb-Pd-Hg-Th-Np-Lu-Rh-Pu_0_17_11,phimage_Cu-Mn-Ni-Mo-Fe-Pt-Zn-Ca-Er-Au-Cd-Co-Gd-Na-Sm-Eu-Tb-V-Ag-Nd-U-Ba-Ce-K-Ga-Cr-Al-Li-Sc-Ru-In-Mg-Zr-Dy-W-Yb-Y-Ho-Re-Be-Rb-La-Sn-Cs-Pb-Pr-Bi-Tm-Sr-Ti-Hf-Ir-Nb-Pd-Hg-Th-Np-Lu-Rh-Pu_0_17_12,phimage_Cu-Mn-Ni-Mo-Fe-Pt-Zn-Ca-Er-Au-Cd-Co-Gd-Na-Sm-Eu-Tb-V-Ag-Nd-U-Ba-Ce-K-Ga-Cr-Al-Li-Sc-Ru-In-Mg-Zr-Dy-W-Yb-Y-Ho-Re-Be-Rb-La-Sn-Cs-Pb-Pr-Bi-Tm-Sr-Ti-Hf-Ir-Nb-Pd-Hg-Th-Np-Lu-Rh-Pu_0_17_13,phimage_Cu-Mn-Ni-Mo-Fe-Pt-Zn-Ca-Er-Au-Cd-Co-Gd-Na-Sm-Eu-Tb-V-Ag-Nd-U-Ba-Ce-K-Ga-Cr-Al-Li-Sc-Ru-In-Mg-Zr-Dy-W-Yb-Y-Ho-Re-Be-Rb-La-Sn-Cs-Pb-Pr-Bi-Tm-Sr-Ti-Hf-Ir-Nb-Pd-Hg-Th-Np-Lu-Rh-Pu_0_17_14,phimage_Cu-Mn-Ni-Mo-Fe-Pt-Zn-Ca-Er-Au-Cd-Co-Gd-Na-Sm-Eu-Tb-V-Ag-Nd-U-Ba-Ce-K-Ga-Cr-Al-Li-Sc-Ru-In-Mg-Zr-Dy-W-Yb-Y-Ho-Re-Be-Rb-La-Sn-Cs-Pb-Pr-Bi-Tm-Sr-Ti-Hf-Ir-Nb-Pd-Hg-Th-Np-Lu-Rh-Pu_0_17_15,phimage_Cu-Mn-Ni-Mo-Fe-Pt-Zn-Ca-Er-Au-Cd-Co-Gd-Na-Sm-Eu-Tb-V-Ag-Nd-U-Ba-Ce-K-Ga-Cr-Al-Li-Sc-Ru-In-Mg-Zr-Dy-W-Yb-Y-Ho-Re-Be-Rb-La-Sn-Cs-Pb-Pr-Bi-Tm-Sr-Ti-Hf-Ir-Nb-Pd-Hg-Th-Np-Lu-Rh-Pu_0_17_16,phimage_Cu-Mn-Ni-Mo-Fe-Pt-Zn-Ca-Er-Au-Cd-Co-Gd-Na-Sm-Eu-Tb-V-Ag-Nd-U-Ba-Ce-K-Ga-Cr-Al-Li-Sc-Ru-In-Mg-Zr-Dy-W-Yb-Y-Ho-Re-Be-Rb-La-Sn-Cs-Pb-Pr-Bi-Tm-Sr-Ti-Hf-Ir-Nb-Pd-Hg-Th-Np-Lu-Rh-Pu_0_17_17,phimage_Cu-Mn-Ni-Mo-Fe-Pt-Zn-Ca-Er-Au-Cd-Co-Gd-Na-Sm-Eu-Tb-V-Ag-Nd-U-Ba-Ce-K-Ga-Cr-Al-Li-Sc-Ru-In-Mg-Zr-Dy-W-Yb-Y-Ho-Re-Be-Rb-La-Sn-Cs-Pb-Pr-Bi-Tm-Sr-Ti-Hf-Ir-Nb-Pd-Hg-Th-Np-Lu-Rh-Pu_0_17_18,phimage_Cu-Mn-Ni-Mo-Fe-Pt-Zn-Ca-Er-Au-Cd-Co-Gd-Na-Sm-Eu-Tb-V-Ag-Nd-U-Ba-Ce-K-Ga-Cr-Al-Li-Sc-Ru-In-Mg-Zr-Dy-W-Yb-Y-Ho-Re-Be-Rb-La-Sn-Cs-Pb-Pr-Bi-Tm-Sr-Ti-Hf-Ir-Nb-Pd-Hg-Th-Np-Lu-Rh-Pu_0_17_19,phimage_Cu-Mn-Ni-Mo-Fe-Pt-Zn-Ca-Er-Au-Cd-Co-Gd-Na-Sm-Eu-Tb-V-Ag-Nd-U-Ba-Ce-K-Ga-Cr-Al-Li-Sc-Ru-In-Mg-Zr-Dy-W-Yb-Y-Ho-Re-Be-Rb-La-Sn-Cs-Pb-Pr-Bi-Tm-Sr-Ti-Hf-Ir-Nb-Pd-Hg-Th-Np-Lu-Rh-Pu_0_18_0,phimage_Cu-Mn-Ni-Mo-Fe-Pt-Zn-Ca-Er-Au-Cd-Co-Gd-Na-Sm-Eu-Tb-V-Ag-Nd-U-Ba-Ce-K-Ga-Cr-Al-Li-Sc-Ru-In-Mg-Zr-Dy-W-Yb-Y-Ho-Re-Be-Rb-La-Sn-Cs-Pb-Pr-Bi-Tm-Sr-Ti-Hf-Ir-Nb-Pd-Hg-Th-Np-Lu-Rh-Pu_0_18_1,phimage_Cu-Mn-Ni-Mo-Fe-Pt-Zn-Ca-Er-Au-Cd-Co-Gd-Na-Sm-Eu-Tb-V-Ag-Nd-U-Ba-Ce-K-Ga-Cr-Al-Li-Sc-Ru-In-Mg-Zr-Dy-W-Yb-Y-Ho-Re-Be-Rb-La-Sn-Cs-Pb-Pr-Bi-Tm-Sr-Ti-Hf-Ir-Nb-Pd-Hg-Th-Np-Lu-Rh-Pu_0_18_2,phimage_Cu-Mn-Ni-Mo-Fe-Pt-Zn-Ca-Er-Au-Cd-Co-Gd-Na-Sm-Eu-Tb-V-Ag-Nd-U-Ba-Ce-K-Ga-Cr-Al-Li-Sc-Ru-In-Mg-Zr-Dy-W-Yb-Y-Ho-Re-Be-Rb-La-Sn-Cs-Pb-Pr-Bi-Tm-Sr-Ti-Hf-Ir-Nb-Pd-Hg-Th-Np-Lu-Rh-Pu_0_18_3,phimage_Cu-Mn-Ni-Mo-Fe-Pt-Zn-Ca-Er-Au-Cd-Co-Gd-Na-Sm-Eu-Tb-V-Ag-Nd-U-Ba-Ce-K-Ga-Cr-Al-Li-Sc-Ru-In-Mg-Zr-Dy-W-Yb-Y-Ho-Re-Be-Rb-La-Sn-Cs-Pb-Pr-Bi-Tm-Sr-Ti-Hf-Ir-Nb-Pd-Hg-Th-Np-Lu-Rh-Pu_0_18_4,phimage_Cu-Mn-Ni-Mo-Fe-Pt-Zn-Ca-Er-Au-Cd-Co-Gd-Na-Sm-Eu-Tb-V-Ag-Nd-U-Ba-Ce-K-Ga-Cr-Al-Li-Sc-Ru-In-Mg-Zr-Dy-W-Yb-Y-Ho-Re-Be-Rb-La-Sn-Cs-Pb-Pr-Bi-Tm-Sr-Ti-Hf-Ir-Nb-Pd-Hg-Th-Np-Lu-Rh-Pu_0_18_5,phimage_Cu-Mn-Ni-Mo-Fe-Pt-Zn-Ca-Er-Au-Cd-Co-Gd-Na-Sm-Eu-Tb-V-Ag-Nd-U-Ba-Ce-K-Ga-Cr-Al-Li-Sc-Ru-In-Mg-Zr-Dy-W-Yb-Y-Ho-Re-Be-Rb-La-Sn-Cs-Pb-Pr-Bi-Tm-Sr-Ti-Hf-Ir-Nb-Pd-Hg-Th-Np-Lu-Rh-Pu_0_18_6,phimage_Cu-Mn-Ni-Mo-Fe-Pt-Zn-Ca-Er-Au-Cd-Co-Gd-Na-Sm-Eu-Tb-V-Ag-Nd-U-Ba-Ce-K-Ga-Cr-Al-Li-Sc-Ru-In-Mg-Zr-Dy-W-Yb-Y-Ho-Re-Be-Rb-La-Sn-Cs-Pb-Pr-Bi-Tm-Sr-Ti-Hf-Ir-Nb-Pd-Hg-Th-Np-Lu-Rh-Pu_0_18_7,phimage_Cu-Mn-Ni-Mo-Fe-Pt-Zn-Ca-Er-Au-Cd-Co-Gd-Na-Sm-Eu-Tb-V-Ag-Nd-U-Ba-Ce-K-Ga-Cr-Al-Li-Sc-Ru-In-Mg-Zr-Dy-W-Yb-Y-Ho-Re-Be-Rb-La-Sn-Cs-Pb-Pr-Bi-Tm-Sr-Ti-Hf-Ir-Nb-Pd-Hg-Th-Np-Lu-Rh-Pu_0_18_8,phimage_Cu-Mn-Ni-Mo-Fe-Pt-Zn-Ca-Er-Au-Cd-Co-Gd-Na-Sm-Eu-Tb-V-Ag-Nd-U-Ba-Ce-K-Ga-Cr-Al-Li-Sc-Ru-In-Mg-Zr-Dy-W-Yb-Y-Ho-Re-Be-Rb-La-Sn-Cs-Pb-Pr-Bi-Tm-Sr-Ti-Hf-Ir-Nb-Pd-Hg-Th-Np-Lu-Rh-Pu_0_18_9,phimage_Cu-Mn-Ni-Mo-Fe-Pt-Zn-Ca-Er-Au-Cd-Co-Gd-Na-Sm-Eu-Tb-V-Ag-Nd-U-Ba-Ce-K-Ga-Cr-Al-Li-Sc-Ru-In-Mg-Zr-Dy-W-Yb-Y-Ho-Re-Be-Rb-La-Sn-Cs-Pb-Pr-Bi-Tm-Sr-Ti-Hf-Ir-Nb-Pd-Hg-Th-Np-Lu-Rh-Pu_0_18_10,phimage_Cu-Mn-Ni-Mo-Fe-Pt-Zn-Ca-Er-Au-Cd-Co-Gd-Na-Sm-Eu-Tb-V-Ag-Nd-U-Ba-Ce-K-Ga-Cr-Al-Li-Sc-Ru-In-Mg-Zr-Dy-W-Yb-Y-Ho-Re-Be-Rb-La-Sn-Cs-Pb-Pr-Bi-Tm-Sr-Ti-Hf-Ir-Nb-Pd-Hg-Th-Np-Lu-Rh-Pu_0_18_11,phimage_Cu-Mn-Ni-Mo-Fe-Pt-Zn-Ca-Er-Au-Cd-Co-Gd-Na-Sm-Eu-Tb-V-Ag-Nd-U-Ba-Ce-K-Ga-Cr-Al-Li-Sc-Ru-In-Mg-Zr-Dy-W-Yb-Y-Ho-Re-Be-Rb-La-Sn-Cs-Pb-Pr-Bi-Tm-Sr-Ti-Hf-Ir-Nb-Pd-Hg-Th-Np-Lu-Rh-Pu_0_18_12,phimage_Cu-Mn-Ni-Mo-Fe-Pt-Zn-Ca-Er-Au-Cd-Co-Gd-Na-Sm-Eu-Tb-V-Ag-Nd-U-Ba-Ce-K-Ga-Cr-Al-Li-Sc-Ru-In-Mg-Zr-Dy-W-Yb-Y-Ho-Re-Be-Rb-La-Sn-Cs-Pb-Pr-Bi-Tm-Sr-Ti-Hf-Ir-Nb-Pd-Hg-Th-Np-Lu-Rh-Pu_0_18_13,phimage_Cu-Mn-Ni-Mo-Fe-Pt-Zn-Ca-Er-Au-Cd-Co-Gd-Na-Sm-Eu-Tb-V-Ag-Nd-U-Ba-Ce-K-Ga-Cr-Al-Li-Sc-Ru-In-Mg-Zr-Dy-W-Yb-Y-Ho-Re-Be-Rb-La-Sn-Cs-Pb-Pr-Bi-Tm-Sr-Ti-Hf-Ir-Nb-Pd-Hg-Th-Np-Lu-Rh-Pu_0_18_14,phimage_Cu-Mn-Ni-Mo-Fe-Pt-Zn-Ca-Er-Au-Cd-Co-Gd-Na-Sm-Eu-Tb-V-Ag-Nd-U-Ba-Ce-K-Ga-Cr-Al-Li-Sc-Ru-In-Mg-Zr-Dy-W-Yb-Y-Ho-Re-Be-Rb-La-Sn-Cs-Pb-Pr-Bi-Tm-Sr-Ti-Hf-Ir-Nb-Pd-Hg-Th-Np-Lu-Rh-Pu_0_18_15,phimage_Cu-Mn-Ni-Mo-Fe-Pt-Zn-Ca-Er-Au-Cd-Co-Gd-Na-Sm-Eu-Tb-V-Ag-Nd-U-Ba-Ce-K-Ga-Cr-Al-Li-Sc-Ru-In-Mg-Zr-Dy-W-Yb-Y-Ho-Re-Be-Rb-La-Sn-Cs-Pb-Pr-Bi-Tm-Sr-Ti-Hf-Ir-Nb-Pd-Hg-Th-Np-Lu-Rh-Pu_0_18_16,phimage_Cu-Mn-Ni-Mo-Fe-Pt-Zn-Ca-Er-Au-Cd-Co-Gd-Na-Sm-Eu-Tb-V-Ag-Nd-U-Ba-Ce-K-Ga-Cr-Al-Li-Sc-Ru-In-Mg-Zr-Dy-W-Yb-Y-Ho-Re-Be-Rb-La-Sn-Cs-Pb-Pr-Bi-Tm-Sr-Ti-Hf-Ir-Nb-Pd-Hg-Th-Np-Lu-Rh-Pu_0_18_17,phimage_Cu-Mn-Ni-Mo-Fe-Pt-Zn-Ca-Er-Au-Cd-Co-Gd-Na-Sm-Eu-Tb-V-Ag-Nd-U-Ba-Ce-K-Ga-Cr-Al-Li-Sc-Ru-In-Mg-Zr-Dy-W-Yb-Y-Ho-Re-Be-Rb-La-Sn-Cs-Pb-Pr-Bi-Tm-Sr-Ti-Hf-Ir-Nb-Pd-Hg-Th-Np-Lu-Rh-Pu_0_18_18,phimage_Cu-Mn-Ni-Mo-Fe-Pt-Zn-Ca-Er-Au-Cd-Co-Gd-Na-Sm-Eu-Tb-V-Ag-Nd-U-Ba-Ce-K-Ga-Cr-Al-Li-Sc-Ru-In-Mg-Zr-Dy-W-Yb-Y-Ho-Re-Be-Rb-La-Sn-Cs-Pb-Pr-Bi-Tm-Sr-Ti-Hf-Ir-Nb-Pd-Hg-Th-Np-Lu-Rh-Pu_0_18_19,phimage_Cu-Mn-Ni-Mo-Fe-Pt-Zn-Ca-Er-Au-Cd-Co-Gd-Na-Sm-Eu-Tb-V-Ag-Nd-U-Ba-Ce-K-Ga-Cr-Al-Li-Sc-Ru-In-Mg-Zr-Dy-W-Yb-Y-Ho-Re-Be-Rb-La-Sn-Cs-Pb-Pr-Bi-Tm-Sr-Ti-Hf-Ir-Nb-Pd-Hg-Th-Np-Lu-Rh-Pu_0_19_0,phimage_Cu-Mn-Ni-Mo-Fe-Pt-Zn-Ca-Er-Au-Cd-Co-Gd-Na-Sm-Eu-Tb-V-Ag-Nd-U-Ba-Ce-K-Ga-Cr-Al-Li-Sc-Ru-In-Mg-Zr-Dy-W-Yb-Y-Ho-Re-Be-Rb-La-Sn-Cs-Pb-Pr-Bi-Tm-Sr-Ti-Hf-Ir-Nb-Pd-Hg-Th-Np-Lu-Rh-Pu_0_19_1,phimage_Cu-Mn-Ni-Mo-Fe-Pt-Zn-Ca-Er-Au-Cd-Co-Gd-Na-Sm-Eu-Tb-V-Ag-Nd-U-Ba-Ce-K-Ga-Cr-Al-Li-Sc-Ru-In-Mg-Zr-Dy-W-Yb-Y-Ho-Re-Be-Rb-La-Sn-Cs-Pb-Pr-Bi-Tm-Sr-Ti-Hf-Ir-Nb-Pd-Hg-Th-Np-Lu-Rh-Pu_0_19_2,phimage_Cu-Mn-Ni-Mo-Fe-Pt-Zn-Ca-Er-Au-Cd-Co-Gd-Na-Sm-Eu-Tb-V-Ag-Nd-U-Ba-Ce-K-Ga-Cr-Al-Li-Sc-Ru-In-Mg-Zr-Dy-W-Yb-Y-Ho-Re-Be-Rb-La-Sn-Cs-Pb-Pr-Bi-Tm-Sr-Ti-Hf-Ir-Nb-Pd-Hg-Th-Np-Lu-Rh-Pu_0_19_3,phimage_Cu-Mn-Ni-Mo-Fe-Pt-Zn-Ca-Er-Au-Cd-Co-Gd-Na-Sm-Eu-Tb-V-Ag-Nd-U-Ba-Ce-K-Ga-Cr-Al-Li-Sc-Ru-In-Mg-Zr-Dy-W-Yb-Y-Ho-Re-Be-Rb-La-Sn-Cs-Pb-Pr-Bi-Tm-Sr-Ti-Hf-Ir-Nb-Pd-Hg-Th-Np-Lu-Rh-Pu_0_19_4,phimage_Cu-Mn-Ni-Mo-Fe-Pt-Zn-Ca-Er-Au-Cd-Co-Gd-Na-Sm-Eu-Tb-V-Ag-Nd-U-Ba-Ce-K-Ga-Cr-Al-Li-Sc-Ru-In-Mg-Zr-Dy-W-Yb-Y-Ho-Re-Be-Rb-La-Sn-Cs-Pb-Pr-Bi-Tm-Sr-Ti-Hf-Ir-Nb-Pd-Hg-Th-Np-Lu-Rh-Pu_0_19_5,phimage_Cu-Mn-Ni-Mo-Fe-Pt-Zn-Ca-Er-Au-Cd-Co-Gd-Na-Sm-Eu-Tb-V-Ag-Nd-U-Ba-Ce-K-Ga-Cr-Al-Li-Sc-Ru-In-Mg-Zr-Dy-W-Yb-Y-Ho-Re-Be-Rb-La-Sn-Cs-Pb-Pr-Bi-Tm-Sr-Ti-Hf-Ir-Nb-Pd-Hg-Th-Np-Lu-Rh-Pu_0_19_6,phimage_Cu-Mn-Ni-Mo-Fe-Pt-Zn-Ca-Er-Au-Cd-Co-Gd-Na-Sm-Eu-Tb-V-Ag-Nd-U-Ba-Ce-K-Ga-Cr-Al-Li-Sc-Ru-In-Mg-Zr-Dy-W-Yb-Y-Ho-Re-Be-Rb-La-Sn-Cs-Pb-Pr-Bi-Tm-Sr-Ti-Hf-Ir-Nb-Pd-Hg-Th-Np-Lu-Rh-Pu_0_19_7,phimage_Cu-Mn-Ni-Mo-Fe-Pt-Zn-Ca-Er-Au-Cd-Co-Gd-Na-Sm-Eu-Tb-V-Ag-Nd-U-Ba-Ce-K-Ga-Cr-Al-Li-Sc-Ru-In-Mg-Zr-Dy-W-Yb-Y-Ho-Re-Be-Rb-La-Sn-Cs-Pb-Pr-Bi-Tm-Sr-Ti-Hf-Ir-Nb-Pd-Hg-Th-Np-Lu-Rh-Pu_0_19_8,phimage_Cu-Mn-Ni-Mo-Fe-Pt-Zn-Ca-Er-Au-Cd-Co-Gd-Na-Sm-Eu-Tb-V-Ag-Nd-U-Ba-Ce-K-Ga-Cr-Al-Li-Sc-Ru-In-Mg-Zr-Dy-W-Yb-Y-Ho-Re-Be-Rb-La-Sn-Cs-Pb-Pr-Bi-Tm-Sr-Ti-Hf-Ir-Nb-Pd-Hg-Th-Np-Lu-Rh-Pu_0_19_9,phimage_Cu-Mn-Ni-Mo-Fe-Pt-Zn-Ca-Er-Au-Cd-Co-Gd-Na-Sm-Eu-Tb-V-Ag-Nd-U-Ba-Ce-K-Ga-Cr-Al-Li-Sc-Ru-In-Mg-Zr-Dy-W-Yb-Y-Ho-Re-Be-Rb-La-Sn-Cs-Pb-Pr-Bi-Tm-Sr-Ti-Hf-Ir-Nb-Pd-Hg-Th-Np-Lu-Rh-Pu_0_19_10,phimage_Cu-Mn-Ni-Mo-Fe-Pt-Zn-Ca-Er-Au-Cd-Co-Gd-Na-Sm-Eu-Tb-V-Ag-Nd-U-Ba-Ce-K-Ga-Cr-Al-Li-Sc-Ru-In-Mg-Zr-Dy-W-Yb-Y-Ho-Re-Be-Rb-La-Sn-Cs-Pb-Pr-Bi-Tm-Sr-Ti-Hf-Ir-Nb-Pd-Hg-Th-Np-Lu-Rh-Pu_0_19_11,phimage_Cu-Mn-Ni-Mo-Fe-Pt-Zn-Ca-Er-Au-Cd-Co-Gd-Na-Sm-Eu-Tb-V-Ag-Nd-U-Ba-Ce-K-Ga-Cr-Al-Li-Sc-Ru-In-Mg-Zr-Dy-W-Yb-Y-Ho-Re-Be-Rb-La-Sn-Cs-Pb-Pr-Bi-Tm-Sr-Ti-Hf-Ir-Nb-Pd-Hg-Th-Np-Lu-Rh-Pu_0_19_12,phimage_Cu-Mn-Ni-Mo-Fe-Pt-Zn-Ca-Er-Au-Cd-Co-Gd-Na-Sm-Eu-Tb-V-Ag-Nd-U-Ba-Ce-K-Ga-Cr-Al-Li-Sc-Ru-In-Mg-Zr-Dy-W-Yb-Y-Ho-Re-Be-Rb-La-Sn-Cs-Pb-Pr-Bi-Tm-Sr-Ti-Hf-Ir-Nb-Pd-Hg-Th-Np-Lu-Rh-Pu_0_19_13,phimage_Cu-Mn-Ni-Mo-Fe-Pt-Zn-Ca-Er-Au-Cd-Co-Gd-Na-Sm-Eu-Tb-V-Ag-Nd-U-Ba-Ce-K-Ga-Cr-Al-Li-Sc-Ru-In-Mg-Zr-Dy-W-Yb-Y-Ho-Re-Be-Rb-La-Sn-Cs-Pb-Pr-Bi-Tm-Sr-Ti-Hf-Ir-Nb-Pd-Hg-Th-Np-Lu-Rh-Pu_0_19_14,phimage_Cu-Mn-Ni-Mo-Fe-Pt-Zn-Ca-Er-Au-Cd-Co-Gd-Na-Sm-Eu-Tb-V-Ag-Nd-U-Ba-Ce-K-Ga-Cr-Al-Li-Sc-Ru-In-Mg-Zr-Dy-W-Yb-Y-Ho-Re-Be-Rb-La-Sn-Cs-Pb-Pr-Bi-Tm-Sr-Ti-Hf-Ir-Nb-Pd-Hg-Th-Np-Lu-Rh-Pu_0_19_15,phimage_Cu-Mn-Ni-Mo-Fe-Pt-Zn-Ca-Er-Au-Cd-Co-Gd-Na-Sm-Eu-Tb-V-Ag-Nd-U-Ba-Ce-K-Ga-Cr-Al-Li-Sc-Ru-In-Mg-Zr-Dy-W-Yb-Y-Ho-Re-Be-Rb-La-Sn-Cs-Pb-Pr-Bi-Tm-Sr-Ti-Hf-Ir-Nb-Pd-Hg-Th-Np-Lu-Rh-Pu_0_19_16,phimage_Cu-Mn-Ni-Mo-Fe-Pt-Zn-Ca-Er-Au-Cd-Co-Gd-Na-Sm-Eu-Tb-V-Ag-Nd-U-Ba-Ce-K-Ga-Cr-Al-Li-Sc-Ru-In-Mg-Zr-Dy-W-Yb-Y-Ho-Re-Be-Rb-La-Sn-Cs-Pb-Pr-Bi-Tm-Sr-Ti-Hf-Ir-Nb-Pd-Hg-Th-Np-Lu-Rh-Pu_0_19_17,phimage_Cu-Mn-Ni-Mo-Fe-Pt-Zn-Ca-Er-Au-Cd-Co-Gd-Na-Sm-Eu-Tb-V-Ag-Nd-U-Ba-Ce-K-Ga-Cr-Al-Li-Sc-Ru-In-Mg-Zr-Dy-W-Yb-Y-Ho-Re-Be-Rb-La-Sn-Cs-Pb-Pr-Bi-Tm-Sr-Ti-Hf-Ir-Nb-Pd-Hg-Th-Np-Lu-Rh-Pu_0_19_18,phimage_Cu-Mn-Ni-Mo-Fe-Pt-Zn-Ca-Er-Au-Cd-Co-Gd-Na-Sm-Eu-Tb-V-Ag-Nd-U-Ba-Ce-K-Ga-Cr-Al-Li-Sc-Ru-In-Mg-Zr-Dy-W-Yb-Y-Ho-Re-Be-Rb-La-Sn-Cs-Pb-Pr-Bi-Tm-Sr-Ti-Hf-Ir-Nb-Pd-Hg-Th-Np-Lu-Rh-Pu_0_19_19,phimage_Cu-Mn-Ni-Mo-Fe-Pt-Zn-Ca-Er-Au-Cd-Co-Gd-Na-Sm-Eu-Tb-V-Ag-Nd-U-Ba-Ce-K-Ga-Cr-Al-Li-Sc-Ru-In-Mg-Zr-Dy-W-Yb-Y-Ho-Re-Be-Rb-La-Sn-Cs-Pb-Pr-Bi-Tm-Sr-Ti-Hf-Ir-Nb-Pd-Hg-Th-Np-Lu-Rh-Pu_1_0_0,phimage_Cu-Mn-Ni-Mo-Fe-Pt-Zn-Ca-Er-Au-Cd-Co-Gd-Na-Sm-Eu-Tb-V-Ag-Nd-U-Ba-Ce-K-Ga-Cr-Al-Li-Sc-Ru-In-Mg-Zr-Dy-W-Yb-Y-Ho-Re-Be-Rb-La-Sn-Cs-Pb-Pr-Bi-Tm-Sr-Ti-Hf-Ir-Nb-Pd-Hg-Th-Np-Lu-Rh-Pu_1_0_1,phimage_Cu-Mn-Ni-Mo-Fe-Pt-Zn-Ca-Er-Au-Cd-Co-Gd-Na-Sm-Eu-Tb-V-Ag-Nd-U-Ba-Ce-K-Ga-Cr-Al-Li-Sc-Ru-In-Mg-Zr-Dy-W-Yb-Y-Ho-Re-Be-Rb-La-Sn-Cs-Pb-Pr-Bi-Tm-Sr-Ti-Hf-Ir-Nb-Pd-Hg-Th-Np-Lu-Rh-Pu_1_0_2,phimage_Cu-Mn-Ni-Mo-Fe-Pt-Zn-Ca-Er-Au-Cd-Co-Gd-Na-Sm-Eu-Tb-V-Ag-Nd-U-Ba-Ce-K-Ga-Cr-Al-Li-Sc-Ru-In-Mg-Zr-Dy-W-Yb-Y-Ho-Re-Be-Rb-La-Sn-Cs-Pb-Pr-Bi-Tm-Sr-Ti-Hf-Ir-Nb-Pd-Hg-Th-Np-Lu-Rh-Pu_1_0_3,phimage_Cu-Mn-Ni-Mo-Fe-Pt-Zn-Ca-Er-Au-Cd-Co-Gd-Na-Sm-Eu-Tb-V-Ag-Nd-U-Ba-Ce-K-Ga-Cr-Al-Li-Sc-Ru-In-Mg-Zr-Dy-W-Yb-Y-Ho-Re-Be-Rb-La-Sn-Cs-Pb-Pr-Bi-Tm-Sr-Ti-Hf-Ir-Nb-Pd-Hg-Th-Np-Lu-Rh-Pu_1_0_4,phimage_Cu-Mn-Ni-Mo-Fe-Pt-Zn-Ca-Er-Au-Cd-Co-Gd-Na-Sm-Eu-Tb-V-Ag-Nd-U-Ba-Ce-K-Ga-Cr-Al-Li-Sc-Ru-In-Mg-Zr-Dy-W-Yb-Y-Ho-Re-Be-Rb-La-Sn-Cs-Pb-Pr-Bi-Tm-Sr-Ti-Hf-Ir-Nb-Pd-Hg-Th-Np-Lu-Rh-Pu_1_0_5,phimage_Cu-Mn-Ni-Mo-Fe-Pt-Zn-Ca-Er-Au-Cd-Co-Gd-Na-Sm-Eu-Tb-V-Ag-Nd-U-Ba-Ce-K-Ga-Cr-Al-Li-Sc-Ru-In-Mg-Zr-Dy-W-Yb-Y-Ho-Re-Be-Rb-La-Sn-Cs-Pb-Pr-Bi-Tm-Sr-Ti-Hf-Ir-Nb-Pd-Hg-Th-Np-Lu-Rh-Pu_1_0_6,phimage_Cu-Mn-Ni-Mo-Fe-Pt-Zn-Ca-Er-Au-Cd-Co-Gd-Na-Sm-Eu-Tb-V-Ag-Nd-U-Ba-Ce-K-Ga-Cr-Al-Li-Sc-Ru-In-Mg-Zr-Dy-W-Yb-Y-Ho-Re-Be-Rb-La-Sn-Cs-Pb-Pr-Bi-Tm-Sr-Ti-Hf-Ir-Nb-Pd-Hg-Th-Np-Lu-Rh-Pu_1_0_7,phimage_Cu-Mn-Ni-Mo-Fe-Pt-Zn-Ca-Er-Au-Cd-Co-Gd-Na-Sm-Eu-Tb-V-Ag-Nd-U-Ba-Ce-K-Ga-Cr-Al-Li-Sc-Ru-In-Mg-Zr-Dy-W-Yb-Y-Ho-Re-Be-Rb-La-Sn-Cs-Pb-Pr-Bi-Tm-Sr-Ti-Hf-Ir-Nb-Pd-Hg-Th-Np-Lu-Rh-Pu_1_0_8,phimage_Cu-Mn-Ni-Mo-Fe-Pt-Zn-Ca-Er-Au-Cd-Co-Gd-Na-Sm-Eu-Tb-V-Ag-Nd-U-Ba-Ce-K-Ga-Cr-Al-Li-Sc-Ru-In-Mg-Zr-Dy-W-Yb-Y-Ho-Re-Be-Rb-La-Sn-Cs-Pb-Pr-Bi-Tm-Sr-Ti-Hf-Ir-Nb-Pd-Hg-Th-Np-Lu-Rh-Pu_1_0_9,phimage_Cu-Mn-Ni-Mo-Fe-Pt-Zn-Ca-Er-Au-Cd-Co-Gd-Na-Sm-Eu-Tb-V-Ag-Nd-U-Ba-Ce-K-Ga-Cr-Al-Li-Sc-Ru-In-Mg-Zr-Dy-W-Yb-Y-Ho-Re-Be-Rb-La-Sn-Cs-Pb-Pr-Bi-Tm-Sr-Ti-Hf-Ir-Nb-Pd-Hg-Th-Np-Lu-Rh-Pu_1_0_10,phimage_Cu-Mn-Ni-Mo-Fe-Pt-Zn-Ca-Er-Au-Cd-Co-Gd-Na-Sm-Eu-Tb-V-Ag-Nd-U-Ba-Ce-K-Ga-Cr-Al-Li-Sc-Ru-In-Mg-Zr-Dy-W-Yb-Y-Ho-Re-Be-Rb-La-Sn-Cs-Pb-Pr-Bi-Tm-Sr-Ti-Hf-Ir-Nb-Pd-Hg-Th-Np-Lu-Rh-Pu_1_0_11,phimage_Cu-Mn-Ni-Mo-Fe-Pt-Zn-Ca-Er-Au-Cd-Co-Gd-Na-Sm-Eu-Tb-V-Ag-Nd-U-Ba-Ce-K-Ga-Cr-Al-Li-Sc-Ru-In-Mg-Zr-Dy-W-Yb-Y-Ho-Re-Be-Rb-La-Sn-Cs-Pb-Pr-Bi-Tm-Sr-Ti-Hf-Ir-Nb-Pd-Hg-Th-Np-Lu-Rh-Pu_1_0_12,phimage_Cu-Mn-Ni-Mo-Fe-Pt-Zn-Ca-Er-Au-Cd-Co-Gd-Na-Sm-Eu-Tb-V-Ag-Nd-U-Ba-Ce-K-Ga-Cr-Al-Li-Sc-Ru-In-Mg-Zr-Dy-W-Yb-Y-Ho-Re-Be-Rb-La-Sn-Cs-Pb-Pr-Bi-Tm-Sr-Ti-Hf-Ir-Nb-Pd-Hg-Th-Np-Lu-Rh-Pu_1_0_13,phimage_Cu-Mn-Ni-Mo-Fe-Pt-Zn-Ca-Er-Au-Cd-Co-Gd-Na-Sm-Eu-Tb-V-Ag-Nd-U-Ba-Ce-K-Ga-Cr-Al-Li-Sc-Ru-In-Mg-Zr-Dy-W-Yb-Y-Ho-Re-Be-Rb-La-Sn-Cs-Pb-Pr-Bi-Tm-Sr-Ti-Hf-Ir-Nb-Pd-Hg-Th-Np-Lu-Rh-Pu_1_0_14,phimage_Cu-Mn-Ni-Mo-Fe-Pt-Zn-Ca-Er-Au-Cd-Co-Gd-Na-Sm-Eu-Tb-V-Ag-Nd-U-Ba-Ce-K-Ga-Cr-Al-Li-Sc-Ru-In-Mg-Zr-Dy-W-Yb-Y-Ho-Re-Be-Rb-La-Sn-Cs-Pb-Pr-Bi-Tm-Sr-Ti-Hf-Ir-Nb-Pd-Hg-Th-Np-Lu-Rh-Pu_1_0_15,phimage_Cu-Mn-Ni-Mo-Fe-Pt-Zn-Ca-Er-Au-Cd-Co-Gd-Na-Sm-Eu-Tb-V-Ag-Nd-U-Ba-Ce-K-Ga-Cr-Al-Li-Sc-Ru-In-Mg-Zr-Dy-W-Yb-Y-Ho-Re-Be-Rb-La-Sn-Cs-Pb-Pr-Bi-Tm-Sr-Ti-Hf-Ir-Nb-Pd-Hg-Th-Np-Lu-Rh-Pu_1_0_16,phimage_Cu-Mn-Ni-Mo-Fe-Pt-Zn-Ca-Er-Au-Cd-Co-Gd-Na-Sm-Eu-Tb-V-Ag-Nd-U-Ba-Ce-K-Ga-Cr-Al-Li-Sc-Ru-In-Mg-Zr-Dy-W-Yb-Y-Ho-Re-Be-Rb-La-Sn-Cs-Pb-Pr-Bi-Tm-Sr-Ti-Hf-Ir-Nb-Pd-Hg-Th-Np-Lu-Rh-Pu_1_0_17,phimage_Cu-Mn-Ni-Mo-Fe-Pt-Zn-Ca-Er-Au-Cd-Co-Gd-Na-Sm-Eu-Tb-V-Ag-Nd-U-Ba-Ce-K-Ga-Cr-Al-Li-Sc-Ru-In-Mg-Zr-Dy-W-Yb-Y-Ho-Re-Be-Rb-La-Sn-Cs-Pb-Pr-Bi-Tm-Sr-Ti-Hf-Ir-Nb-Pd-Hg-Th-Np-Lu-Rh-Pu_1_0_18,phimage_Cu-Mn-Ni-Mo-Fe-Pt-Zn-Ca-Er-Au-Cd-Co-Gd-Na-Sm-Eu-Tb-V-Ag-Nd-U-Ba-Ce-K-Ga-Cr-Al-Li-Sc-Ru-In-Mg-Zr-Dy-W-Yb-Y-Ho-Re-Be-Rb-La-Sn-Cs-Pb-Pr-Bi-Tm-Sr-Ti-Hf-Ir-Nb-Pd-Hg-Th-Np-Lu-Rh-Pu_1_0_19,phimage_Cu-Mn-Ni-Mo-Fe-Pt-Zn-Ca-Er-Au-Cd-Co-Gd-Na-Sm-Eu-Tb-V-Ag-Nd-U-Ba-Ce-K-Ga-Cr-Al-Li-Sc-Ru-In-Mg-Zr-Dy-W-Yb-Y-Ho-Re-Be-Rb-La-Sn-Cs-Pb-Pr-Bi-Tm-Sr-Ti-Hf-Ir-Nb-Pd-Hg-Th-Np-Lu-Rh-Pu_1_1_0,phimage_Cu-Mn-Ni-Mo-Fe-Pt-Zn-Ca-Er-Au-Cd-Co-Gd-Na-Sm-Eu-Tb-V-Ag-Nd-U-Ba-Ce-K-Ga-Cr-Al-Li-Sc-Ru-In-Mg-Zr-Dy-W-Yb-Y-Ho-Re-Be-Rb-La-Sn-Cs-Pb-Pr-Bi-Tm-Sr-Ti-Hf-Ir-Nb-Pd-Hg-Th-Np-Lu-Rh-Pu_1_1_1,phimage_Cu-Mn-Ni-Mo-Fe-Pt-Zn-Ca-Er-Au-Cd-Co-Gd-Na-Sm-Eu-Tb-V-Ag-Nd-U-Ba-Ce-K-Ga-Cr-Al-Li-Sc-Ru-In-Mg-Zr-Dy-W-Yb-Y-Ho-Re-Be-Rb-La-Sn-Cs-Pb-Pr-Bi-Tm-Sr-Ti-Hf-Ir-Nb-Pd-Hg-Th-Np-Lu-Rh-Pu_1_1_2,phimage_Cu-Mn-Ni-Mo-Fe-Pt-Zn-Ca-Er-Au-Cd-Co-Gd-Na-Sm-Eu-Tb-V-Ag-Nd-U-Ba-Ce-K-Ga-Cr-Al-Li-Sc-Ru-In-Mg-Zr-Dy-W-Yb-Y-Ho-Re-Be-Rb-La-Sn-Cs-Pb-Pr-Bi-Tm-Sr-Ti-Hf-Ir-Nb-Pd-Hg-Th-Np-Lu-Rh-Pu_1_1_3,phimage_Cu-Mn-Ni-Mo-Fe-Pt-Zn-Ca-Er-Au-Cd-Co-Gd-Na-Sm-Eu-Tb-V-Ag-Nd-U-Ba-Ce-K-Ga-Cr-Al-Li-Sc-Ru-In-Mg-Zr-Dy-W-Yb-Y-Ho-Re-Be-Rb-La-Sn-Cs-Pb-Pr-Bi-Tm-Sr-Ti-Hf-Ir-Nb-Pd-Hg-Th-Np-Lu-Rh-Pu_1_1_4,phimage_Cu-Mn-Ni-Mo-Fe-Pt-Zn-Ca-Er-Au-Cd-Co-Gd-Na-Sm-Eu-Tb-V-Ag-Nd-U-Ba-Ce-K-Ga-Cr-Al-Li-Sc-Ru-In-Mg-Zr-Dy-W-Yb-Y-Ho-Re-Be-Rb-La-Sn-Cs-Pb-Pr-Bi-Tm-Sr-Ti-Hf-Ir-Nb-Pd-Hg-Th-Np-Lu-Rh-Pu_1_1_5,phimage_Cu-Mn-Ni-Mo-Fe-Pt-Zn-Ca-Er-Au-Cd-Co-Gd-Na-Sm-Eu-Tb-V-Ag-Nd-U-Ba-Ce-K-Ga-Cr-Al-Li-Sc-Ru-In-Mg-Zr-Dy-W-Yb-Y-Ho-Re-Be-Rb-La-Sn-Cs-Pb-Pr-Bi-Tm-Sr-Ti-Hf-Ir-Nb-Pd-Hg-Th-Np-Lu-Rh-Pu_1_1_6,phimage_Cu-Mn-Ni-Mo-Fe-Pt-Zn-Ca-Er-Au-Cd-Co-Gd-Na-Sm-Eu-Tb-V-Ag-Nd-U-Ba-Ce-K-Ga-Cr-Al-Li-Sc-Ru-In-Mg-Zr-Dy-W-Yb-Y-Ho-Re-Be-Rb-La-Sn-Cs-Pb-Pr-Bi-Tm-Sr-Ti-Hf-Ir-Nb-Pd-Hg-Th-Np-Lu-Rh-Pu_1_1_7,phimage_Cu-Mn-Ni-Mo-Fe-Pt-Zn-Ca-Er-Au-Cd-Co-Gd-Na-Sm-Eu-Tb-V-Ag-Nd-U-Ba-Ce-K-Ga-Cr-Al-Li-Sc-Ru-In-Mg-Zr-Dy-W-Yb-Y-Ho-Re-Be-Rb-La-Sn-Cs-Pb-Pr-Bi-Tm-Sr-Ti-Hf-Ir-Nb-Pd-Hg-Th-Np-Lu-Rh-Pu_1_1_8,phimage_Cu-Mn-Ni-Mo-Fe-Pt-Zn-Ca-Er-Au-Cd-Co-Gd-Na-Sm-Eu-Tb-V-Ag-Nd-U-Ba-Ce-K-Ga-Cr-Al-Li-Sc-Ru-In-Mg-Zr-Dy-W-Yb-Y-Ho-Re-Be-Rb-La-Sn-Cs-Pb-Pr-Bi-Tm-Sr-Ti-Hf-Ir-Nb-Pd-Hg-Th-Np-Lu-Rh-Pu_1_1_9,phimage_Cu-Mn-Ni-Mo-Fe-Pt-Zn-Ca-Er-Au-Cd-Co-Gd-Na-Sm-Eu-Tb-V-Ag-Nd-U-Ba-Ce-K-Ga-Cr-Al-Li-Sc-Ru-In-Mg-Zr-Dy-W-Yb-Y-Ho-Re-Be-Rb-La-Sn-Cs-Pb-Pr-Bi-Tm-Sr-Ti-Hf-Ir-Nb-Pd-Hg-Th-Np-Lu-Rh-Pu_1_1_10,phimage_Cu-Mn-Ni-Mo-Fe-Pt-Zn-Ca-Er-Au-Cd-Co-Gd-Na-Sm-Eu-Tb-V-Ag-Nd-U-Ba-Ce-K-Ga-Cr-Al-Li-Sc-Ru-In-Mg-Zr-Dy-W-Yb-Y-Ho-Re-Be-Rb-La-Sn-Cs-Pb-Pr-Bi-Tm-Sr-Ti-Hf-Ir-Nb-Pd-Hg-Th-Np-Lu-Rh-Pu_1_1_11,phimage_Cu-Mn-Ni-Mo-Fe-Pt-Zn-Ca-Er-Au-Cd-Co-Gd-Na-Sm-Eu-Tb-V-Ag-Nd-U-Ba-Ce-K-Ga-Cr-Al-Li-Sc-Ru-In-Mg-Zr-Dy-W-Yb-Y-Ho-Re-Be-Rb-La-Sn-Cs-Pb-Pr-Bi-Tm-Sr-Ti-Hf-Ir-Nb-Pd-Hg-Th-Np-Lu-Rh-Pu_1_1_12,phimage_Cu-Mn-Ni-Mo-Fe-Pt-Zn-Ca-Er-Au-Cd-Co-Gd-Na-Sm-Eu-Tb-V-Ag-Nd-U-Ba-Ce-K-Ga-Cr-Al-Li-Sc-Ru-In-Mg-Zr-Dy-W-Yb-Y-Ho-Re-Be-Rb-La-Sn-Cs-Pb-Pr-Bi-Tm-Sr-Ti-Hf-Ir-Nb-Pd-Hg-Th-Np-Lu-Rh-Pu_1_1_13,phimage_Cu-Mn-Ni-Mo-Fe-Pt-Zn-Ca-Er-Au-Cd-Co-Gd-Na-Sm-Eu-Tb-V-Ag-Nd-U-Ba-Ce-K-Ga-Cr-Al-Li-Sc-Ru-In-Mg-Zr-Dy-W-Yb-Y-Ho-Re-Be-Rb-La-Sn-Cs-Pb-Pr-Bi-Tm-Sr-Ti-Hf-Ir-Nb-Pd-Hg-Th-Np-Lu-Rh-Pu_1_1_14,phimage_Cu-Mn-Ni-Mo-Fe-Pt-Zn-Ca-Er-Au-Cd-Co-Gd-Na-Sm-Eu-Tb-V-Ag-Nd-U-Ba-Ce-K-Ga-Cr-Al-Li-Sc-Ru-In-Mg-Zr-Dy-W-Yb-Y-Ho-Re-Be-Rb-La-Sn-Cs-Pb-Pr-Bi-Tm-Sr-Ti-Hf-Ir-Nb-Pd-Hg-Th-Np-Lu-Rh-Pu_1_1_15,phimage_Cu-Mn-Ni-Mo-Fe-Pt-Zn-Ca-Er-Au-Cd-Co-Gd-Na-Sm-Eu-Tb-V-Ag-Nd-U-Ba-Ce-K-Ga-Cr-Al-Li-Sc-Ru-In-Mg-Zr-Dy-W-Yb-Y-Ho-Re-Be-Rb-La-Sn-Cs-Pb-Pr-Bi-Tm-Sr-Ti-Hf-Ir-Nb-Pd-Hg-Th-Np-Lu-Rh-Pu_1_1_16,phimage_Cu-Mn-Ni-Mo-Fe-Pt-Zn-Ca-Er-Au-Cd-Co-Gd-Na-Sm-Eu-Tb-V-Ag-Nd-U-Ba-Ce-K-Ga-Cr-Al-Li-Sc-Ru-In-Mg-Zr-Dy-W-Yb-Y-Ho-Re-Be-Rb-La-Sn-Cs-Pb-Pr-Bi-Tm-Sr-Ti-Hf-Ir-Nb-Pd-Hg-Th-Np-Lu-Rh-Pu_1_1_17,phimage_Cu-Mn-Ni-Mo-Fe-Pt-Zn-Ca-Er-Au-Cd-Co-Gd-Na-Sm-Eu-Tb-V-Ag-Nd-U-Ba-Ce-K-Ga-Cr-Al-Li-Sc-Ru-In-Mg-Zr-Dy-W-Yb-Y-Ho-Re-Be-Rb-La-Sn-Cs-Pb-Pr-Bi-Tm-Sr-Ti-Hf-Ir-Nb-Pd-Hg-Th-Np-Lu-Rh-Pu_1_1_18,phimage_Cu-Mn-Ni-Mo-Fe-Pt-Zn-Ca-Er-Au-Cd-Co-Gd-Na-Sm-Eu-Tb-V-Ag-Nd-U-Ba-Ce-K-Ga-Cr-Al-Li-Sc-Ru-In-Mg-Zr-Dy-W-Yb-Y-Ho-Re-Be-Rb-La-Sn-Cs-Pb-Pr-Bi-Tm-Sr-Ti-Hf-Ir-Nb-Pd-Hg-Th-Np-Lu-Rh-Pu_1_1_19,phimage_Cu-Mn-Ni-Mo-Fe-Pt-Zn-Ca-Er-Au-Cd-Co-Gd-Na-Sm-Eu-Tb-V-Ag-Nd-U-Ba-Ce-K-Ga-Cr-Al-Li-Sc-Ru-In-Mg-Zr-Dy-W-Yb-Y-Ho-Re-Be-Rb-La-Sn-Cs-Pb-Pr-Bi-Tm-Sr-Ti-Hf-Ir-Nb-Pd-Hg-Th-Np-Lu-Rh-Pu_1_2_0,phimage_Cu-Mn-Ni-Mo-Fe-Pt-Zn-Ca-Er-Au-Cd-Co-Gd-Na-Sm-Eu-Tb-V-Ag-Nd-U-Ba-Ce-K-Ga-Cr-Al-Li-Sc-Ru-In-Mg-Zr-Dy-W-Yb-Y-Ho-Re-Be-Rb-La-Sn-Cs-Pb-Pr-Bi-Tm-Sr-Ti-Hf-Ir-Nb-Pd-Hg-Th-Np-Lu-Rh-Pu_1_2_1,phimage_Cu-Mn-Ni-Mo-Fe-Pt-Zn-Ca-Er-Au-Cd-Co-Gd-Na-Sm-Eu-Tb-V-Ag-Nd-U-Ba-Ce-K-Ga-Cr-Al-Li-Sc-Ru-In-Mg-Zr-Dy-W-Yb-Y-Ho-Re-Be-Rb-La-Sn-Cs-Pb-Pr-Bi-Tm-Sr-Ti-Hf-Ir-Nb-Pd-Hg-Th-Np-Lu-Rh-Pu_1_2_2,phimage_Cu-Mn-Ni-Mo-Fe-Pt-Zn-Ca-Er-Au-Cd-Co-Gd-Na-Sm-Eu-Tb-V-Ag-Nd-U-Ba-Ce-K-Ga-Cr-Al-Li-Sc-Ru-In-Mg-Zr-Dy-W-Yb-Y-Ho-Re-Be-Rb-La-Sn-Cs-Pb-Pr-Bi-Tm-Sr-Ti-Hf-Ir-Nb-Pd-Hg-Th-Np-Lu-Rh-Pu_1_2_3,phimage_Cu-Mn-Ni-Mo-Fe-Pt-Zn-Ca-Er-Au-Cd-Co-Gd-Na-Sm-Eu-Tb-V-Ag-Nd-U-Ba-Ce-K-Ga-Cr-Al-Li-Sc-Ru-In-Mg-Zr-Dy-W-Yb-Y-Ho-Re-Be-Rb-La-Sn-Cs-Pb-Pr-Bi-Tm-Sr-Ti-Hf-Ir-Nb-Pd-Hg-Th-Np-Lu-Rh-Pu_1_2_4,phimage_Cu-Mn-Ni-Mo-Fe-Pt-Zn-Ca-Er-Au-Cd-Co-Gd-Na-Sm-Eu-Tb-V-Ag-Nd-U-Ba-Ce-K-Ga-Cr-Al-Li-Sc-Ru-In-Mg-Zr-Dy-W-Yb-Y-Ho-Re-Be-Rb-La-Sn-Cs-Pb-Pr-Bi-Tm-Sr-Ti-Hf-Ir-Nb-Pd-Hg-Th-Np-Lu-Rh-Pu_1_2_5,phimage_Cu-Mn-Ni-Mo-Fe-Pt-Zn-Ca-Er-Au-Cd-Co-Gd-Na-Sm-Eu-Tb-V-Ag-Nd-U-Ba-Ce-K-Ga-Cr-Al-Li-Sc-Ru-In-Mg-Zr-Dy-W-Yb-Y-Ho-Re-Be-Rb-La-Sn-Cs-Pb-Pr-Bi-Tm-Sr-Ti-Hf-Ir-Nb-Pd-Hg-Th-Np-Lu-Rh-Pu_1_2_6,phimage_Cu-Mn-Ni-Mo-Fe-Pt-Zn-Ca-Er-Au-Cd-Co-Gd-Na-Sm-Eu-Tb-V-Ag-Nd-U-Ba-Ce-K-Ga-Cr-Al-Li-Sc-Ru-In-Mg-Zr-Dy-W-Yb-Y-Ho-Re-Be-Rb-La-Sn-Cs-Pb-Pr-Bi-Tm-Sr-Ti-Hf-Ir-Nb-Pd-Hg-Th-Np-Lu-Rh-Pu_1_2_7,phimage_Cu-Mn-Ni-Mo-Fe-Pt-Zn-Ca-Er-Au-Cd-Co-Gd-Na-Sm-Eu-Tb-V-Ag-Nd-U-Ba-Ce-K-Ga-Cr-Al-Li-Sc-Ru-In-Mg-Zr-Dy-W-Yb-Y-Ho-Re-Be-Rb-La-Sn-Cs-Pb-Pr-Bi-Tm-Sr-Ti-Hf-Ir-Nb-Pd-Hg-Th-Np-Lu-Rh-Pu_1_2_8,phimage_Cu-Mn-Ni-Mo-Fe-Pt-Zn-Ca-Er-Au-Cd-Co-Gd-Na-Sm-Eu-Tb-V-Ag-Nd-U-Ba-Ce-K-Ga-Cr-Al-Li-Sc-Ru-In-Mg-Zr-Dy-W-Yb-Y-Ho-Re-Be-Rb-La-Sn-Cs-Pb-Pr-Bi-Tm-Sr-Ti-Hf-Ir-Nb-Pd-Hg-Th-Np-Lu-Rh-Pu_1_2_9,phimage_Cu-Mn-Ni-Mo-Fe-Pt-Zn-Ca-Er-Au-Cd-Co-Gd-Na-Sm-Eu-Tb-V-Ag-Nd-U-Ba-Ce-K-Ga-Cr-Al-Li-Sc-Ru-In-Mg-Zr-Dy-W-Yb-Y-Ho-Re-Be-Rb-La-Sn-Cs-Pb-Pr-Bi-Tm-Sr-Ti-Hf-Ir-Nb-Pd-Hg-Th-Np-Lu-Rh-Pu_1_2_10,phimage_Cu-Mn-Ni-Mo-Fe-Pt-Zn-Ca-Er-Au-Cd-Co-Gd-Na-Sm-Eu-Tb-V-Ag-Nd-U-Ba-Ce-K-Ga-Cr-Al-Li-Sc-Ru-In-Mg-Zr-Dy-W-Yb-Y-Ho-Re-Be-Rb-La-Sn-Cs-Pb-Pr-Bi-Tm-Sr-Ti-Hf-Ir-Nb-Pd-Hg-Th-Np-Lu-Rh-Pu_1_2_11,phimage_Cu-Mn-Ni-Mo-Fe-Pt-Zn-Ca-Er-Au-Cd-Co-Gd-Na-Sm-Eu-Tb-V-Ag-Nd-U-Ba-Ce-K-Ga-Cr-Al-Li-Sc-Ru-In-Mg-Zr-Dy-W-Yb-Y-Ho-Re-Be-Rb-La-Sn-Cs-Pb-Pr-Bi-Tm-Sr-Ti-Hf-Ir-Nb-Pd-Hg-Th-Np-Lu-Rh-Pu_1_2_12,phimage_Cu-Mn-Ni-Mo-Fe-Pt-Zn-Ca-Er-Au-Cd-Co-Gd-Na-Sm-Eu-Tb-V-Ag-Nd-U-Ba-Ce-K-Ga-Cr-Al-Li-Sc-Ru-In-Mg-Zr-Dy-W-Yb-Y-Ho-Re-Be-Rb-La-Sn-Cs-Pb-Pr-Bi-Tm-Sr-Ti-Hf-Ir-Nb-Pd-Hg-Th-Np-Lu-Rh-Pu_1_2_13,phimage_Cu-Mn-Ni-Mo-Fe-Pt-Zn-Ca-Er-Au-Cd-Co-Gd-Na-Sm-Eu-Tb-V-Ag-Nd-U-Ba-Ce-K-Ga-Cr-Al-Li-Sc-Ru-In-Mg-Zr-Dy-W-Yb-Y-Ho-Re-Be-Rb-La-Sn-Cs-Pb-Pr-Bi-Tm-Sr-Ti-Hf-Ir-Nb-Pd-Hg-Th-Np-Lu-Rh-Pu_1_2_14,phimage_Cu-Mn-Ni-Mo-Fe-Pt-Zn-Ca-Er-Au-Cd-Co-Gd-Na-Sm-Eu-Tb-V-Ag-Nd-U-Ba-Ce-K-Ga-Cr-Al-Li-Sc-Ru-In-Mg-Zr-Dy-W-Yb-Y-Ho-Re-Be-Rb-La-Sn-Cs-Pb-Pr-Bi-Tm-Sr-Ti-Hf-Ir-Nb-Pd-Hg-Th-Np-Lu-Rh-Pu_1_2_15,phimage_Cu-Mn-Ni-Mo-Fe-Pt-Zn-Ca-Er-Au-Cd-Co-Gd-Na-Sm-Eu-Tb-V-Ag-Nd-U-Ba-Ce-K-Ga-Cr-Al-Li-Sc-Ru-In-Mg-Zr-Dy-W-Yb-Y-Ho-Re-Be-Rb-La-Sn-Cs-Pb-Pr-Bi-Tm-Sr-Ti-Hf-Ir-Nb-Pd-Hg-Th-Np-Lu-Rh-Pu_1_2_16,phimage_Cu-Mn-Ni-Mo-Fe-Pt-Zn-Ca-Er-Au-Cd-Co-Gd-Na-Sm-Eu-Tb-V-Ag-Nd-U-Ba-Ce-K-Ga-Cr-Al-Li-Sc-Ru-In-Mg-Zr-Dy-W-Yb-Y-Ho-Re-Be-Rb-La-Sn-Cs-Pb-Pr-Bi-Tm-Sr-Ti-Hf-Ir-Nb-Pd-Hg-Th-Np-Lu-Rh-Pu_1_2_17,phimage_Cu-Mn-Ni-Mo-Fe-Pt-Zn-Ca-Er-Au-Cd-Co-Gd-Na-Sm-Eu-Tb-V-Ag-Nd-U-Ba-Ce-K-Ga-Cr-Al-Li-Sc-Ru-In-Mg-Zr-Dy-W-Yb-Y-Ho-Re-Be-Rb-La-Sn-Cs-Pb-Pr-Bi-Tm-Sr-Ti-Hf-Ir-Nb-Pd-Hg-Th-Np-Lu-Rh-Pu_1_2_18,phimage_Cu-Mn-Ni-Mo-Fe-Pt-Zn-Ca-Er-Au-Cd-Co-Gd-Na-Sm-Eu-Tb-V-Ag-Nd-U-Ba-Ce-K-Ga-Cr-Al-Li-Sc-Ru-In-Mg-Zr-Dy-W-Yb-Y-Ho-Re-Be-Rb-La-Sn-Cs-Pb-Pr-Bi-Tm-Sr-Ti-Hf-Ir-Nb-Pd-Hg-Th-Np-Lu-Rh-Pu_1_2_19,phimage_Cu-Mn-Ni-Mo-Fe-Pt-Zn-Ca-Er-Au-Cd-Co-Gd-Na-Sm-Eu-Tb-V-Ag-Nd-U-Ba-Ce-K-Ga-Cr-Al-Li-Sc-Ru-In-Mg-Zr-Dy-W-Yb-Y-Ho-Re-Be-Rb-La-Sn-Cs-Pb-Pr-Bi-Tm-Sr-Ti-Hf-Ir-Nb-Pd-Hg-Th-Np-Lu-Rh-Pu_1_3_0,phimage_Cu-Mn-Ni-Mo-Fe-Pt-Zn-Ca-Er-Au-Cd-Co-Gd-Na-Sm-Eu-Tb-V-Ag-Nd-U-Ba-Ce-K-Ga-Cr-Al-Li-Sc-Ru-In-Mg-Zr-Dy-W-Yb-Y-Ho-Re-Be-Rb-La-Sn-Cs-Pb-Pr-Bi-Tm-Sr-Ti-Hf-Ir-Nb-Pd-Hg-Th-Np-Lu-Rh-Pu_1_3_1,phimage_Cu-Mn-Ni-Mo-Fe-Pt-Zn-Ca-Er-Au-Cd-Co-Gd-Na-Sm-Eu-Tb-V-Ag-Nd-U-Ba-Ce-K-Ga-Cr-Al-Li-Sc-Ru-In-Mg-Zr-Dy-W-Yb-Y-Ho-Re-Be-Rb-La-Sn-Cs-Pb-Pr-Bi-Tm-Sr-Ti-Hf-Ir-Nb-Pd-Hg-Th-Np-Lu-Rh-Pu_1_3_2,phimage_Cu-Mn-Ni-Mo-Fe-Pt-Zn-Ca-Er-Au-Cd-Co-Gd-Na-Sm-Eu-Tb-V-Ag-Nd-U-Ba-Ce-K-Ga-Cr-Al-Li-Sc-Ru-In-Mg-Zr-Dy-W-Yb-Y-Ho-Re-Be-Rb-La-Sn-Cs-Pb-Pr-Bi-Tm-Sr-Ti-Hf-Ir-Nb-Pd-Hg-Th-Np-Lu-Rh-Pu_1_3_3,phimage_Cu-Mn-Ni-Mo-Fe-Pt-Zn-Ca-Er-Au-Cd-Co-Gd-Na-Sm-Eu-Tb-V-Ag-Nd-U-Ba-Ce-K-Ga-Cr-Al-Li-Sc-Ru-In-Mg-Zr-Dy-W-Yb-Y-Ho-Re-Be-Rb-La-Sn-Cs-Pb-Pr-Bi-Tm-Sr-Ti-Hf-Ir-Nb-Pd-Hg-Th-Np-Lu-Rh-Pu_1_3_4,phimage_Cu-Mn-Ni-Mo-Fe-Pt-Zn-Ca-Er-Au-Cd-Co-Gd-Na-Sm-Eu-Tb-V-Ag-Nd-U-Ba-Ce-K-Ga-Cr-Al-Li-Sc-Ru-In-Mg-Zr-Dy-W-Yb-Y-Ho-Re-Be-Rb-La-Sn-Cs-Pb-Pr-Bi-Tm-Sr-Ti-Hf-Ir-Nb-Pd-Hg-Th-Np-Lu-Rh-Pu_1_3_5,phimage_Cu-Mn-Ni-Mo-Fe-Pt-Zn-Ca-Er-Au-Cd-Co-Gd-Na-Sm-Eu-Tb-V-Ag-Nd-U-Ba-Ce-K-Ga-Cr-Al-Li-Sc-Ru-In-Mg-Zr-Dy-W-Yb-Y-Ho-Re-Be-Rb-La-Sn-Cs-Pb-Pr-Bi-Tm-Sr-Ti-Hf-Ir-Nb-Pd-Hg-Th-Np-Lu-Rh-Pu_1_3_6,phimage_Cu-Mn-Ni-Mo-Fe-Pt-Zn-Ca-Er-Au-Cd-Co-Gd-Na-Sm-Eu-Tb-V-Ag-Nd-U-Ba-Ce-K-Ga-Cr-Al-Li-Sc-Ru-In-Mg-Zr-Dy-W-Yb-Y-Ho-Re-Be-Rb-La-Sn-Cs-Pb-Pr-Bi-Tm-Sr-Ti-Hf-Ir-Nb-Pd-Hg-Th-Np-Lu-Rh-Pu_1_3_7,phimage_Cu-Mn-Ni-Mo-Fe-Pt-Zn-Ca-Er-Au-Cd-Co-Gd-Na-Sm-Eu-Tb-V-Ag-Nd-U-Ba-Ce-K-Ga-Cr-Al-Li-Sc-Ru-In-Mg-Zr-Dy-W-Yb-Y-Ho-Re-Be-Rb-La-Sn-Cs-Pb-Pr-Bi-Tm-Sr-Ti-Hf-Ir-Nb-Pd-Hg-Th-Np-Lu-Rh-Pu_1_3_8,phimage_Cu-Mn-Ni-Mo-Fe-Pt-Zn-Ca-Er-Au-Cd-Co-Gd-Na-Sm-Eu-Tb-V-Ag-Nd-U-Ba-Ce-K-Ga-Cr-Al-Li-Sc-Ru-In-Mg-Zr-Dy-W-Yb-Y-Ho-Re-Be-Rb-La-Sn-Cs-Pb-Pr-Bi-Tm-Sr-Ti-Hf-Ir-Nb-Pd-Hg-Th-Np-Lu-Rh-Pu_1_3_9,phimage_Cu-Mn-Ni-Mo-Fe-Pt-Zn-Ca-Er-Au-Cd-Co-Gd-Na-Sm-Eu-Tb-V-Ag-Nd-U-Ba-Ce-K-Ga-Cr-Al-Li-Sc-Ru-In-Mg-Zr-Dy-W-Yb-Y-Ho-Re-Be-Rb-La-Sn-Cs-Pb-Pr-Bi-Tm-Sr-Ti-Hf-Ir-Nb-Pd-Hg-Th-Np-Lu-Rh-Pu_1_3_10,phimage_Cu-Mn-Ni-Mo-Fe-Pt-Zn-Ca-Er-Au-Cd-Co-Gd-Na-Sm-Eu-Tb-V-Ag-Nd-U-Ba-Ce-K-Ga-Cr-Al-Li-Sc-Ru-In-Mg-Zr-Dy-W-Yb-Y-Ho-Re-Be-Rb-La-Sn-Cs-Pb-Pr-Bi-Tm-Sr-Ti-Hf-Ir-Nb-Pd-Hg-Th-Np-Lu-Rh-Pu_1_3_11,phimage_Cu-Mn-Ni-Mo-Fe-Pt-Zn-Ca-Er-Au-Cd-Co-Gd-Na-Sm-Eu-Tb-V-Ag-Nd-U-Ba-Ce-K-Ga-Cr-Al-Li-Sc-Ru-In-Mg-Zr-Dy-W-Yb-Y-Ho-Re-Be-Rb-La-Sn-Cs-Pb-Pr-Bi-Tm-Sr-Ti-Hf-Ir-Nb-Pd-Hg-Th-Np-Lu-Rh-Pu_1_3_12,phimage_Cu-Mn-Ni-Mo-Fe-Pt-Zn-Ca-Er-Au-Cd-Co-Gd-Na-Sm-Eu-Tb-V-Ag-Nd-U-Ba-Ce-K-Ga-Cr-Al-Li-Sc-Ru-In-Mg-Zr-Dy-W-Yb-Y-Ho-Re-Be-Rb-La-Sn-Cs-Pb-Pr-Bi-Tm-Sr-Ti-Hf-Ir-Nb-Pd-Hg-Th-Np-Lu-Rh-Pu_1_3_13,phimage_Cu-Mn-Ni-Mo-Fe-Pt-Zn-Ca-Er-Au-Cd-Co-Gd-Na-Sm-Eu-Tb-V-Ag-Nd-U-Ba-Ce-K-Ga-Cr-Al-Li-Sc-Ru-In-Mg-Zr-Dy-W-Yb-Y-Ho-Re-Be-Rb-La-Sn-Cs-Pb-Pr-Bi-Tm-Sr-Ti-Hf-Ir-Nb-Pd-Hg-Th-Np-Lu-Rh-Pu_1_3_14,phimage_Cu-Mn-Ni-Mo-Fe-Pt-Zn-Ca-Er-Au-Cd-Co-Gd-Na-Sm-Eu-Tb-V-Ag-Nd-U-Ba-Ce-K-Ga-Cr-Al-Li-Sc-Ru-In-Mg-Zr-Dy-W-Yb-Y-Ho-Re-Be-Rb-La-Sn-Cs-Pb-Pr-Bi-Tm-Sr-Ti-Hf-Ir-Nb-Pd-Hg-Th-Np-Lu-Rh-Pu_1_3_15,phimage_Cu-Mn-Ni-Mo-Fe-Pt-Zn-Ca-Er-Au-Cd-Co-Gd-Na-Sm-Eu-Tb-V-Ag-Nd-U-Ba-Ce-K-Ga-Cr-Al-Li-Sc-Ru-In-Mg-Zr-Dy-W-Yb-Y-Ho-Re-Be-Rb-La-Sn-Cs-Pb-Pr-Bi-Tm-Sr-Ti-Hf-Ir-Nb-Pd-Hg-Th-Np-Lu-Rh-Pu_1_3_16,phimage_Cu-Mn-Ni-Mo-Fe-Pt-Zn-Ca-Er-Au-Cd-Co-Gd-Na-Sm-Eu-Tb-V-Ag-Nd-U-Ba-Ce-K-Ga-Cr-Al-Li-Sc-Ru-In-Mg-Zr-Dy-W-Yb-Y-Ho-Re-Be-Rb-La-Sn-Cs-Pb-Pr-Bi-Tm-Sr-Ti-Hf-Ir-Nb-Pd-Hg-Th-Np-Lu-Rh-Pu_1_3_17,phimage_Cu-Mn-Ni-Mo-Fe-Pt-Zn-Ca-Er-Au-Cd-Co-Gd-Na-Sm-Eu-Tb-V-Ag-Nd-U-Ba-Ce-K-Ga-Cr-Al-Li-Sc-Ru-In-Mg-Zr-Dy-W-Yb-Y-Ho-Re-Be-Rb-La-Sn-Cs-Pb-Pr-Bi-Tm-Sr-Ti-Hf-Ir-Nb-Pd-Hg-Th-Np-Lu-Rh-Pu_1_3_18,phimage_Cu-Mn-Ni-Mo-Fe-Pt-Zn-Ca-Er-Au-Cd-Co-Gd-Na-Sm-Eu-Tb-V-Ag-Nd-U-Ba-Ce-K-Ga-Cr-Al-Li-Sc-Ru-In-Mg-Zr-Dy-W-Yb-Y-Ho-Re-Be-Rb-La-Sn-Cs-Pb-Pr-Bi-Tm-Sr-Ti-Hf-Ir-Nb-Pd-Hg-Th-Np-Lu-Rh-Pu_1_3_19,phimage_Cu-Mn-Ni-Mo-Fe-Pt-Zn-Ca-Er-Au-Cd-Co-Gd-Na-Sm-Eu-Tb-V-Ag-Nd-U-Ba-Ce-K-Ga-Cr-Al-Li-Sc-Ru-In-Mg-Zr-Dy-W-Yb-Y-Ho-Re-Be-Rb-La-Sn-Cs-Pb-Pr-Bi-Tm-Sr-Ti-Hf-Ir-Nb-Pd-Hg-Th-Np-Lu-Rh-Pu_1_4_0,phimage_Cu-Mn-Ni-Mo-Fe-Pt-Zn-Ca-Er-Au-Cd-Co-Gd-Na-Sm-Eu-Tb-V-Ag-Nd-U-Ba-Ce-K-Ga-Cr-Al-Li-Sc-Ru-In-Mg-Zr-Dy-W-Yb-Y-Ho-Re-Be-Rb-La-Sn-Cs-Pb-Pr-Bi-Tm-Sr-Ti-Hf-Ir-Nb-Pd-Hg-Th-Np-Lu-Rh-Pu_1_4_1,phimage_Cu-Mn-Ni-Mo-Fe-Pt-Zn-Ca-Er-Au-Cd-Co-Gd-Na-Sm-Eu-Tb-V-Ag-Nd-U-Ba-Ce-K-Ga-Cr-Al-Li-Sc-Ru-In-Mg-Zr-Dy-W-Yb-Y-Ho-Re-Be-Rb-La-Sn-Cs-Pb-Pr-Bi-Tm-Sr-Ti-Hf-Ir-Nb-Pd-Hg-Th-Np-Lu-Rh-Pu_1_4_2,phimage_Cu-Mn-Ni-Mo-Fe-Pt-Zn-Ca-Er-Au-Cd-Co-Gd-Na-Sm-Eu-Tb-V-Ag-Nd-U-Ba-Ce-K-Ga-Cr-Al-Li-Sc-Ru-In-Mg-Zr-Dy-W-Yb-Y-Ho-Re-Be-Rb-La-Sn-Cs-Pb-Pr-Bi-Tm-Sr-Ti-Hf-Ir-Nb-Pd-Hg-Th-Np-Lu-Rh-Pu_1_4_3,phimage_Cu-Mn-Ni-Mo-Fe-Pt-Zn-Ca-Er-Au-Cd-Co-Gd-Na-Sm-Eu-Tb-V-Ag-Nd-U-Ba-Ce-K-Ga-Cr-Al-Li-Sc-Ru-In-Mg-Zr-Dy-W-Yb-Y-Ho-Re-Be-Rb-La-Sn-Cs-Pb-Pr-Bi-Tm-Sr-Ti-Hf-Ir-Nb-Pd-Hg-Th-Np-Lu-Rh-Pu_1_4_4,phimage_Cu-Mn-Ni-Mo-Fe-Pt-Zn-Ca-Er-Au-Cd-Co-Gd-Na-Sm-Eu-Tb-V-Ag-Nd-U-Ba-Ce-K-Ga-Cr-Al-Li-Sc-Ru-In-Mg-Zr-Dy-W-Yb-Y-Ho-Re-Be-Rb-La-Sn-Cs-Pb-Pr-Bi-Tm-Sr-Ti-Hf-Ir-Nb-Pd-Hg-Th-Np-Lu-Rh-Pu_1_4_5,phimage_Cu-Mn-Ni-Mo-Fe-Pt-Zn-Ca-Er-Au-Cd-Co-Gd-Na-Sm-Eu-Tb-V-Ag-Nd-U-Ba-Ce-K-Ga-Cr-Al-Li-Sc-Ru-In-Mg-Zr-Dy-W-Yb-Y-Ho-Re-Be-Rb-La-Sn-Cs-Pb-Pr-Bi-Tm-Sr-Ti-Hf-Ir-Nb-Pd-Hg-Th-Np-Lu-Rh-Pu_1_4_6,phimage_Cu-Mn-Ni-Mo-Fe-Pt-Zn-Ca-Er-Au-Cd-Co-Gd-Na-Sm-Eu-Tb-V-Ag-Nd-U-Ba-Ce-K-Ga-Cr-Al-Li-Sc-Ru-In-Mg-Zr-Dy-W-Yb-Y-Ho-Re-Be-Rb-La-Sn-Cs-Pb-Pr-Bi-Tm-Sr-Ti-Hf-Ir-Nb-Pd-Hg-Th-Np-Lu-Rh-Pu_1_4_7,phimage_Cu-Mn-Ni-Mo-Fe-Pt-Zn-Ca-Er-Au-Cd-Co-Gd-Na-Sm-Eu-Tb-V-Ag-Nd-U-Ba-Ce-K-Ga-Cr-Al-Li-Sc-Ru-In-Mg-Zr-Dy-W-Yb-Y-Ho-Re-Be-Rb-La-Sn-Cs-Pb-Pr-Bi-Tm-Sr-Ti-Hf-Ir-Nb-Pd-Hg-Th-Np-Lu-Rh-Pu_1_4_8,phimage_Cu-Mn-Ni-Mo-Fe-Pt-Zn-Ca-Er-Au-Cd-Co-Gd-Na-Sm-Eu-Tb-V-Ag-Nd-U-Ba-Ce-K-Ga-Cr-Al-Li-Sc-Ru-In-Mg-Zr-Dy-W-Yb-Y-Ho-Re-Be-Rb-La-Sn-Cs-Pb-Pr-Bi-Tm-Sr-Ti-Hf-Ir-Nb-Pd-Hg-Th-Np-Lu-Rh-Pu_1_4_9,phimage_Cu-Mn-Ni-Mo-Fe-Pt-Zn-Ca-Er-Au-Cd-Co-Gd-Na-Sm-Eu-Tb-V-Ag-Nd-U-Ba-Ce-K-Ga-Cr-Al-Li-Sc-Ru-In-Mg-Zr-Dy-W-Yb-Y-Ho-Re-Be-Rb-La-Sn-Cs-Pb-Pr-Bi-Tm-Sr-Ti-Hf-Ir-Nb-Pd-Hg-Th-Np-Lu-Rh-Pu_1_4_10,phimage_Cu-Mn-Ni-Mo-Fe-Pt-Zn-Ca-Er-Au-Cd-Co-Gd-Na-Sm-Eu-Tb-V-Ag-Nd-U-Ba-Ce-K-Ga-Cr-Al-Li-Sc-Ru-In-Mg-Zr-Dy-W-Yb-Y-Ho-Re-Be-Rb-La-Sn-Cs-Pb-Pr-Bi-Tm-Sr-Ti-Hf-Ir-Nb-Pd-Hg-Th-Np-Lu-Rh-Pu_1_4_11,phimage_Cu-Mn-Ni-Mo-Fe-Pt-Zn-Ca-Er-Au-Cd-Co-Gd-Na-Sm-Eu-Tb-V-Ag-Nd-U-Ba-Ce-K-Ga-Cr-Al-Li-Sc-Ru-In-Mg-Zr-Dy-W-Yb-Y-Ho-Re-Be-Rb-La-Sn-Cs-Pb-Pr-Bi-Tm-Sr-Ti-Hf-Ir-Nb-Pd-Hg-Th-Np-Lu-Rh-Pu_1_4_12,phimage_Cu-Mn-Ni-Mo-Fe-Pt-Zn-Ca-Er-Au-Cd-Co-Gd-Na-Sm-Eu-Tb-V-Ag-Nd-U-Ba-Ce-K-Ga-Cr-Al-Li-Sc-Ru-In-Mg-Zr-Dy-W-Yb-Y-Ho-Re-Be-Rb-La-Sn-Cs-Pb-Pr-Bi-Tm-Sr-Ti-Hf-Ir-Nb-Pd-Hg-Th-Np-Lu-Rh-Pu_1_4_13,phimage_Cu-Mn-Ni-Mo-Fe-Pt-Zn-Ca-Er-Au-Cd-Co-Gd-Na-Sm-Eu-Tb-V-Ag-Nd-U-Ba-Ce-K-Ga-Cr-Al-Li-Sc-Ru-In-Mg-Zr-Dy-W-Yb-Y-Ho-Re-Be-Rb-La-Sn-Cs-Pb-Pr-Bi-Tm-Sr-Ti-Hf-Ir-Nb-Pd-Hg-Th-Np-Lu-Rh-Pu_1_4_14,phimage_Cu-Mn-Ni-Mo-Fe-Pt-Zn-Ca-Er-Au-Cd-Co-Gd-Na-Sm-Eu-Tb-V-Ag-Nd-U-Ba-Ce-K-Ga-Cr-Al-Li-Sc-Ru-In-Mg-Zr-Dy-W-Yb-Y-Ho-Re-Be-Rb-La-Sn-Cs-Pb-Pr-Bi-Tm-Sr-Ti-Hf-Ir-Nb-Pd-Hg-Th-Np-Lu-Rh-Pu_1_4_15,phimage_Cu-Mn-Ni-Mo-Fe-Pt-Zn-Ca-Er-Au-Cd-Co-Gd-Na-Sm-Eu-Tb-V-Ag-Nd-U-Ba-Ce-K-Ga-Cr-Al-Li-Sc-Ru-In-Mg-Zr-Dy-W-Yb-Y-Ho-Re-Be-Rb-La-Sn-Cs-Pb-Pr-Bi-Tm-Sr-Ti-Hf-Ir-Nb-Pd-Hg-Th-Np-Lu-Rh-Pu_1_4_16,phimage_Cu-Mn-Ni-Mo-Fe-Pt-Zn-Ca-Er-Au-Cd-Co-Gd-Na-Sm-Eu-Tb-V-Ag-Nd-U-Ba-Ce-K-Ga-Cr-Al-Li-Sc-Ru-In-Mg-Zr-Dy-W-Yb-Y-Ho-Re-Be-Rb-La-Sn-Cs-Pb-Pr-Bi-Tm-Sr-Ti-Hf-Ir-Nb-Pd-Hg-Th-Np-Lu-Rh-Pu_1_4_17,phimage_Cu-Mn-Ni-Mo-Fe-Pt-Zn-Ca-Er-Au-Cd-Co-Gd-Na-Sm-Eu-Tb-V-Ag-Nd-U-Ba-Ce-K-Ga-Cr-Al-Li-Sc-Ru-In-Mg-Zr-Dy-W-Yb-Y-Ho-Re-Be-Rb-La-Sn-Cs-Pb-Pr-Bi-Tm-Sr-Ti-Hf-Ir-Nb-Pd-Hg-Th-Np-Lu-Rh-Pu_1_4_18,phimage_Cu-Mn-Ni-Mo-Fe-Pt-Zn-Ca-Er-Au-Cd-Co-Gd-Na-Sm-Eu-Tb-V-Ag-Nd-U-Ba-Ce-K-Ga-Cr-Al-Li-Sc-Ru-In-Mg-Zr-Dy-W-Yb-Y-Ho-Re-Be-Rb-La-Sn-Cs-Pb-Pr-Bi-Tm-Sr-Ti-Hf-Ir-Nb-Pd-Hg-Th-Np-Lu-Rh-Pu_1_4_19,phimage_Cu-Mn-Ni-Mo-Fe-Pt-Zn-Ca-Er-Au-Cd-Co-Gd-Na-Sm-Eu-Tb-V-Ag-Nd-U-Ba-Ce-K-Ga-Cr-Al-Li-Sc-Ru-In-Mg-Zr-Dy-W-Yb-Y-Ho-Re-Be-Rb-La-Sn-Cs-Pb-Pr-Bi-Tm-Sr-Ti-Hf-Ir-Nb-Pd-Hg-Th-Np-Lu-Rh-Pu_1_5_0,phimage_Cu-Mn-Ni-Mo-Fe-Pt-Zn-Ca-Er-Au-Cd-Co-Gd-Na-Sm-Eu-Tb-V-Ag-Nd-U-Ba-Ce-K-Ga-Cr-Al-Li-Sc-Ru-In-Mg-Zr-Dy-W-Yb-Y-Ho-Re-Be-Rb-La-Sn-Cs-Pb-Pr-Bi-Tm-Sr-Ti-Hf-Ir-Nb-Pd-Hg-Th-Np-Lu-Rh-Pu_1_5_1,phimage_Cu-Mn-Ni-Mo-Fe-Pt-Zn-Ca-Er-Au-Cd-Co-Gd-Na-Sm-Eu-Tb-V-Ag-Nd-U-Ba-Ce-K-Ga-Cr-Al-Li-Sc-Ru-In-Mg-Zr-Dy-W-Yb-Y-Ho-Re-Be-Rb-La-Sn-Cs-Pb-Pr-Bi-Tm-Sr-Ti-Hf-Ir-Nb-Pd-Hg-Th-Np-Lu-Rh-Pu_1_5_2,phimage_Cu-Mn-Ni-Mo-Fe-Pt-Zn-Ca-Er-Au-Cd-Co-Gd-Na-Sm-Eu-Tb-V-Ag-Nd-U-Ba-Ce-K-Ga-Cr-Al-Li-Sc-Ru-In-Mg-Zr-Dy-W-Yb-Y-Ho-Re-Be-Rb-La-Sn-Cs-Pb-Pr-Bi-Tm-Sr-Ti-Hf-Ir-Nb-Pd-Hg-Th-Np-Lu-Rh-Pu_1_5_3,phimage_Cu-Mn-Ni-Mo-Fe-Pt-Zn-Ca-Er-Au-Cd-Co-Gd-Na-Sm-Eu-Tb-V-Ag-Nd-U-Ba-Ce-K-Ga-Cr-Al-Li-Sc-Ru-In-Mg-Zr-Dy-W-Yb-Y-Ho-Re-Be-Rb-La-Sn-Cs-Pb-Pr-Bi-Tm-Sr-Ti-Hf-Ir-Nb-Pd-Hg-Th-Np-Lu-Rh-Pu_1_5_4,phimage_Cu-Mn-Ni-Mo-Fe-Pt-Zn-Ca-Er-Au-Cd-Co-Gd-Na-Sm-Eu-Tb-V-Ag-Nd-U-Ba-Ce-K-Ga-Cr-Al-Li-Sc-Ru-In-Mg-Zr-Dy-W-Yb-Y-Ho-Re-Be-Rb-La-Sn-Cs-Pb-Pr-Bi-Tm-Sr-Ti-Hf-Ir-Nb-Pd-Hg-Th-Np-Lu-Rh-Pu_1_5_5,phimage_Cu-Mn-Ni-Mo-Fe-Pt-Zn-Ca-Er-Au-Cd-Co-Gd-Na-Sm-Eu-Tb-V-Ag-Nd-U-Ba-Ce-K-Ga-Cr-Al-Li-Sc-Ru-In-Mg-Zr-Dy-W-Yb-Y-Ho-Re-Be-Rb-La-Sn-Cs-Pb-Pr-Bi-Tm-Sr-Ti-Hf-Ir-Nb-Pd-Hg-Th-Np-Lu-Rh-Pu_1_5_6,phimage_Cu-Mn-Ni-Mo-Fe-Pt-Zn-Ca-Er-Au-Cd-Co-Gd-Na-Sm-Eu-Tb-V-Ag-Nd-U-Ba-Ce-K-Ga-Cr-Al-Li-Sc-Ru-In-Mg-Zr-Dy-W-Yb-Y-Ho-Re-Be-Rb-La-Sn-Cs-Pb-Pr-Bi-Tm-Sr-Ti-Hf-Ir-Nb-Pd-Hg-Th-Np-Lu-Rh-Pu_1_5_7,phimage_Cu-Mn-Ni-Mo-Fe-Pt-Zn-Ca-Er-Au-Cd-Co-Gd-Na-Sm-Eu-Tb-V-Ag-Nd-U-Ba-Ce-K-Ga-Cr-Al-Li-Sc-Ru-In-Mg-Zr-Dy-W-Yb-Y-Ho-Re-Be-Rb-La-Sn-Cs-Pb-Pr-Bi-Tm-Sr-Ti-Hf-Ir-Nb-Pd-Hg-Th-Np-Lu-Rh-Pu_1_5_8,phimage_Cu-Mn-Ni-Mo-Fe-Pt-Zn-Ca-Er-Au-Cd-Co-Gd-Na-Sm-Eu-Tb-V-Ag-Nd-U-Ba-Ce-K-Ga-Cr-Al-Li-Sc-Ru-In-Mg-Zr-Dy-W-Yb-Y-Ho-Re-Be-Rb-La-Sn-Cs-Pb-Pr-Bi-Tm-Sr-Ti-Hf-Ir-Nb-Pd-Hg-Th-Np-Lu-Rh-Pu_1_5_9,phimage_Cu-Mn-Ni-Mo-Fe-Pt-Zn-Ca-Er-Au-Cd-Co-Gd-Na-Sm-Eu-Tb-V-Ag-Nd-U-Ba-Ce-K-Ga-Cr-Al-Li-Sc-Ru-In-Mg-Zr-Dy-W-Yb-Y-Ho-Re-Be-Rb-La-Sn-Cs-Pb-Pr-Bi-Tm-Sr-Ti-Hf-Ir-Nb-Pd-Hg-Th-Np-Lu-Rh-Pu_1_5_10,phimage_Cu-Mn-Ni-Mo-Fe-Pt-Zn-Ca-Er-Au-Cd-Co-Gd-Na-Sm-Eu-Tb-V-Ag-Nd-U-Ba-Ce-K-Ga-Cr-Al-Li-Sc-Ru-In-Mg-Zr-Dy-W-Yb-Y-Ho-Re-Be-Rb-La-Sn-Cs-Pb-Pr-Bi-Tm-Sr-Ti-Hf-Ir-Nb-Pd-Hg-Th-Np-Lu-Rh-Pu_1_5_11,phimage_Cu-Mn-Ni-Mo-Fe-Pt-Zn-Ca-Er-Au-Cd-Co-Gd-Na-Sm-Eu-Tb-V-Ag-Nd-U-Ba-Ce-K-Ga-Cr-Al-Li-Sc-Ru-In-Mg-Zr-Dy-W-Yb-Y-Ho-Re-Be-Rb-La-Sn-Cs-Pb-Pr-Bi-Tm-Sr-Ti-Hf-Ir-Nb-Pd-Hg-Th-Np-Lu-Rh-Pu_1_5_12,phimage_Cu-Mn-Ni-Mo-Fe-Pt-Zn-Ca-Er-Au-Cd-Co-Gd-Na-Sm-Eu-Tb-V-Ag-Nd-U-Ba-Ce-K-Ga-Cr-Al-Li-Sc-Ru-In-Mg-Zr-Dy-W-Yb-Y-Ho-Re-Be-Rb-La-Sn-Cs-Pb-Pr-Bi-Tm-Sr-Ti-Hf-Ir-Nb-Pd-Hg-Th-Np-Lu-Rh-Pu_1_5_13,phimage_Cu-Mn-Ni-Mo-Fe-Pt-Zn-Ca-Er-Au-Cd-Co-Gd-Na-Sm-Eu-Tb-V-Ag-Nd-U-Ba-Ce-K-Ga-Cr-Al-Li-Sc-Ru-In-Mg-Zr-Dy-W-Yb-Y-Ho-Re-Be-Rb-La-Sn-Cs-Pb-Pr-Bi-Tm-Sr-Ti-Hf-Ir-Nb-Pd-Hg-Th-Np-Lu-Rh-Pu_1_5_14,phimage_Cu-Mn-Ni-Mo-Fe-Pt-Zn-Ca-Er-Au-Cd-Co-Gd-Na-Sm-Eu-Tb-V-Ag-Nd-U-Ba-Ce-K-Ga-Cr-Al-Li-Sc-Ru-In-Mg-Zr-Dy-W-Yb-Y-Ho-Re-Be-Rb-La-Sn-Cs-Pb-Pr-Bi-Tm-Sr-Ti-Hf-Ir-Nb-Pd-Hg-Th-Np-Lu-Rh-Pu_1_5_15,phimage_Cu-Mn-Ni-Mo-Fe-Pt-Zn-Ca-Er-Au-Cd-Co-Gd-Na-Sm-Eu-Tb-V-Ag-Nd-U-Ba-Ce-K-Ga-Cr-Al-Li-Sc-Ru-In-Mg-Zr-Dy-W-Yb-Y-Ho-Re-Be-Rb-La-Sn-Cs-Pb-Pr-Bi-Tm-Sr-Ti-Hf-Ir-Nb-Pd-Hg-Th-Np-Lu-Rh-Pu_1_5_16,phimage_Cu-Mn-Ni-Mo-Fe-Pt-Zn-Ca-Er-Au-Cd-Co-Gd-Na-Sm-Eu-Tb-V-Ag-Nd-U-Ba-Ce-K-Ga-Cr-Al-Li-Sc-Ru-In-Mg-Zr-Dy-W-Yb-Y-Ho-Re-Be-Rb-La-Sn-Cs-Pb-Pr-Bi-Tm-Sr-Ti-Hf-Ir-Nb-Pd-Hg-Th-Np-Lu-Rh-Pu_1_5_17,phimage_Cu-Mn-Ni-Mo-Fe-Pt-Zn-Ca-Er-Au-Cd-Co-Gd-Na-Sm-Eu-Tb-V-Ag-Nd-U-Ba-Ce-K-Ga-Cr-Al-Li-Sc-Ru-In-Mg-Zr-Dy-W-Yb-Y-Ho-Re-Be-Rb-La-Sn-Cs-Pb-Pr-Bi-Tm-Sr-Ti-Hf-Ir-Nb-Pd-Hg-Th-Np-Lu-Rh-Pu_1_5_18,phimage_Cu-Mn-Ni-Mo-Fe-Pt-Zn-Ca-Er-Au-Cd-Co-Gd-Na-Sm-Eu-Tb-V-Ag-Nd-U-Ba-Ce-K-Ga-Cr-Al-Li-Sc-Ru-In-Mg-Zr-Dy-W-Yb-Y-Ho-Re-Be-Rb-La-Sn-Cs-Pb-Pr-Bi-Tm-Sr-Ti-Hf-Ir-Nb-Pd-Hg-Th-Np-Lu-Rh-Pu_1_5_19,phimage_Cu-Mn-Ni-Mo-Fe-Pt-Zn-Ca-Er-Au-Cd-Co-Gd-Na-Sm-Eu-Tb-V-Ag-Nd-U-Ba-Ce-K-Ga-Cr-Al-Li-Sc-Ru-In-Mg-Zr-Dy-W-Yb-Y-Ho-Re-Be-Rb-La-Sn-Cs-Pb-Pr-Bi-Tm-Sr-Ti-Hf-Ir-Nb-Pd-Hg-Th-Np-Lu-Rh-Pu_1_6_0,phimage_Cu-Mn-Ni-Mo-Fe-Pt-Zn-Ca-Er-Au-Cd-Co-Gd-Na-Sm-Eu-Tb-V-Ag-Nd-U-Ba-Ce-K-Ga-Cr-Al-Li-Sc-Ru-In-Mg-Zr-Dy-W-Yb-Y-Ho-Re-Be-Rb-La-Sn-Cs-Pb-Pr-Bi-Tm-Sr-Ti-Hf-Ir-Nb-Pd-Hg-Th-Np-Lu-Rh-Pu_1_6_1,phimage_Cu-Mn-Ni-Mo-Fe-Pt-Zn-Ca-Er-Au-Cd-Co-Gd-Na-Sm-Eu-Tb-V-Ag-Nd-U-Ba-Ce-K-Ga-Cr-Al-Li-Sc-Ru-In-Mg-Zr-Dy-W-Yb-Y-Ho-Re-Be-Rb-La-Sn-Cs-Pb-Pr-Bi-Tm-Sr-Ti-Hf-Ir-Nb-Pd-Hg-Th-Np-Lu-Rh-Pu_1_6_2,phimage_Cu-Mn-Ni-Mo-Fe-Pt-Zn-Ca-Er-Au-Cd-Co-Gd-Na-Sm-Eu-Tb-V-Ag-Nd-U-Ba-Ce-K-Ga-Cr-Al-Li-Sc-Ru-In-Mg-Zr-Dy-W-Yb-Y-Ho-Re-Be-Rb-La-Sn-Cs-Pb-Pr-Bi-Tm-Sr-Ti-Hf-Ir-Nb-Pd-Hg-Th-Np-Lu-Rh-Pu_1_6_3,phimage_Cu-Mn-Ni-Mo-Fe-Pt-Zn-Ca-Er-Au-Cd-Co-Gd-Na-Sm-Eu-Tb-V-Ag-Nd-U-Ba-Ce-K-Ga-Cr-Al-Li-Sc-Ru-In-Mg-Zr-Dy-W-Yb-Y-Ho-Re-Be-Rb-La-Sn-Cs-Pb-Pr-Bi-Tm-Sr-Ti-Hf-Ir-Nb-Pd-Hg-Th-Np-Lu-Rh-Pu_1_6_4,phimage_Cu-Mn-Ni-Mo-Fe-Pt-Zn-Ca-Er-Au-Cd-Co-Gd-Na-Sm-Eu-Tb-V-Ag-Nd-U-Ba-Ce-K-Ga-Cr-Al-Li-Sc-Ru-In-Mg-Zr-Dy-W-Yb-Y-Ho-Re-Be-Rb-La-Sn-Cs-Pb-Pr-Bi-Tm-Sr-Ti-Hf-Ir-Nb-Pd-Hg-Th-Np-Lu-Rh-Pu_1_6_5,phimage_Cu-Mn-Ni-Mo-Fe-Pt-Zn-Ca-Er-Au-Cd-Co-Gd-Na-Sm-Eu-Tb-V-Ag-Nd-U-Ba-Ce-K-Ga-Cr-Al-Li-Sc-Ru-In-Mg-Zr-Dy-W-Yb-Y-Ho-Re-Be-Rb-La-Sn-Cs-Pb-Pr-Bi-Tm-Sr-Ti-Hf-Ir-Nb-Pd-Hg-Th-Np-Lu-Rh-Pu_1_6_6,phimage_Cu-Mn-Ni-Mo-Fe-Pt-Zn-Ca-Er-Au-Cd-Co-Gd-Na-Sm-Eu-Tb-V-Ag-Nd-U-Ba-Ce-K-Ga-Cr-Al-Li-Sc-Ru-In-Mg-Zr-Dy-W-Yb-Y-Ho-Re-Be-Rb-La-Sn-Cs-Pb-Pr-Bi-Tm-Sr-Ti-Hf-Ir-Nb-Pd-Hg-Th-Np-Lu-Rh-Pu_1_6_7,phimage_Cu-Mn-Ni-Mo-Fe-Pt-Zn-Ca-Er-Au-Cd-Co-Gd-Na-Sm-Eu-Tb-V-Ag-Nd-U-Ba-Ce-K-Ga-Cr-Al-Li-Sc-Ru-In-Mg-Zr-Dy-W-Yb-Y-Ho-Re-Be-Rb-La-Sn-Cs-Pb-Pr-Bi-Tm-Sr-Ti-Hf-Ir-Nb-Pd-Hg-Th-Np-Lu-Rh-Pu_1_6_8,phimage_Cu-Mn-Ni-Mo-Fe-Pt-Zn-Ca-Er-Au-Cd-Co-Gd-Na-Sm-Eu-Tb-V-Ag-Nd-U-Ba-Ce-K-Ga-Cr-Al-Li-Sc-Ru-In-Mg-Zr-Dy-W-Yb-Y-Ho-Re-Be-Rb-La-Sn-Cs-Pb-Pr-Bi-Tm-Sr-Ti-Hf-Ir-Nb-Pd-Hg-Th-Np-Lu-Rh-Pu_1_6_9,phimage_Cu-Mn-Ni-Mo-Fe-Pt-Zn-Ca-Er-Au-Cd-Co-Gd-Na-Sm-Eu-Tb-V-Ag-Nd-U-Ba-Ce-K-Ga-Cr-Al-Li-Sc-Ru-In-Mg-Zr-Dy-W-Yb-Y-Ho-Re-Be-Rb-La-Sn-Cs-Pb-Pr-Bi-Tm-Sr-Ti-Hf-Ir-Nb-Pd-Hg-Th-Np-Lu-Rh-Pu_1_6_10,phimage_Cu-Mn-Ni-Mo-Fe-Pt-Zn-Ca-Er-Au-Cd-Co-Gd-Na-Sm-Eu-Tb-V-Ag-Nd-U-Ba-Ce-K-Ga-Cr-Al-Li-Sc-Ru-In-Mg-Zr-Dy-W-Yb-Y-Ho-Re-Be-Rb-La-Sn-Cs-Pb-Pr-Bi-Tm-Sr-Ti-Hf-Ir-Nb-Pd-Hg-Th-Np-Lu-Rh-Pu_1_6_11,phimage_Cu-Mn-Ni-Mo-Fe-Pt-Zn-Ca-Er-Au-Cd-Co-Gd-Na-Sm-Eu-Tb-V-Ag-Nd-U-Ba-Ce-K-Ga-Cr-Al-Li-Sc-Ru-In-Mg-Zr-Dy-W-Yb-Y-Ho-Re-Be-Rb-La-Sn-Cs-Pb-Pr-Bi-Tm-Sr-Ti-Hf-Ir-Nb-Pd-Hg-Th-Np-Lu-Rh-Pu_1_6_12,phimage_Cu-Mn-Ni-Mo-Fe-Pt-Zn-Ca-Er-Au-Cd-Co-Gd-Na-Sm-Eu-Tb-V-Ag-Nd-U-Ba-Ce-K-Ga-Cr-Al-Li-Sc-Ru-In-Mg-Zr-Dy-W-Yb-Y-Ho-Re-Be-Rb-La-Sn-Cs-Pb-Pr-Bi-Tm-Sr-Ti-Hf-Ir-Nb-Pd-Hg-Th-Np-Lu-Rh-Pu_1_6_13,phimage_Cu-Mn-Ni-Mo-Fe-Pt-Zn-Ca-Er-Au-Cd-Co-Gd-Na-Sm-Eu-Tb-V-Ag-Nd-U-Ba-Ce-K-Ga-Cr-Al-Li-Sc-Ru-In-Mg-Zr-Dy-W-Yb-Y-Ho-Re-Be-Rb-La-Sn-Cs-Pb-Pr-Bi-Tm-Sr-Ti-Hf-Ir-Nb-Pd-Hg-Th-Np-Lu-Rh-Pu_1_6_14,phimage_Cu-Mn-Ni-Mo-Fe-Pt-Zn-Ca-Er-Au-Cd-Co-Gd-Na-Sm-Eu-Tb-V-Ag-Nd-U-Ba-Ce-K-Ga-Cr-Al-Li-Sc-Ru-In-Mg-Zr-Dy-W-Yb-Y-Ho-Re-Be-Rb-La-Sn-Cs-Pb-Pr-Bi-Tm-Sr-Ti-Hf-Ir-Nb-Pd-Hg-Th-Np-Lu-Rh-Pu_1_6_15,phimage_Cu-Mn-Ni-Mo-Fe-Pt-Zn-Ca-Er-Au-Cd-Co-Gd-Na-Sm-Eu-Tb-V-Ag-Nd-U-Ba-Ce-K-Ga-Cr-Al-Li-Sc-Ru-In-Mg-Zr-Dy-W-Yb-Y-Ho-Re-Be-Rb-La-Sn-Cs-Pb-Pr-Bi-Tm-Sr-Ti-Hf-Ir-Nb-Pd-Hg-Th-Np-Lu-Rh-Pu_1_6_16,phimage_Cu-Mn-Ni-Mo-Fe-Pt-Zn-Ca-Er-Au-Cd-Co-Gd-Na-Sm-Eu-Tb-V-Ag-Nd-U-Ba-Ce-K-Ga-Cr-Al-Li-Sc-Ru-In-Mg-Zr-Dy-W-Yb-Y-Ho-Re-Be-Rb-La-Sn-Cs-Pb-Pr-Bi-Tm-Sr-Ti-Hf-Ir-Nb-Pd-Hg-Th-Np-Lu-Rh-Pu_1_6_17,phimage_Cu-Mn-Ni-Mo-Fe-Pt-Zn-Ca-Er-Au-Cd-Co-Gd-Na-Sm-Eu-Tb-V-Ag-Nd-U-Ba-Ce-K-Ga-Cr-Al-Li-Sc-Ru-In-Mg-Zr-Dy-W-Yb-Y-Ho-Re-Be-Rb-La-Sn-Cs-Pb-Pr-Bi-Tm-Sr-Ti-Hf-Ir-Nb-Pd-Hg-Th-Np-Lu-Rh-Pu_1_6_18,phimage_Cu-Mn-Ni-Mo-Fe-Pt-Zn-Ca-Er-Au-Cd-Co-Gd-Na-Sm-Eu-Tb-V-Ag-Nd-U-Ba-Ce-K-Ga-Cr-Al-Li-Sc-Ru-In-Mg-Zr-Dy-W-Yb-Y-Ho-Re-Be-Rb-La-Sn-Cs-Pb-Pr-Bi-Tm-Sr-Ti-Hf-Ir-Nb-Pd-Hg-Th-Np-Lu-Rh-Pu_1_6_19,phimage_Cu-Mn-Ni-Mo-Fe-Pt-Zn-Ca-Er-Au-Cd-Co-Gd-Na-Sm-Eu-Tb-V-Ag-Nd-U-Ba-Ce-K-Ga-Cr-Al-Li-Sc-Ru-In-Mg-Zr-Dy-W-Yb-Y-Ho-Re-Be-Rb-La-Sn-Cs-Pb-Pr-Bi-Tm-Sr-Ti-Hf-Ir-Nb-Pd-Hg-Th-Np-Lu-Rh-Pu_1_7_0,phimage_Cu-Mn-Ni-Mo-Fe-Pt-Zn-Ca-Er-Au-Cd-Co-Gd-Na-Sm-Eu-Tb-V-Ag-Nd-U-Ba-Ce-K-Ga-Cr-Al-Li-Sc-Ru-In-Mg-Zr-Dy-W-Yb-Y-Ho-Re-Be-Rb-La-Sn-Cs-Pb-Pr-Bi-Tm-Sr-Ti-Hf-Ir-Nb-Pd-Hg-Th-Np-Lu-Rh-Pu_1_7_1,phimage_Cu-Mn-Ni-Mo-Fe-Pt-Zn-Ca-Er-Au-Cd-Co-Gd-Na-Sm-Eu-Tb-V-Ag-Nd-U-Ba-Ce-K-Ga-Cr-Al-Li-Sc-Ru-In-Mg-Zr-Dy-W-Yb-Y-Ho-Re-Be-Rb-La-Sn-Cs-Pb-Pr-Bi-Tm-Sr-Ti-Hf-Ir-Nb-Pd-Hg-Th-Np-Lu-Rh-Pu_1_7_2,phimage_Cu-Mn-Ni-Mo-Fe-Pt-Zn-Ca-Er-Au-Cd-Co-Gd-Na-Sm-Eu-Tb-V-Ag-Nd-U-Ba-Ce-K-Ga-Cr-Al-Li-Sc-Ru-In-Mg-Zr-Dy-W-Yb-Y-Ho-Re-Be-Rb-La-Sn-Cs-Pb-Pr-Bi-Tm-Sr-Ti-Hf-Ir-Nb-Pd-Hg-Th-Np-Lu-Rh-Pu_1_7_3,phimage_Cu-Mn-Ni-Mo-Fe-Pt-Zn-Ca-Er-Au-Cd-Co-Gd-Na-Sm-Eu-Tb-V-Ag-Nd-U-Ba-Ce-K-Ga-Cr-Al-Li-Sc-Ru-In-Mg-Zr-Dy-W-Yb-Y-Ho-Re-Be-Rb-La-Sn-Cs-Pb-Pr-Bi-Tm-Sr-Ti-Hf-Ir-Nb-Pd-Hg-Th-Np-Lu-Rh-Pu_1_7_4,phimage_Cu-Mn-Ni-Mo-Fe-Pt-Zn-Ca-Er-Au-Cd-Co-Gd-Na-Sm-Eu-Tb-V-Ag-Nd-U-Ba-Ce-K-Ga-Cr-Al-Li-Sc-Ru-In-Mg-Zr-Dy-W-Yb-Y-Ho-Re-Be-Rb-La-Sn-Cs-Pb-Pr-Bi-Tm-Sr-Ti-Hf-Ir-Nb-Pd-Hg-Th-Np-Lu-Rh-Pu_1_7_5,phimage_Cu-Mn-Ni-Mo-Fe-Pt-Zn-Ca-Er-Au-Cd-Co-Gd-Na-Sm-Eu-Tb-V-Ag-Nd-U-Ba-Ce-K-Ga-Cr-Al-Li-Sc-Ru-In-Mg-Zr-Dy-W-Yb-Y-Ho-Re-Be-Rb-La-Sn-Cs-Pb-Pr-Bi-Tm-Sr-Ti-Hf-Ir-Nb-Pd-Hg-Th-Np-Lu-Rh-Pu_1_7_6,phimage_Cu-Mn-Ni-Mo-Fe-Pt-Zn-Ca-Er-Au-Cd-Co-Gd-Na-Sm-Eu-Tb-V-Ag-Nd-U-Ba-Ce-K-Ga-Cr-Al-Li-Sc-Ru-In-Mg-Zr-Dy-W-Yb-Y-Ho-Re-Be-Rb-La-Sn-Cs-Pb-Pr-Bi-Tm-Sr-Ti-Hf-Ir-Nb-Pd-Hg-Th-Np-Lu-Rh-Pu_1_7_7,phimage_Cu-Mn-Ni-Mo-Fe-Pt-Zn-Ca-Er-Au-Cd-Co-Gd-Na-Sm-Eu-Tb-V-Ag-Nd-U-Ba-Ce-K-Ga-Cr-Al-Li-Sc-Ru-In-Mg-Zr-Dy-W-Yb-Y-Ho-Re-Be-Rb-La-Sn-Cs-Pb-Pr-Bi-Tm-Sr-Ti-Hf-Ir-Nb-Pd-Hg-Th-Np-Lu-Rh-Pu_1_7_8,phimage_Cu-Mn-Ni-Mo-Fe-Pt-Zn-Ca-Er-Au-Cd-Co-Gd-Na-Sm-Eu-Tb-V-Ag-Nd-U-Ba-Ce-K-Ga-Cr-Al-Li-Sc-Ru-In-Mg-Zr-Dy-W-Yb-Y-Ho-Re-Be-Rb-La-Sn-Cs-Pb-Pr-Bi-Tm-Sr-Ti-Hf-Ir-Nb-Pd-Hg-Th-Np-Lu-Rh-Pu_1_7_9,phimage_Cu-Mn-Ni-Mo-Fe-Pt-Zn-Ca-Er-Au-Cd-Co-Gd-Na-Sm-Eu-Tb-V-Ag-Nd-U-Ba-Ce-K-Ga-Cr-Al-Li-Sc-Ru-In-Mg-Zr-Dy-W-Yb-Y-Ho-Re-Be-Rb-La-Sn-Cs-Pb-Pr-Bi-Tm-Sr-Ti-Hf-Ir-Nb-Pd-Hg-Th-Np-Lu-Rh-Pu_1_7_10,phimage_Cu-Mn-Ni-Mo-Fe-Pt-Zn-Ca-Er-Au-Cd-Co-Gd-Na-Sm-Eu-Tb-V-Ag-Nd-U-Ba-Ce-K-Ga-Cr-Al-Li-Sc-Ru-In-Mg-Zr-Dy-W-Yb-Y-Ho-Re-Be-Rb-La-Sn-Cs-Pb-Pr-Bi-Tm-Sr-Ti-Hf-Ir-Nb-Pd-Hg-Th-Np-Lu-Rh-Pu_1_7_11,phimage_Cu-Mn-Ni-Mo-Fe-Pt-Zn-Ca-Er-Au-Cd-Co-Gd-Na-Sm-Eu-Tb-V-Ag-Nd-U-Ba-Ce-K-Ga-Cr-Al-Li-Sc-Ru-In-Mg-Zr-Dy-W-Yb-Y-Ho-Re-Be-Rb-La-Sn-Cs-Pb-Pr-Bi-Tm-Sr-Ti-Hf-Ir-Nb-Pd-Hg-Th-Np-Lu-Rh-Pu_1_7_12,phimage_Cu-Mn-Ni-Mo-Fe-Pt-Zn-Ca-Er-Au-Cd-Co-Gd-Na-Sm-Eu-Tb-V-Ag-Nd-U-Ba-Ce-K-Ga-Cr-Al-Li-Sc-Ru-In-Mg-Zr-Dy-W-Yb-Y-Ho-Re-Be-Rb-La-Sn-Cs-Pb-Pr-Bi-Tm-Sr-Ti-Hf-Ir-Nb-Pd-Hg-Th-Np-Lu-Rh-Pu_1_7_13,phimage_Cu-Mn-Ni-Mo-Fe-Pt-Zn-Ca-Er-Au-Cd-Co-Gd-Na-Sm-Eu-Tb-V-Ag-Nd-U-Ba-Ce-K-Ga-Cr-Al-Li-Sc-Ru-In-Mg-Zr-Dy-W-Yb-Y-Ho-Re-Be-Rb-La-Sn-Cs-Pb-Pr-Bi-Tm-Sr-Ti-Hf-Ir-Nb-Pd-Hg-Th-Np-Lu-Rh-Pu_1_7_14,phimage_Cu-Mn-Ni-Mo-Fe-Pt-Zn-Ca-Er-Au-Cd-Co-Gd-Na-Sm-Eu-Tb-V-Ag-Nd-U-Ba-Ce-K-Ga-Cr-Al-Li-Sc-Ru-In-Mg-Zr-Dy-W-Yb-Y-Ho-Re-Be-Rb-La-Sn-Cs-Pb-Pr-Bi-Tm-Sr-Ti-Hf-Ir-Nb-Pd-Hg-Th-Np-Lu-Rh-Pu_1_7_15,phimage_Cu-Mn-Ni-Mo-Fe-Pt-Zn-Ca-Er-Au-Cd-Co-Gd-Na-Sm-Eu-Tb-V-Ag-Nd-U-Ba-Ce-K-Ga-Cr-Al-Li-Sc-Ru-In-Mg-Zr-Dy-W-Yb-Y-Ho-Re-Be-Rb-La-Sn-Cs-Pb-Pr-Bi-Tm-Sr-Ti-Hf-Ir-Nb-Pd-Hg-Th-Np-Lu-Rh-Pu_1_7_16,phimage_Cu-Mn-Ni-Mo-Fe-Pt-Zn-Ca-Er-Au-Cd-Co-Gd-Na-Sm-Eu-Tb-V-Ag-Nd-U-Ba-Ce-K-Ga-Cr-Al-Li-Sc-Ru-In-Mg-Zr-Dy-W-Yb-Y-Ho-Re-Be-Rb-La-Sn-Cs-Pb-Pr-Bi-Tm-Sr-Ti-Hf-Ir-Nb-Pd-Hg-Th-Np-Lu-Rh-Pu_1_7_17,phimage_Cu-Mn-Ni-Mo-Fe-Pt-Zn-Ca-Er-Au-Cd-Co-Gd-Na-Sm-Eu-Tb-V-Ag-Nd-U-Ba-Ce-K-Ga-Cr-Al-Li-Sc-Ru-In-Mg-Zr-Dy-W-Yb-Y-Ho-Re-Be-Rb-La-Sn-Cs-Pb-Pr-Bi-Tm-Sr-Ti-Hf-Ir-Nb-Pd-Hg-Th-Np-Lu-Rh-Pu_1_7_18,phimage_Cu-Mn-Ni-Mo-Fe-Pt-Zn-Ca-Er-Au-Cd-Co-Gd-Na-Sm-Eu-Tb-V-Ag-Nd-U-Ba-Ce-K-Ga-Cr-Al-Li-Sc-Ru-In-Mg-Zr-Dy-W-Yb-Y-Ho-Re-Be-Rb-La-Sn-Cs-Pb-Pr-Bi-Tm-Sr-Ti-Hf-Ir-Nb-Pd-Hg-Th-Np-Lu-Rh-Pu_1_7_19,phimage_Cu-Mn-Ni-Mo-Fe-Pt-Zn-Ca-Er-Au-Cd-Co-Gd-Na-Sm-Eu-Tb-V-Ag-Nd-U-Ba-Ce-K-Ga-Cr-Al-Li-Sc-Ru-In-Mg-Zr-Dy-W-Yb-Y-Ho-Re-Be-Rb-La-Sn-Cs-Pb-Pr-Bi-Tm-Sr-Ti-Hf-Ir-Nb-Pd-Hg-Th-Np-Lu-Rh-Pu_1_8_0,phimage_Cu-Mn-Ni-Mo-Fe-Pt-Zn-Ca-Er-Au-Cd-Co-Gd-Na-Sm-Eu-Tb-V-Ag-Nd-U-Ba-Ce-K-Ga-Cr-Al-Li-Sc-Ru-In-Mg-Zr-Dy-W-Yb-Y-Ho-Re-Be-Rb-La-Sn-Cs-Pb-Pr-Bi-Tm-Sr-Ti-Hf-Ir-Nb-Pd-Hg-Th-Np-Lu-Rh-Pu_1_8_1,phimage_Cu-Mn-Ni-Mo-Fe-Pt-Zn-Ca-Er-Au-Cd-Co-Gd-Na-Sm-Eu-Tb-V-Ag-Nd-U-Ba-Ce-K-Ga-Cr-Al-Li-Sc-Ru-In-Mg-Zr-Dy-W-Yb-Y-Ho-Re-Be-Rb-La-Sn-Cs-Pb-Pr-Bi-Tm-Sr-Ti-Hf-Ir-Nb-Pd-Hg-Th-Np-Lu-Rh-Pu_1_8_2,phimage_Cu-Mn-Ni-Mo-Fe-Pt-Zn-Ca-Er-Au-Cd-Co-Gd-Na-Sm-Eu-Tb-V-Ag-Nd-U-Ba-Ce-K-Ga-Cr-Al-Li-Sc-Ru-In-Mg-Zr-Dy-W-Yb-Y-Ho-Re-Be-Rb-La-Sn-Cs-Pb-Pr-Bi-Tm-Sr-Ti-Hf-Ir-Nb-Pd-Hg-Th-Np-Lu-Rh-Pu_1_8_3,phimage_Cu-Mn-Ni-Mo-Fe-Pt-Zn-Ca-Er-Au-Cd-Co-Gd-Na-Sm-Eu-Tb-V-Ag-Nd-U-Ba-Ce-K-Ga-Cr-Al-Li-Sc-Ru-In-Mg-Zr-Dy-W-Yb-Y-Ho-Re-Be-Rb-La-Sn-Cs-Pb-Pr-Bi-Tm-Sr-Ti-Hf-Ir-Nb-Pd-Hg-Th-Np-Lu-Rh-Pu_1_8_4,phimage_Cu-Mn-Ni-Mo-Fe-Pt-Zn-Ca-Er-Au-Cd-Co-Gd-Na-Sm-Eu-Tb-V-Ag-Nd-U-Ba-Ce-K-Ga-Cr-Al-Li-Sc-Ru-In-Mg-Zr-Dy-W-Yb-Y-Ho-Re-Be-Rb-La-Sn-Cs-Pb-Pr-Bi-Tm-Sr-Ti-Hf-Ir-Nb-Pd-Hg-Th-Np-Lu-Rh-Pu_1_8_5,phimage_Cu-Mn-Ni-Mo-Fe-Pt-Zn-Ca-Er-Au-Cd-Co-Gd-Na-Sm-Eu-Tb-V-Ag-Nd-U-Ba-Ce-K-Ga-Cr-Al-Li-Sc-Ru-In-Mg-Zr-Dy-W-Yb-Y-Ho-Re-Be-Rb-La-Sn-Cs-Pb-Pr-Bi-Tm-Sr-Ti-Hf-Ir-Nb-Pd-Hg-Th-Np-Lu-Rh-Pu_1_8_6,phimage_Cu-Mn-Ni-Mo-Fe-Pt-Zn-Ca-Er-Au-Cd-Co-Gd-Na-Sm-Eu-Tb-V-Ag-Nd-U-Ba-Ce-K-Ga-Cr-Al-Li-Sc-Ru-In-Mg-Zr-Dy-W-Yb-Y-Ho-Re-Be-Rb-La-Sn-Cs-Pb-Pr-Bi-Tm-Sr-Ti-Hf-Ir-Nb-Pd-Hg-Th-Np-Lu-Rh-Pu_1_8_7,phimage_Cu-Mn-Ni-Mo-Fe-Pt-Zn-Ca-Er-Au-Cd-Co-Gd-Na-Sm-Eu-Tb-V-Ag-Nd-U-Ba-Ce-K-Ga-Cr-Al-Li-Sc-Ru-In-Mg-Zr-Dy-W-Yb-Y-Ho-Re-Be-Rb-La-Sn-Cs-Pb-Pr-Bi-Tm-Sr-Ti-Hf-Ir-Nb-Pd-Hg-Th-Np-Lu-Rh-Pu_1_8_8,phimage_Cu-Mn-Ni-Mo-Fe-Pt-Zn-Ca-Er-Au-Cd-Co-Gd-Na-Sm-Eu-Tb-V-Ag-Nd-U-Ba-Ce-K-Ga-Cr-Al-Li-Sc-Ru-In-Mg-Zr-Dy-W-Yb-Y-Ho-Re-Be-Rb-La-Sn-Cs-Pb-Pr-Bi-Tm-Sr-Ti-Hf-Ir-Nb-Pd-Hg-Th-Np-Lu-Rh-Pu_1_8_9,phimage_Cu-Mn-Ni-Mo-Fe-Pt-Zn-Ca-Er-Au-Cd-Co-Gd-Na-Sm-Eu-Tb-V-Ag-Nd-U-Ba-Ce-K-Ga-Cr-Al-Li-Sc-Ru-In-Mg-Zr-Dy-W-Yb-Y-Ho-Re-Be-Rb-La-Sn-Cs-Pb-Pr-Bi-Tm-Sr-Ti-Hf-Ir-Nb-Pd-Hg-Th-Np-Lu-Rh-Pu_1_8_10,phimage_Cu-Mn-Ni-Mo-Fe-Pt-Zn-Ca-Er-Au-Cd-Co-Gd-Na-Sm-Eu-Tb-V-Ag-Nd-U-Ba-Ce-K-Ga-Cr-Al-Li-Sc-Ru-In-Mg-Zr-Dy-W-Yb-Y-Ho-Re-Be-Rb-La-Sn-Cs-Pb-Pr-Bi-Tm-Sr-Ti-Hf-Ir-Nb-Pd-Hg-Th-Np-Lu-Rh-Pu_1_8_11,phimage_Cu-Mn-Ni-Mo-Fe-Pt-Zn-Ca-Er-Au-Cd-Co-Gd-Na-Sm-Eu-Tb-V-Ag-Nd-U-Ba-Ce-K-Ga-Cr-Al-Li-Sc-Ru-In-Mg-Zr-Dy-W-Yb-Y-Ho-Re-Be-Rb-La-Sn-Cs-Pb-Pr-Bi-Tm-Sr-Ti-Hf-Ir-Nb-Pd-Hg-Th-Np-Lu-Rh-Pu_1_8_12,phimage_Cu-Mn-Ni-Mo-Fe-Pt-Zn-Ca-Er-Au-Cd-Co-Gd-Na-Sm-Eu-Tb-V-Ag-Nd-U-Ba-Ce-K-Ga-Cr-Al-Li-Sc-Ru-In-Mg-Zr-Dy-W-Yb-Y-Ho-Re-Be-Rb-La-Sn-Cs-Pb-Pr-Bi-Tm-Sr-Ti-Hf-Ir-Nb-Pd-Hg-Th-Np-Lu-Rh-Pu_1_8_13,phimage_Cu-Mn-Ni-Mo-Fe-Pt-Zn-Ca-Er-Au-Cd-Co-Gd-Na-Sm-Eu-Tb-V-Ag-Nd-U-Ba-Ce-K-Ga-Cr-Al-Li-Sc-Ru-In-Mg-Zr-Dy-W-Yb-Y-Ho-Re-Be-Rb-La-Sn-Cs-Pb-Pr-Bi-Tm-Sr-Ti-Hf-Ir-Nb-Pd-Hg-Th-Np-Lu-Rh-Pu_1_8_14,phimage_Cu-Mn-Ni-Mo-Fe-Pt-Zn-Ca-Er-Au-Cd-Co-Gd-Na-Sm-Eu-Tb-V-Ag-Nd-U-Ba-Ce-K-Ga-Cr-Al-Li-Sc-Ru-In-Mg-Zr-Dy-W-Yb-Y-Ho-Re-Be-Rb-La-Sn-Cs-Pb-Pr-Bi-Tm-Sr-Ti-Hf-Ir-Nb-Pd-Hg-Th-Np-Lu-Rh-Pu_1_8_15,phimage_Cu-Mn-Ni-Mo-Fe-Pt-Zn-Ca-Er-Au-Cd-Co-Gd-Na-Sm-Eu-Tb-V-Ag-Nd-U-Ba-Ce-K-Ga-Cr-Al-Li-Sc-Ru-In-Mg-Zr-Dy-W-Yb-Y-Ho-Re-Be-Rb-La-Sn-Cs-Pb-Pr-Bi-Tm-Sr-Ti-Hf-Ir-Nb-Pd-Hg-Th-Np-Lu-Rh-Pu_1_8_16,phimage_Cu-Mn-Ni-Mo-Fe-Pt-Zn-Ca-Er-Au-Cd-Co-Gd-Na-Sm-Eu-Tb-V-Ag-Nd-U-Ba-Ce-K-Ga-Cr-Al-Li-Sc-Ru-In-Mg-Zr-Dy-W-Yb-Y-Ho-Re-Be-Rb-La-Sn-Cs-Pb-Pr-Bi-Tm-Sr-Ti-Hf-Ir-Nb-Pd-Hg-Th-Np-Lu-Rh-Pu_1_8_17,phimage_Cu-Mn-Ni-Mo-Fe-Pt-Zn-Ca-Er-Au-Cd-Co-Gd-Na-Sm-Eu-Tb-V-Ag-Nd-U-Ba-Ce-K-Ga-Cr-Al-Li-Sc-Ru-In-Mg-Zr-Dy-W-Yb-Y-Ho-Re-Be-Rb-La-Sn-Cs-Pb-Pr-Bi-Tm-Sr-Ti-Hf-Ir-Nb-Pd-Hg-Th-Np-Lu-Rh-Pu_1_8_18,phimage_Cu-Mn-Ni-Mo-Fe-Pt-Zn-Ca-Er-Au-Cd-Co-Gd-Na-Sm-Eu-Tb-V-Ag-Nd-U-Ba-Ce-K-Ga-Cr-Al-Li-Sc-Ru-In-Mg-Zr-Dy-W-Yb-Y-Ho-Re-Be-Rb-La-Sn-Cs-Pb-Pr-Bi-Tm-Sr-Ti-Hf-Ir-Nb-Pd-Hg-Th-Np-Lu-Rh-Pu_1_8_19,phimage_Cu-Mn-Ni-Mo-Fe-Pt-Zn-Ca-Er-Au-Cd-Co-Gd-Na-Sm-Eu-Tb-V-Ag-Nd-U-Ba-Ce-K-Ga-Cr-Al-Li-Sc-Ru-In-Mg-Zr-Dy-W-Yb-Y-Ho-Re-Be-Rb-La-Sn-Cs-Pb-Pr-Bi-Tm-Sr-Ti-Hf-Ir-Nb-Pd-Hg-Th-Np-Lu-Rh-Pu_1_9_0,phimage_Cu-Mn-Ni-Mo-Fe-Pt-Zn-Ca-Er-Au-Cd-Co-Gd-Na-Sm-Eu-Tb-V-Ag-Nd-U-Ba-Ce-K-Ga-Cr-Al-Li-Sc-Ru-In-Mg-Zr-Dy-W-Yb-Y-Ho-Re-Be-Rb-La-Sn-Cs-Pb-Pr-Bi-Tm-Sr-Ti-Hf-Ir-Nb-Pd-Hg-Th-Np-Lu-Rh-Pu_1_9_1,phimage_Cu-Mn-Ni-Mo-Fe-Pt-Zn-Ca-Er-Au-Cd-Co-Gd-Na-Sm-Eu-Tb-V-Ag-Nd-U-Ba-Ce-K-Ga-Cr-Al-Li-Sc-Ru-In-Mg-Zr-Dy-W-Yb-Y-Ho-Re-Be-Rb-La-Sn-Cs-Pb-Pr-Bi-Tm-Sr-Ti-Hf-Ir-Nb-Pd-Hg-Th-Np-Lu-Rh-Pu_1_9_2,phimage_Cu-Mn-Ni-Mo-Fe-Pt-Zn-Ca-Er-Au-Cd-Co-Gd-Na-Sm-Eu-Tb-V-Ag-Nd-U-Ba-Ce-K-Ga-Cr-Al-Li-Sc-Ru-In-Mg-Zr-Dy-W-Yb-Y-Ho-Re-Be-Rb-La-Sn-Cs-Pb-Pr-Bi-Tm-Sr-Ti-Hf-Ir-Nb-Pd-Hg-Th-Np-Lu-Rh-Pu_1_9_3,phimage_Cu-Mn-Ni-Mo-Fe-Pt-Zn-Ca-Er-Au-Cd-Co-Gd-Na-Sm-Eu-Tb-V-Ag-Nd-U-Ba-Ce-K-Ga-Cr-Al-Li-Sc-Ru-In-Mg-Zr-Dy-W-Yb-Y-Ho-Re-Be-Rb-La-Sn-Cs-Pb-Pr-Bi-Tm-Sr-Ti-Hf-Ir-Nb-Pd-Hg-Th-Np-Lu-Rh-Pu_1_9_4,phimage_Cu-Mn-Ni-Mo-Fe-Pt-Zn-Ca-Er-Au-Cd-Co-Gd-Na-Sm-Eu-Tb-V-Ag-Nd-U-Ba-Ce-K-Ga-Cr-Al-Li-Sc-Ru-In-Mg-Zr-Dy-W-Yb-Y-Ho-Re-Be-Rb-La-Sn-Cs-Pb-Pr-Bi-Tm-Sr-Ti-Hf-Ir-Nb-Pd-Hg-Th-Np-Lu-Rh-Pu_1_9_5,phimage_Cu-Mn-Ni-Mo-Fe-Pt-Zn-Ca-Er-Au-Cd-Co-Gd-Na-Sm-Eu-Tb-V-Ag-Nd-U-Ba-Ce-K-Ga-Cr-Al-Li-Sc-Ru-In-Mg-Zr-Dy-W-Yb-Y-Ho-Re-Be-Rb-La-Sn-Cs-Pb-Pr-Bi-Tm-Sr-Ti-Hf-Ir-Nb-Pd-Hg-Th-Np-Lu-Rh-Pu_1_9_6,phimage_Cu-Mn-Ni-Mo-Fe-Pt-Zn-Ca-Er-Au-Cd-Co-Gd-Na-Sm-Eu-Tb-V-Ag-Nd-U-Ba-Ce-K-Ga-Cr-Al-Li-Sc-Ru-In-Mg-Zr-Dy-W-Yb-Y-Ho-Re-Be-Rb-La-Sn-Cs-Pb-Pr-Bi-Tm-Sr-Ti-Hf-Ir-Nb-Pd-Hg-Th-Np-Lu-Rh-Pu_1_9_7,phimage_Cu-Mn-Ni-Mo-Fe-Pt-Zn-Ca-Er-Au-Cd-Co-Gd-Na-Sm-Eu-Tb-V-Ag-Nd-U-Ba-Ce-K-Ga-Cr-Al-Li-Sc-Ru-In-Mg-Zr-Dy-W-Yb-Y-Ho-Re-Be-Rb-La-Sn-Cs-Pb-Pr-Bi-Tm-Sr-Ti-Hf-Ir-Nb-Pd-Hg-Th-Np-Lu-Rh-Pu_1_9_8,phimage_Cu-Mn-Ni-Mo-Fe-Pt-Zn-Ca-Er-Au-Cd-Co-Gd-Na-Sm-Eu-Tb-V-Ag-Nd-U-Ba-Ce-K-Ga-Cr-Al-Li-Sc-Ru-In-Mg-Zr-Dy-W-Yb-Y-Ho-Re-Be-Rb-La-Sn-Cs-Pb-Pr-Bi-Tm-Sr-Ti-Hf-Ir-Nb-Pd-Hg-Th-Np-Lu-Rh-Pu_1_9_9,phimage_Cu-Mn-Ni-Mo-Fe-Pt-Zn-Ca-Er-Au-Cd-Co-Gd-Na-Sm-Eu-Tb-V-Ag-Nd-U-Ba-Ce-K-Ga-Cr-Al-Li-Sc-Ru-In-Mg-Zr-Dy-W-Yb-Y-Ho-Re-Be-Rb-La-Sn-Cs-Pb-Pr-Bi-Tm-Sr-Ti-Hf-Ir-Nb-Pd-Hg-Th-Np-Lu-Rh-Pu_1_9_10,phimage_Cu-Mn-Ni-Mo-Fe-Pt-Zn-Ca-Er-Au-Cd-Co-Gd-Na-Sm-Eu-Tb-V-Ag-Nd-U-Ba-Ce-K-Ga-Cr-Al-Li-Sc-Ru-In-Mg-Zr-Dy-W-Yb-Y-Ho-Re-Be-Rb-La-Sn-Cs-Pb-Pr-Bi-Tm-Sr-Ti-Hf-Ir-Nb-Pd-Hg-Th-Np-Lu-Rh-Pu_1_9_11,phimage_Cu-Mn-Ni-Mo-Fe-Pt-Zn-Ca-Er-Au-Cd-Co-Gd-Na-Sm-Eu-Tb-V-Ag-Nd-U-Ba-Ce-K-Ga-Cr-Al-Li-Sc-Ru-In-Mg-Zr-Dy-W-Yb-Y-Ho-Re-Be-Rb-La-Sn-Cs-Pb-Pr-Bi-Tm-Sr-Ti-Hf-Ir-Nb-Pd-Hg-Th-Np-Lu-Rh-Pu_1_9_12,phimage_Cu-Mn-Ni-Mo-Fe-Pt-Zn-Ca-Er-Au-Cd-Co-Gd-Na-Sm-Eu-Tb-V-Ag-Nd-U-Ba-Ce-K-Ga-Cr-Al-Li-Sc-Ru-In-Mg-Zr-Dy-W-Yb-Y-Ho-Re-Be-Rb-La-Sn-Cs-Pb-Pr-Bi-Tm-Sr-Ti-Hf-Ir-Nb-Pd-Hg-Th-Np-Lu-Rh-Pu_1_9_13,phimage_Cu-Mn-Ni-Mo-Fe-Pt-Zn-Ca-Er-Au-Cd-Co-Gd-Na-Sm-Eu-Tb-V-Ag-Nd-U-Ba-Ce-K-Ga-Cr-Al-Li-Sc-Ru-In-Mg-Zr-Dy-W-Yb-Y-Ho-Re-Be-Rb-La-Sn-Cs-Pb-Pr-Bi-Tm-Sr-Ti-Hf-Ir-Nb-Pd-Hg-Th-Np-Lu-Rh-Pu_1_9_14,phimage_Cu-Mn-Ni-Mo-Fe-Pt-Zn-Ca-Er-Au-Cd-Co-Gd-Na-Sm-Eu-Tb-V-Ag-Nd-U-Ba-Ce-K-Ga-Cr-Al-Li-Sc-Ru-In-Mg-Zr-Dy-W-Yb-Y-Ho-Re-Be-Rb-La-Sn-Cs-Pb-Pr-Bi-Tm-Sr-Ti-Hf-Ir-Nb-Pd-Hg-Th-Np-Lu-Rh-Pu_1_9_15,phimage_Cu-Mn-Ni-Mo-Fe-Pt-Zn-Ca-Er-Au-Cd-Co-Gd-Na-Sm-Eu-Tb-V-Ag-Nd-U-Ba-Ce-K-Ga-Cr-Al-Li-Sc-Ru-In-Mg-Zr-Dy-W-Yb-Y-Ho-Re-Be-Rb-La-Sn-Cs-Pb-Pr-Bi-Tm-Sr-Ti-Hf-Ir-Nb-Pd-Hg-Th-Np-Lu-Rh-Pu_1_9_16,phimage_Cu-Mn-Ni-Mo-Fe-Pt-Zn-Ca-Er-Au-Cd-Co-Gd-Na-Sm-Eu-Tb-V-Ag-Nd-U-Ba-Ce-K-Ga-Cr-Al-Li-Sc-Ru-In-Mg-Zr-Dy-W-Yb-Y-Ho-Re-Be-Rb-La-Sn-Cs-Pb-Pr-Bi-Tm-Sr-Ti-Hf-Ir-Nb-Pd-Hg-Th-Np-Lu-Rh-Pu_1_9_17,phimage_Cu-Mn-Ni-Mo-Fe-Pt-Zn-Ca-Er-Au-Cd-Co-Gd-Na-Sm-Eu-Tb-V-Ag-Nd-U-Ba-Ce-K-Ga-Cr-Al-Li-Sc-Ru-In-Mg-Zr-Dy-W-Yb-Y-Ho-Re-Be-Rb-La-Sn-Cs-Pb-Pr-Bi-Tm-Sr-Ti-Hf-Ir-Nb-Pd-Hg-Th-Np-Lu-Rh-Pu_1_9_18,phimage_Cu-Mn-Ni-Mo-Fe-Pt-Zn-Ca-Er-Au-Cd-Co-Gd-Na-Sm-Eu-Tb-V-Ag-Nd-U-Ba-Ce-K-Ga-Cr-Al-Li-Sc-Ru-In-Mg-Zr-Dy-W-Yb-Y-Ho-Re-Be-Rb-La-Sn-Cs-Pb-Pr-Bi-Tm-Sr-Ti-Hf-Ir-Nb-Pd-Hg-Th-Np-Lu-Rh-Pu_1_9_19,phimage_Cu-Mn-Ni-Mo-Fe-Pt-Zn-Ca-Er-Au-Cd-Co-Gd-Na-Sm-Eu-Tb-V-Ag-Nd-U-Ba-Ce-K-Ga-Cr-Al-Li-Sc-Ru-In-Mg-Zr-Dy-W-Yb-Y-Ho-Re-Be-Rb-La-Sn-Cs-Pb-Pr-Bi-Tm-Sr-Ti-Hf-Ir-Nb-Pd-Hg-Th-Np-Lu-Rh-Pu_1_10_0,phimage_Cu-Mn-Ni-Mo-Fe-Pt-Zn-Ca-Er-Au-Cd-Co-Gd-Na-Sm-Eu-Tb-V-Ag-Nd-U-Ba-Ce-K-Ga-Cr-Al-Li-Sc-Ru-In-Mg-Zr-Dy-W-Yb-Y-Ho-Re-Be-Rb-La-Sn-Cs-Pb-Pr-Bi-Tm-Sr-Ti-Hf-Ir-Nb-Pd-Hg-Th-Np-Lu-Rh-Pu_1_10_1,phimage_Cu-Mn-Ni-Mo-Fe-Pt-Zn-Ca-Er-Au-Cd-Co-Gd-Na-Sm-Eu-Tb-V-Ag-Nd-U-Ba-Ce-K-Ga-Cr-Al-Li-Sc-Ru-In-Mg-Zr-Dy-W-Yb-Y-Ho-Re-Be-Rb-La-Sn-Cs-Pb-Pr-Bi-Tm-Sr-Ti-Hf-Ir-Nb-Pd-Hg-Th-Np-Lu-Rh-Pu_1_10_2,phimage_Cu-Mn-Ni-Mo-Fe-Pt-Zn-Ca-Er-Au-Cd-Co-Gd-Na-Sm-Eu-Tb-V-Ag-Nd-U-Ba-Ce-K-Ga-Cr-Al-Li-Sc-Ru-In-Mg-Zr-Dy-W-Yb-Y-Ho-Re-Be-Rb-La-Sn-Cs-Pb-Pr-Bi-Tm-Sr-Ti-Hf-Ir-Nb-Pd-Hg-Th-Np-Lu-Rh-Pu_1_10_3,phimage_Cu-Mn-Ni-Mo-Fe-Pt-Zn-Ca-Er-Au-Cd-Co-Gd-Na-Sm-Eu-Tb-V-Ag-Nd-U-Ba-Ce-K-Ga-Cr-Al-Li-Sc-Ru-In-Mg-Zr-Dy-W-Yb-Y-Ho-Re-Be-Rb-La-Sn-Cs-Pb-Pr-Bi-Tm-Sr-Ti-Hf-Ir-Nb-Pd-Hg-Th-Np-Lu-Rh-Pu_1_10_4,phimage_Cu-Mn-Ni-Mo-Fe-Pt-Zn-Ca-Er-Au-Cd-Co-Gd-Na-Sm-Eu-Tb-V-Ag-Nd-U-Ba-Ce-K-Ga-Cr-Al-Li-Sc-Ru-In-Mg-Zr-Dy-W-Yb-Y-Ho-Re-Be-Rb-La-Sn-Cs-Pb-Pr-Bi-Tm-Sr-Ti-Hf-Ir-Nb-Pd-Hg-Th-Np-Lu-Rh-Pu_1_10_5,phimage_Cu-Mn-Ni-Mo-Fe-Pt-Zn-Ca-Er-Au-Cd-Co-Gd-Na-Sm-Eu-Tb-V-Ag-Nd-U-Ba-Ce-K-Ga-Cr-Al-Li-Sc-Ru-In-Mg-Zr-Dy-W-Yb-Y-Ho-Re-Be-Rb-La-Sn-Cs-Pb-Pr-Bi-Tm-Sr-Ti-Hf-Ir-Nb-Pd-Hg-Th-Np-Lu-Rh-Pu_1_10_6,phimage_Cu-Mn-Ni-Mo-Fe-Pt-Zn-Ca-Er-Au-Cd-Co-Gd-Na-Sm-Eu-Tb-V-Ag-Nd-U-Ba-Ce-K-Ga-Cr-Al-Li-Sc-Ru-In-Mg-Zr-Dy-W-Yb-Y-Ho-Re-Be-Rb-La-Sn-Cs-Pb-Pr-Bi-Tm-Sr-Ti-Hf-Ir-Nb-Pd-Hg-Th-Np-Lu-Rh-Pu_1_10_7,phimage_Cu-Mn-Ni-Mo-Fe-Pt-Zn-Ca-Er-Au-Cd-Co-Gd-Na-Sm-Eu-Tb-V-Ag-Nd-U-Ba-Ce-K-Ga-Cr-Al-Li-Sc-Ru-In-Mg-Zr-Dy-W-Yb-Y-Ho-Re-Be-Rb-La-Sn-Cs-Pb-Pr-Bi-Tm-Sr-Ti-Hf-Ir-Nb-Pd-Hg-Th-Np-Lu-Rh-Pu_1_10_8,phimage_Cu-Mn-Ni-Mo-Fe-Pt-Zn-Ca-Er-Au-Cd-Co-Gd-Na-Sm-Eu-Tb-V-Ag-Nd-U-Ba-Ce-K-Ga-Cr-Al-Li-Sc-Ru-In-Mg-Zr-Dy-W-Yb-Y-Ho-Re-Be-Rb-La-Sn-Cs-Pb-Pr-Bi-Tm-Sr-Ti-Hf-Ir-Nb-Pd-Hg-Th-Np-Lu-Rh-Pu_1_10_9,phimage_Cu-Mn-Ni-Mo-Fe-Pt-Zn-Ca-Er-Au-Cd-Co-Gd-Na-Sm-Eu-Tb-V-Ag-Nd-U-Ba-Ce-K-Ga-Cr-Al-Li-Sc-Ru-In-Mg-Zr-Dy-W-Yb-Y-Ho-Re-Be-Rb-La-Sn-Cs-Pb-Pr-Bi-Tm-Sr-Ti-Hf-Ir-Nb-Pd-Hg-Th-Np-Lu-Rh-Pu_1_10_10,phimage_Cu-Mn-Ni-Mo-Fe-Pt-Zn-Ca-Er-Au-Cd-Co-Gd-Na-Sm-Eu-Tb-V-Ag-Nd-U-Ba-Ce-K-Ga-Cr-Al-Li-Sc-Ru-In-Mg-Zr-Dy-W-Yb-Y-Ho-Re-Be-Rb-La-Sn-Cs-Pb-Pr-Bi-Tm-Sr-Ti-Hf-Ir-Nb-Pd-Hg-Th-Np-Lu-Rh-Pu_1_10_11,phimage_Cu-Mn-Ni-Mo-Fe-Pt-Zn-Ca-Er-Au-Cd-Co-Gd-Na-Sm-Eu-Tb-V-Ag-Nd-U-Ba-Ce-K-Ga-Cr-Al-Li-Sc-Ru-In-Mg-Zr-Dy-W-Yb-Y-Ho-Re-Be-Rb-La-Sn-Cs-Pb-Pr-Bi-Tm-Sr-Ti-Hf-Ir-Nb-Pd-Hg-Th-Np-Lu-Rh-Pu_1_10_12,phimage_Cu-Mn-Ni-Mo-Fe-Pt-Zn-Ca-Er-Au-Cd-Co-Gd-Na-Sm-Eu-Tb-V-Ag-Nd-U-Ba-Ce-K-Ga-Cr-Al-Li-Sc-Ru-In-Mg-Zr-Dy-W-Yb-Y-Ho-Re-Be-Rb-La-Sn-Cs-Pb-Pr-Bi-Tm-Sr-Ti-Hf-Ir-Nb-Pd-Hg-Th-Np-Lu-Rh-Pu_1_10_13,phimage_Cu-Mn-Ni-Mo-Fe-Pt-Zn-Ca-Er-Au-Cd-Co-Gd-Na-Sm-Eu-Tb-V-Ag-Nd-U-Ba-Ce-K-Ga-Cr-Al-Li-Sc-Ru-In-Mg-Zr-Dy-W-Yb-Y-Ho-Re-Be-Rb-La-Sn-Cs-Pb-Pr-Bi-Tm-Sr-Ti-Hf-Ir-Nb-Pd-Hg-Th-Np-Lu-Rh-Pu_1_10_14,phimage_Cu-Mn-Ni-Mo-Fe-Pt-Zn-Ca-Er-Au-Cd-Co-Gd-Na-Sm-Eu-Tb-V-Ag-Nd-U-Ba-Ce-K-Ga-Cr-Al-Li-Sc-Ru-In-Mg-Zr-Dy-W-Yb-Y-Ho-Re-Be-Rb-La-Sn-Cs-Pb-Pr-Bi-Tm-Sr-Ti-Hf-Ir-Nb-Pd-Hg-Th-Np-Lu-Rh-Pu_1_10_15,phimage_Cu-Mn-Ni-Mo-Fe-Pt-Zn-Ca-Er-Au-Cd-Co-Gd-Na-Sm-Eu-Tb-V-Ag-Nd-U-Ba-Ce-K-Ga-Cr-Al-Li-Sc-Ru-In-Mg-Zr-Dy-W-Yb-Y-Ho-Re-Be-Rb-La-Sn-Cs-Pb-Pr-Bi-Tm-Sr-Ti-Hf-Ir-Nb-Pd-Hg-Th-Np-Lu-Rh-Pu_1_10_16,phimage_Cu-Mn-Ni-Mo-Fe-Pt-Zn-Ca-Er-Au-Cd-Co-Gd-Na-Sm-Eu-Tb-V-Ag-Nd-U-Ba-Ce-K-Ga-Cr-Al-Li-Sc-Ru-In-Mg-Zr-Dy-W-Yb-Y-Ho-Re-Be-Rb-La-Sn-Cs-Pb-Pr-Bi-Tm-Sr-Ti-Hf-Ir-Nb-Pd-Hg-Th-Np-Lu-Rh-Pu_1_10_17,phimage_Cu-Mn-Ni-Mo-Fe-Pt-Zn-Ca-Er-Au-Cd-Co-Gd-Na-Sm-Eu-Tb-V-Ag-Nd-U-Ba-Ce-K-Ga-Cr-Al-Li-Sc-Ru-In-Mg-Zr-Dy-W-Yb-Y-Ho-Re-Be-Rb-La-Sn-Cs-Pb-Pr-Bi-Tm-Sr-Ti-Hf-Ir-Nb-Pd-Hg-Th-Np-Lu-Rh-Pu_1_10_18,phimage_Cu-Mn-Ni-Mo-Fe-Pt-Zn-Ca-Er-Au-Cd-Co-Gd-Na-Sm-Eu-Tb-V-Ag-Nd-U-Ba-Ce-K-Ga-Cr-Al-Li-Sc-Ru-In-Mg-Zr-Dy-W-Yb-Y-Ho-Re-Be-Rb-La-Sn-Cs-Pb-Pr-Bi-Tm-Sr-Ti-Hf-Ir-Nb-Pd-Hg-Th-Np-Lu-Rh-Pu_1_10_19,phimage_Cu-Mn-Ni-Mo-Fe-Pt-Zn-Ca-Er-Au-Cd-Co-Gd-Na-Sm-Eu-Tb-V-Ag-Nd-U-Ba-Ce-K-Ga-Cr-Al-Li-Sc-Ru-In-Mg-Zr-Dy-W-Yb-Y-Ho-Re-Be-Rb-La-Sn-Cs-Pb-Pr-Bi-Tm-Sr-Ti-Hf-Ir-Nb-Pd-Hg-Th-Np-Lu-Rh-Pu_1_11_0,phimage_Cu-Mn-Ni-Mo-Fe-Pt-Zn-Ca-Er-Au-Cd-Co-Gd-Na-Sm-Eu-Tb-V-Ag-Nd-U-Ba-Ce-K-Ga-Cr-Al-Li-Sc-Ru-In-Mg-Zr-Dy-W-Yb-Y-Ho-Re-Be-Rb-La-Sn-Cs-Pb-Pr-Bi-Tm-Sr-Ti-Hf-Ir-Nb-Pd-Hg-Th-Np-Lu-Rh-Pu_1_11_1,phimage_Cu-Mn-Ni-Mo-Fe-Pt-Zn-Ca-Er-Au-Cd-Co-Gd-Na-Sm-Eu-Tb-V-Ag-Nd-U-Ba-Ce-K-Ga-Cr-Al-Li-Sc-Ru-In-Mg-Zr-Dy-W-Yb-Y-Ho-Re-Be-Rb-La-Sn-Cs-Pb-Pr-Bi-Tm-Sr-Ti-Hf-Ir-Nb-Pd-Hg-Th-Np-Lu-Rh-Pu_1_11_2,phimage_Cu-Mn-Ni-Mo-Fe-Pt-Zn-Ca-Er-Au-Cd-Co-Gd-Na-Sm-Eu-Tb-V-Ag-Nd-U-Ba-Ce-K-Ga-Cr-Al-Li-Sc-Ru-In-Mg-Zr-Dy-W-Yb-Y-Ho-Re-Be-Rb-La-Sn-Cs-Pb-Pr-Bi-Tm-Sr-Ti-Hf-Ir-Nb-Pd-Hg-Th-Np-Lu-Rh-Pu_1_11_3,phimage_Cu-Mn-Ni-Mo-Fe-Pt-Zn-Ca-Er-Au-Cd-Co-Gd-Na-Sm-Eu-Tb-V-Ag-Nd-U-Ba-Ce-K-Ga-Cr-Al-Li-Sc-Ru-In-Mg-Zr-Dy-W-Yb-Y-Ho-Re-Be-Rb-La-Sn-Cs-Pb-Pr-Bi-Tm-Sr-Ti-Hf-Ir-Nb-Pd-Hg-Th-Np-Lu-Rh-Pu_1_11_4,phimage_Cu-Mn-Ni-Mo-Fe-Pt-Zn-Ca-Er-Au-Cd-Co-Gd-Na-Sm-Eu-Tb-V-Ag-Nd-U-Ba-Ce-K-Ga-Cr-Al-Li-Sc-Ru-In-Mg-Zr-Dy-W-Yb-Y-Ho-Re-Be-Rb-La-Sn-Cs-Pb-Pr-Bi-Tm-Sr-Ti-Hf-Ir-Nb-Pd-Hg-Th-Np-Lu-Rh-Pu_1_11_5,phimage_Cu-Mn-Ni-Mo-Fe-Pt-Zn-Ca-Er-Au-Cd-Co-Gd-Na-Sm-Eu-Tb-V-Ag-Nd-U-Ba-Ce-K-Ga-Cr-Al-Li-Sc-Ru-In-Mg-Zr-Dy-W-Yb-Y-Ho-Re-Be-Rb-La-Sn-Cs-Pb-Pr-Bi-Tm-Sr-Ti-Hf-Ir-Nb-Pd-Hg-Th-Np-Lu-Rh-Pu_1_11_6,phimage_Cu-Mn-Ni-Mo-Fe-Pt-Zn-Ca-Er-Au-Cd-Co-Gd-Na-Sm-Eu-Tb-V-Ag-Nd-U-Ba-Ce-K-Ga-Cr-Al-Li-Sc-Ru-In-Mg-Zr-Dy-W-Yb-Y-Ho-Re-Be-Rb-La-Sn-Cs-Pb-Pr-Bi-Tm-Sr-Ti-Hf-Ir-Nb-Pd-Hg-Th-Np-Lu-Rh-Pu_1_11_7,phimage_Cu-Mn-Ni-Mo-Fe-Pt-Zn-Ca-Er-Au-Cd-Co-Gd-Na-Sm-Eu-Tb-V-Ag-Nd-U-Ba-Ce-K-Ga-Cr-Al-Li-Sc-Ru-In-Mg-Zr-Dy-W-Yb-Y-Ho-Re-Be-Rb-La-Sn-Cs-Pb-Pr-Bi-Tm-Sr-Ti-Hf-Ir-Nb-Pd-Hg-Th-Np-Lu-Rh-Pu_1_11_8,phimage_Cu-Mn-Ni-Mo-Fe-Pt-Zn-Ca-Er-Au-Cd-Co-Gd-Na-Sm-Eu-Tb-V-Ag-Nd-U-Ba-Ce-K-Ga-Cr-Al-Li-Sc-Ru-In-Mg-Zr-Dy-W-Yb-Y-Ho-Re-Be-Rb-La-Sn-Cs-Pb-Pr-Bi-Tm-Sr-Ti-Hf-Ir-Nb-Pd-Hg-Th-Np-Lu-Rh-Pu_1_11_9,phimage_Cu-Mn-Ni-Mo-Fe-Pt-Zn-Ca-Er-Au-Cd-Co-Gd-Na-Sm-Eu-Tb-V-Ag-Nd-U-Ba-Ce-K-Ga-Cr-Al-Li-Sc-Ru-In-Mg-Zr-Dy-W-Yb-Y-Ho-Re-Be-Rb-La-Sn-Cs-Pb-Pr-Bi-Tm-Sr-Ti-Hf-Ir-Nb-Pd-Hg-Th-Np-Lu-Rh-Pu_1_11_10,phimage_Cu-Mn-Ni-Mo-Fe-Pt-Zn-Ca-Er-Au-Cd-Co-Gd-Na-Sm-Eu-Tb-V-Ag-Nd-U-Ba-Ce-K-Ga-Cr-Al-Li-Sc-Ru-In-Mg-Zr-Dy-W-Yb-Y-Ho-Re-Be-Rb-La-Sn-Cs-Pb-Pr-Bi-Tm-Sr-Ti-Hf-Ir-Nb-Pd-Hg-Th-Np-Lu-Rh-Pu_1_11_11,phimage_Cu-Mn-Ni-Mo-Fe-Pt-Zn-Ca-Er-Au-Cd-Co-Gd-Na-Sm-Eu-Tb-V-Ag-Nd-U-Ba-Ce-K-Ga-Cr-Al-Li-Sc-Ru-In-Mg-Zr-Dy-W-Yb-Y-Ho-Re-Be-Rb-La-Sn-Cs-Pb-Pr-Bi-Tm-Sr-Ti-Hf-Ir-Nb-Pd-Hg-Th-Np-Lu-Rh-Pu_1_11_12,phimage_Cu-Mn-Ni-Mo-Fe-Pt-Zn-Ca-Er-Au-Cd-Co-Gd-Na-Sm-Eu-Tb-V-Ag-Nd-U-Ba-Ce-K-Ga-Cr-Al-Li-Sc-Ru-In-Mg-Zr-Dy-W-Yb-Y-Ho-Re-Be-Rb-La-Sn-Cs-Pb-Pr-Bi-Tm-Sr-Ti-Hf-Ir-Nb-Pd-Hg-Th-Np-Lu-Rh-Pu_1_11_13,phimage_Cu-Mn-Ni-Mo-Fe-Pt-Zn-Ca-Er-Au-Cd-Co-Gd-Na-Sm-Eu-Tb-V-Ag-Nd-U-Ba-Ce-K-Ga-Cr-Al-Li-Sc-Ru-In-Mg-Zr-Dy-W-Yb-Y-Ho-Re-Be-Rb-La-Sn-Cs-Pb-Pr-Bi-Tm-Sr-Ti-Hf-Ir-Nb-Pd-Hg-Th-Np-Lu-Rh-Pu_1_11_14,phimage_Cu-Mn-Ni-Mo-Fe-Pt-Zn-Ca-Er-Au-Cd-Co-Gd-Na-Sm-Eu-Tb-V-Ag-Nd-U-Ba-Ce-K-Ga-Cr-Al-Li-Sc-Ru-In-Mg-Zr-Dy-W-Yb-Y-Ho-Re-Be-Rb-La-Sn-Cs-Pb-Pr-Bi-Tm-Sr-Ti-Hf-Ir-Nb-Pd-Hg-Th-Np-Lu-Rh-Pu_1_11_15,phimage_Cu-Mn-Ni-Mo-Fe-Pt-Zn-Ca-Er-Au-Cd-Co-Gd-Na-Sm-Eu-Tb-V-Ag-Nd-U-Ba-Ce-K-Ga-Cr-Al-Li-Sc-Ru-In-Mg-Zr-Dy-W-Yb-Y-Ho-Re-Be-Rb-La-Sn-Cs-Pb-Pr-Bi-Tm-Sr-Ti-Hf-Ir-Nb-Pd-Hg-Th-Np-Lu-Rh-Pu_1_11_16,phimage_Cu-Mn-Ni-Mo-Fe-Pt-Zn-Ca-Er-Au-Cd-Co-Gd-Na-Sm-Eu-Tb-V-Ag-Nd-U-Ba-Ce-K-Ga-Cr-Al-Li-Sc-Ru-In-Mg-Zr-Dy-W-Yb-Y-Ho-Re-Be-Rb-La-Sn-Cs-Pb-Pr-Bi-Tm-Sr-Ti-Hf-Ir-Nb-Pd-Hg-Th-Np-Lu-Rh-Pu_1_11_17,phimage_Cu-Mn-Ni-Mo-Fe-Pt-Zn-Ca-Er-Au-Cd-Co-Gd-Na-Sm-Eu-Tb-V-Ag-Nd-U-Ba-Ce-K-Ga-Cr-Al-Li-Sc-Ru-In-Mg-Zr-Dy-W-Yb-Y-Ho-Re-Be-Rb-La-Sn-Cs-Pb-Pr-Bi-Tm-Sr-Ti-Hf-Ir-Nb-Pd-Hg-Th-Np-Lu-Rh-Pu_1_11_18,phimage_Cu-Mn-Ni-Mo-Fe-Pt-Zn-Ca-Er-Au-Cd-Co-Gd-Na-Sm-Eu-Tb-V-Ag-Nd-U-Ba-Ce-K-Ga-Cr-Al-Li-Sc-Ru-In-Mg-Zr-Dy-W-Yb-Y-Ho-Re-Be-Rb-La-Sn-Cs-Pb-Pr-Bi-Tm-Sr-Ti-Hf-Ir-Nb-Pd-Hg-Th-Np-Lu-Rh-Pu_1_11_19,phimage_Cu-Mn-Ni-Mo-Fe-Pt-Zn-Ca-Er-Au-Cd-Co-Gd-Na-Sm-Eu-Tb-V-Ag-Nd-U-Ba-Ce-K-Ga-Cr-Al-Li-Sc-Ru-In-Mg-Zr-Dy-W-Yb-Y-Ho-Re-Be-Rb-La-Sn-Cs-Pb-Pr-Bi-Tm-Sr-Ti-Hf-Ir-Nb-Pd-Hg-Th-Np-Lu-Rh-Pu_1_12_0,phimage_Cu-Mn-Ni-Mo-Fe-Pt-Zn-Ca-Er-Au-Cd-Co-Gd-Na-Sm-Eu-Tb-V-Ag-Nd-U-Ba-Ce-K-Ga-Cr-Al-Li-Sc-Ru-In-Mg-Zr-Dy-W-Yb-Y-Ho-Re-Be-Rb-La-Sn-Cs-Pb-Pr-Bi-Tm-Sr-Ti-Hf-Ir-Nb-Pd-Hg-Th-Np-Lu-Rh-Pu_1_12_1,phimage_Cu-Mn-Ni-Mo-Fe-Pt-Zn-Ca-Er-Au-Cd-Co-Gd-Na-Sm-Eu-Tb-V-Ag-Nd-U-Ba-Ce-K-Ga-Cr-Al-Li-Sc-Ru-In-Mg-Zr-Dy-W-Yb-Y-Ho-Re-Be-Rb-La-Sn-Cs-Pb-Pr-Bi-Tm-Sr-Ti-Hf-Ir-Nb-Pd-Hg-Th-Np-Lu-Rh-Pu_1_12_2,phimage_Cu-Mn-Ni-Mo-Fe-Pt-Zn-Ca-Er-Au-Cd-Co-Gd-Na-Sm-Eu-Tb-V-Ag-Nd-U-Ba-Ce-K-Ga-Cr-Al-Li-Sc-Ru-In-Mg-Zr-Dy-W-Yb-Y-Ho-Re-Be-Rb-La-Sn-Cs-Pb-Pr-Bi-Tm-Sr-Ti-Hf-Ir-Nb-Pd-Hg-Th-Np-Lu-Rh-Pu_1_12_3,phimage_Cu-Mn-Ni-Mo-Fe-Pt-Zn-Ca-Er-Au-Cd-Co-Gd-Na-Sm-Eu-Tb-V-Ag-Nd-U-Ba-Ce-K-Ga-Cr-Al-Li-Sc-Ru-In-Mg-Zr-Dy-W-Yb-Y-Ho-Re-Be-Rb-La-Sn-Cs-Pb-Pr-Bi-Tm-Sr-Ti-Hf-Ir-Nb-Pd-Hg-Th-Np-Lu-Rh-Pu_1_12_4,phimage_Cu-Mn-Ni-Mo-Fe-Pt-Zn-Ca-Er-Au-Cd-Co-Gd-Na-Sm-Eu-Tb-V-Ag-Nd-U-Ba-Ce-K-Ga-Cr-Al-Li-Sc-Ru-In-Mg-Zr-Dy-W-Yb-Y-Ho-Re-Be-Rb-La-Sn-Cs-Pb-Pr-Bi-Tm-Sr-Ti-Hf-Ir-Nb-Pd-Hg-Th-Np-Lu-Rh-Pu_1_12_5,phimage_Cu-Mn-Ni-Mo-Fe-Pt-Zn-Ca-Er-Au-Cd-Co-Gd-Na-Sm-Eu-Tb-V-Ag-Nd-U-Ba-Ce-K-Ga-Cr-Al-Li-Sc-Ru-In-Mg-Zr-Dy-W-Yb-Y-Ho-Re-Be-Rb-La-Sn-Cs-Pb-Pr-Bi-Tm-Sr-Ti-Hf-Ir-Nb-Pd-Hg-Th-Np-Lu-Rh-Pu_1_12_6,phimage_Cu-Mn-Ni-Mo-Fe-Pt-Zn-Ca-Er-Au-Cd-Co-Gd-Na-Sm-Eu-Tb-V-Ag-Nd-U-Ba-Ce-K-Ga-Cr-Al-Li-Sc-Ru-In-Mg-Zr-Dy-W-Yb-Y-Ho-Re-Be-Rb-La-Sn-Cs-Pb-Pr-Bi-Tm-Sr-Ti-Hf-Ir-Nb-Pd-Hg-Th-Np-Lu-Rh-Pu_1_12_7,phimage_Cu-Mn-Ni-Mo-Fe-Pt-Zn-Ca-Er-Au-Cd-Co-Gd-Na-Sm-Eu-Tb-V-Ag-Nd-U-Ba-Ce-K-Ga-Cr-Al-Li-Sc-Ru-In-Mg-Zr-Dy-W-Yb-Y-Ho-Re-Be-Rb-La-Sn-Cs-Pb-Pr-Bi-Tm-Sr-Ti-Hf-Ir-Nb-Pd-Hg-Th-Np-Lu-Rh-Pu_1_12_8,phimage_Cu-Mn-Ni-Mo-Fe-Pt-Zn-Ca-Er-Au-Cd-Co-Gd-Na-Sm-Eu-Tb-V-Ag-Nd-U-Ba-Ce-K-Ga-Cr-Al-Li-Sc-Ru-In-Mg-Zr-Dy-W-Yb-Y-Ho-Re-Be-Rb-La-Sn-Cs-Pb-Pr-Bi-Tm-Sr-Ti-Hf-Ir-Nb-Pd-Hg-Th-Np-Lu-Rh-Pu_1_12_9,phimage_Cu-Mn-Ni-Mo-Fe-Pt-Zn-Ca-Er-Au-Cd-Co-Gd-Na-Sm-Eu-Tb-V-Ag-Nd-U-Ba-Ce-K-Ga-Cr-Al-Li-Sc-Ru-In-Mg-Zr-Dy-W-Yb-Y-Ho-Re-Be-Rb-La-Sn-Cs-Pb-Pr-Bi-Tm-Sr-Ti-Hf-Ir-Nb-Pd-Hg-Th-Np-Lu-Rh-Pu_1_12_10,phimage_Cu-Mn-Ni-Mo-Fe-Pt-Zn-Ca-Er-Au-Cd-Co-Gd-Na-Sm-Eu-Tb-V-Ag-Nd-U-Ba-Ce-K-Ga-Cr-Al-Li-Sc-Ru-In-Mg-Zr-Dy-W-Yb-Y-Ho-Re-Be-Rb-La-Sn-Cs-Pb-Pr-Bi-Tm-Sr-Ti-Hf-Ir-Nb-Pd-Hg-Th-Np-Lu-Rh-Pu_1_12_11,phimage_Cu-Mn-Ni-Mo-Fe-Pt-Zn-Ca-Er-Au-Cd-Co-Gd-Na-Sm-Eu-Tb-V-Ag-Nd-U-Ba-Ce-K-Ga-Cr-Al-Li-Sc-Ru-In-Mg-Zr-Dy-W-Yb-Y-Ho-Re-Be-Rb-La-Sn-Cs-Pb-Pr-Bi-Tm-Sr-Ti-Hf-Ir-Nb-Pd-Hg-Th-Np-Lu-Rh-Pu_1_12_12,phimage_Cu-Mn-Ni-Mo-Fe-Pt-Zn-Ca-Er-Au-Cd-Co-Gd-Na-Sm-Eu-Tb-V-Ag-Nd-U-Ba-Ce-K-Ga-Cr-Al-Li-Sc-Ru-In-Mg-Zr-Dy-W-Yb-Y-Ho-Re-Be-Rb-La-Sn-Cs-Pb-Pr-Bi-Tm-Sr-Ti-Hf-Ir-Nb-Pd-Hg-Th-Np-Lu-Rh-Pu_1_12_13,phimage_Cu-Mn-Ni-Mo-Fe-Pt-Zn-Ca-Er-Au-Cd-Co-Gd-Na-Sm-Eu-Tb-V-Ag-Nd-U-Ba-Ce-K-Ga-Cr-Al-Li-Sc-Ru-In-Mg-Zr-Dy-W-Yb-Y-Ho-Re-Be-Rb-La-Sn-Cs-Pb-Pr-Bi-Tm-Sr-Ti-Hf-Ir-Nb-Pd-Hg-Th-Np-Lu-Rh-Pu_1_12_14,phimage_Cu-Mn-Ni-Mo-Fe-Pt-Zn-Ca-Er-Au-Cd-Co-Gd-Na-Sm-Eu-Tb-V-Ag-Nd-U-Ba-Ce-K-Ga-Cr-Al-Li-Sc-Ru-In-Mg-Zr-Dy-W-Yb-Y-Ho-Re-Be-Rb-La-Sn-Cs-Pb-Pr-Bi-Tm-Sr-Ti-Hf-Ir-Nb-Pd-Hg-Th-Np-Lu-Rh-Pu_1_12_15,phimage_Cu-Mn-Ni-Mo-Fe-Pt-Zn-Ca-Er-Au-Cd-Co-Gd-Na-Sm-Eu-Tb-V-Ag-Nd-U-Ba-Ce-K-Ga-Cr-Al-Li-Sc-Ru-In-Mg-Zr-Dy-W-Yb-Y-Ho-Re-Be-Rb-La-Sn-Cs-Pb-Pr-Bi-Tm-Sr-Ti-Hf-Ir-Nb-Pd-Hg-Th-Np-Lu-Rh-Pu_1_12_16,phimage_Cu-Mn-Ni-Mo-Fe-Pt-Zn-Ca-Er-Au-Cd-Co-Gd-Na-Sm-Eu-Tb-V-Ag-Nd-U-Ba-Ce-K-Ga-Cr-Al-Li-Sc-Ru-In-Mg-Zr-Dy-W-Yb-Y-Ho-Re-Be-Rb-La-Sn-Cs-Pb-Pr-Bi-Tm-Sr-Ti-Hf-Ir-Nb-Pd-Hg-Th-Np-Lu-Rh-Pu_1_12_17,phimage_Cu-Mn-Ni-Mo-Fe-Pt-Zn-Ca-Er-Au-Cd-Co-Gd-Na-Sm-Eu-Tb-V-Ag-Nd-U-Ba-Ce-K-Ga-Cr-Al-Li-Sc-Ru-In-Mg-Zr-Dy-W-Yb-Y-Ho-Re-Be-Rb-La-Sn-Cs-Pb-Pr-Bi-Tm-Sr-Ti-Hf-Ir-Nb-Pd-Hg-Th-Np-Lu-Rh-Pu_1_12_18,phimage_Cu-Mn-Ni-Mo-Fe-Pt-Zn-Ca-Er-Au-Cd-Co-Gd-Na-Sm-Eu-Tb-V-Ag-Nd-U-Ba-Ce-K-Ga-Cr-Al-Li-Sc-Ru-In-Mg-Zr-Dy-W-Yb-Y-Ho-Re-Be-Rb-La-Sn-Cs-Pb-Pr-Bi-Tm-Sr-Ti-Hf-Ir-Nb-Pd-Hg-Th-Np-Lu-Rh-Pu_1_12_19,phimage_Cu-Mn-Ni-Mo-Fe-Pt-Zn-Ca-Er-Au-Cd-Co-Gd-Na-Sm-Eu-Tb-V-Ag-Nd-U-Ba-Ce-K-Ga-Cr-Al-Li-Sc-Ru-In-Mg-Zr-Dy-W-Yb-Y-Ho-Re-Be-Rb-La-Sn-Cs-Pb-Pr-Bi-Tm-Sr-Ti-Hf-Ir-Nb-Pd-Hg-Th-Np-Lu-Rh-Pu_1_13_0,phimage_Cu-Mn-Ni-Mo-Fe-Pt-Zn-Ca-Er-Au-Cd-Co-Gd-Na-Sm-Eu-Tb-V-Ag-Nd-U-Ba-Ce-K-Ga-Cr-Al-Li-Sc-Ru-In-Mg-Zr-Dy-W-Yb-Y-Ho-Re-Be-Rb-La-Sn-Cs-Pb-Pr-Bi-Tm-Sr-Ti-Hf-Ir-Nb-Pd-Hg-Th-Np-Lu-Rh-Pu_1_13_1,phimage_Cu-Mn-Ni-Mo-Fe-Pt-Zn-Ca-Er-Au-Cd-Co-Gd-Na-Sm-Eu-Tb-V-Ag-Nd-U-Ba-Ce-K-Ga-Cr-Al-Li-Sc-Ru-In-Mg-Zr-Dy-W-Yb-Y-Ho-Re-Be-Rb-La-Sn-Cs-Pb-Pr-Bi-Tm-Sr-Ti-Hf-Ir-Nb-Pd-Hg-Th-Np-Lu-Rh-Pu_1_13_2,phimage_Cu-Mn-Ni-Mo-Fe-Pt-Zn-Ca-Er-Au-Cd-Co-Gd-Na-Sm-Eu-Tb-V-Ag-Nd-U-Ba-Ce-K-Ga-Cr-Al-Li-Sc-Ru-In-Mg-Zr-Dy-W-Yb-Y-Ho-Re-Be-Rb-La-Sn-Cs-Pb-Pr-Bi-Tm-Sr-Ti-Hf-Ir-Nb-Pd-Hg-Th-Np-Lu-Rh-Pu_1_13_3,phimage_Cu-Mn-Ni-Mo-Fe-Pt-Zn-Ca-Er-Au-Cd-Co-Gd-Na-Sm-Eu-Tb-V-Ag-Nd-U-Ba-Ce-K-Ga-Cr-Al-Li-Sc-Ru-In-Mg-Zr-Dy-W-Yb-Y-Ho-Re-Be-Rb-La-Sn-Cs-Pb-Pr-Bi-Tm-Sr-Ti-Hf-Ir-Nb-Pd-Hg-Th-Np-Lu-Rh-Pu_1_13_4,phimage_Cu-Mn-Ni-Mo-Fe-Pt-Zn-Ca-Er-Au-Cd-Co-Gd-Na-Sm-Eu-Tb-V-Ag-Nd-U-Ba-Ce-K-Ga-Cr-Al-Li-Sc-Ru-In-Mg-Zr-Dy-W-Yb-Y-Ho-Re-Be-Rb-La-Sn-Cs-Pb-Pr-Bi-Tm-Sr-Ti-Hf-Ir-Nb-Pd-Hg-Th-Np-Lu-Rh-Pu_1_13_5,phimage_Cu-Mn-Ni-Mo-Fe-Pt-Zn-Ca-Er-Au-Cd-Co-Gd-Na-Sm-Eu-Tb-V-Ag-Nd-U-Ba-Ce-K-Ga-Cr-Al-Li-Sc-Ru-In-Mg-Zr-Dy-W-Yb-Y-Ho-Re-Be-Rb-La-Sn-Cs-Pb-Pr-Bi-Tm-Sr-Ti-Hf-Ir-Nb-Pd-Hg-Th-Np-Lu-Rh-Pu_1_13_6,phimage_Cu-Mn-Ni-Mo-Fe-Pt-Zn-Ca-Er-Au-Cd-Co-Gd-Na-Sm-Eu-Tb-V-Ag-Nd-U-Ba-Ce-K-Ga-Cr-Al-Li-Sc-Ru-In-Mg-Zr-Dy-W-Yb-Y-Ho-Re-Be-Rb-La-Sn-Cs-Pb-Pr-Bi-Tm-Sr-Ti-Hf-Ir-Nb-Pd-Hg-Th-Np-Lu-Rh-Pu_1_13_7,phimage_Cu-Mn-Ni-Mo-Fe-Pt-Zn-Ca-Er-Au-Cd-Co-Gd-Na-Sm-Eu-Tb-V-Ag-Nd-U-Ba-Ce-K-Ga-Cr-Al-Li-Sc-Ru-In-Mg-Zr-Dy-W-Yb-Y-Ho-Re-Be-Rb-La-Sn-Cs-Pb-Pr-Bi-Tm-Sr-Ti-Hf-Ir-Nb-Pd-Hg-Th-Np-Lu-Rh-Pu_1_13_8,phimage_Cu-Mn-Ni-Mo-Fe-Pt-Zn-Ca-Er-Au-Cd-Co-Gd-Na-Sm-Eu-Tb-V-Ag-Nd-U-Ba-Ce-K-Ga-Cr-Al-Li-Sc-Ru-In-Mg-Zr-Dy-W-Yb-Y-Ho-Re-Be-Rb-La-Sn-Cs-Pb-Pr-Bi-Tm-Sr-Ti-Hf-Ir-Nb-Pd-Hg-Th-Np-Lu-Rh-Pu_1_13_9,phimage_Cu-Mn-Ni-Mo-Fe-Pt-Zn-Ca-Er-Au-Cd-Co-Gd-Na-Sm-Eu-Tb-V-Ag-Nd-U-Ba-Ce-K-Ga-Cr-Al-Li-Sc-Ru-In-Mg-Zr-Dy-W-Yb-Y-Ho-Re-Be-Rb-La-Sn-Cs-Pb-Pr-Bi-Tm-Sr-Ti-Hf-Ir-Nb-Pd-Hg-Th-Np-Lu-Rh-Pu_1_13_10,phimage_Cu-Mn-Ni-Mo-Fe-Pt-Zn-Ca-Er-Au-Cd-Co-Gd-Na-Sm-Eu-Tb-V-Ag-Nd-U-Ba-Ce-K-Ga-Cr-Al-Li-Sc-Ru-In-Mg-Zr-Dy-W-Yb-Y-Ho-Re-Be-Rb-La-Sn-Cs-Pb-Pr-Bi-Tm-Sr-Ti-Hf-Ir-Nb-Pd-Hg-Th-Np-Lu-Rh-Pu_1_13_11,phimage_Cu-Mn-Ni-Mo-Fe-Pt-Zn-Ca-Er-Au-Cd-Co-Gd-Na-Sm-Eu-Tb-V-Ag-Nd-U-Ba-Ce-K-Ga-Cr-Al-Li-Sc-Ru-In-Mg-Zr-Dy-W-Yb-Y-Ho-Re-Be-Rb-La-Sn-Cs-Pb-Pr-Bi-Tm-Sr-Ti-Hf-Ir-Nb-Pd-Hg-Th-Np-Lu-Rh-Pu_1_13_12,phimage_Cu-Mn-Ni-Mo-Fe-Pt-Zn-Ca-Er-Au-Cd-Co-Gd-Na-Sm-Eu-Tb-V-Ag-Nd-U-Ba-Ce-K-Ga-Cr-Al-Li-Sc-Ru-In-Mg-Zr-Dy-W-Yb-Y-Ho-Re-Be-Rb-La-Sn-Cs-Pb-Pr-Bi-Tm-Sr-Ti-Hf-Ir-Nb-Pd-Hg-Th-Np-Lu-Rh-Pu_1_13_13,phimage_Cu-Mn-Ni-Mo-Fe-Pt-Zn-Ca-Er-Au-Cd-Co-Gd-Na-Sm-Eu-Tb-V-Ag-Nd-U-Ba-Ce-K-Ga-Cr-Al-Li-Sc-Ru-In-Mg-Zr-Dy-W-Yb-Y-Ho-Re-Be-Rb-La-Sn-Cs-Pb-Pr-Bi-Tm-Sr-Ti-Hf-Ir-Nb-Pd-Hg-Th-Np-Lu-Rh-Pu_1_13_14,phimage_Cu-Mn-Ni-Mo-Fe-Pt-Zn-Ca-Er-Au-Cd-Co-Gd-Na-Sm-Eu-Tb-V-Ag-Nd-U-Ba-Ce-K-Ga-Cr-Al-Li-Sc-Ru-In-Mg-Zr-Dy-W-Yb-Y-Ho-Re-Be-Rb-La-Sn-Cs-Pb-Pr-Bi-Tm-Sr-Ti-Hf-Ir-Nb-Pd-Hg-Th-Np-Lu-Rh-Pu_1_13_15,phimage_Cu-Mn-Ni-Mo-Fe-Pt-Zn-Ca-Er-Au-Cd-Co-Gd-Na-Sm-Eu-Tb-V-Ag-Nd-U-Ba-Ce-K-Ga-Cr-Al-Li-Sc-Ru-In-Mg-Zr-Dy-W-Yb-Y-Ho-Re-Be-Rb-La-Sn-Cs-Pb-Pr-Bi-Tm-Sr-Ti-Hf-Ir-Nb-Pd-Hg-Th-Np-Lu-Rh-Pu_1_13_16,phimage_Cu-Mn-Ni-Mo-Fe-Pt-Zn-Ca-Er-Au-Cd-Co-Gd-Na-Sm-Eu-Tb-V-Ag-Nd-U-Ba-Ce-K-Ga-Cr-Al-Li-Sc-Ru-In-Mg-Zr-Dy-W-Yb-Y-Ho-Re-Be-Rb-La-Sn-Cs-Pb-Pr-Bi-Tm-Sr-Ti-Hf-Ir-Nb-Pd-Hg-Th-Np-Lu-Rh-Pu_1_13_17,phimage_Cu-Mn-Ni-Mo-Fe-Pt-Zn-Ca-Er-Au-Cd-Co-Gd-Na-Sm-Eu-Tb-V-Ag-Nd-U-Ba-Ce-K-Ga-Cr-Al-Li-Sc-Ru-In-Mg-Zr-Dy-W-Yb-Y-Ho-Re-Be-Rb-La-Sn-Cs-Pb-Pr-Bi-Tm-Sr-Ti-Hf-Ir-Nb-Pd-Hg-Th-Np-Lu-Rh-Pu_1_13_18,phimage_Cu-Mn-Ni-Mo-Fe-Pt-Zn-Ca-Er-Au-Cd-Co-Gd-Na-Sm-Eu-Tb-V-Ag-Nd-U-Ba-Ce-K-Ga-Cr-Al-Li-Sc-Ru-In-Mg-Zr-Dy-W-Yb-Y-Ho-Re-Be-Rb-La-Sn-Cs-Pb-Pr-Bi-Tm-Sr-Ti-Hf-Ir-Nb-Pd-Hg-Th-Np-Lu-Rh-Pu_1_13_19,phimage_Cu-Mn-Ni-Mo-Fe-Pt-Zn-Ca-Er-Au-Cd-Co-Gd-Na-Sm-Eu-Tb-V-Ag-Nd-U-Ba-Ce-K-Ga-Cr-Al-Li-Sc-Ru-In-Mg-Zr-Dy-W-Yb-Y-Ho-Re-Be-Rb-La-Sn-Cs-Pb-Pr-Bi-Tm-Sr-Ti-Hf-Ir-Nb-Pd-Hg-Th-Np-Lu-Rh-Pu_1_14_0,phimage_Cu-Mn-Ni-Mo-Fe-Pt-Zn-Ca-Er-Au-Cd-Co-Gd-Na-Sm-Eu-Tb-V-Ag-Nd-U-Ba-Ce-K-Ga-Cr-Al-Li-Sc-Ru-In-Mg-Zr-Dy-W-Yb-Y-Ho-Re-Be-Rb-La-Sn-Cs-Pb-Pr-Bi-Tm-Sr-Ti-Hf-Ir-Nb-Pd-Hg-Th-Np-Lu-Rh-Pu_1_14_1,phimage_Cu-Mn-Ni-Mo-Fe-Pt-Zn-Ca-Er-Au-Cd-Co-Gd-Na-Sm-Eu-Tb-V-Ag-Nd-U-Ba-Ce-K-Ga-Cr-Al-Li-Sc-Ru-In-Mg-Zr-Dy-W-Yb-Y-Ho-Re-Be-Rb-La-Sn-Cs-Pb-Pr-Bi-Tm-Sr-Ti-Hf-Ir-Nb-Pd-Hg-Th-Np-Lu-Rh-Pu_1_14_2,phimage_Cu-Mn-Ni-Mo-Fe-Pt-Zn-Ca-Er-Au-Cd-Co-Gd-Na-Sm-Eu-Tb-V-Ag-Nd-U-Ba-Ce-K-Ga-Cr-Al-Li-Sc-Ru-In-Mg-Zr-Dy-W-Yb-Y-Ho-Re-Be-Rb-La-Sn-Cs-Pb-Pr-Bi-Tm-Sr-Ti-Hf-Ir-Nb-Pd-Hg-Th-Np-Lu-Rh-Pu_1_14_3,phimage_Cu-Mn-Ni-Mo-Fe-Pt-Zn-Ca-Er-Au-Cd-Co-Gd-Na-Sm-Eu-Tb-V-Ag-Nd-U-Ba-Ce-K-Ga-Cr-Al-Li-Sc-Ru-In-Mg-Zr-Dy-W-Yb-Y-Ho-Re-Be-Rb-La-Sn-Cs-Pb-Pr-Bi-Tm-Sr-Ti-Hf-Ir-Nb-Pd-Hg-Th-Np-Lu-Rh-Pu_1_14_4,phimage_Cu-Mn-Ni-Mo-Fe-Pt-Zn-Ca-Er-Au-Cd-Co-Gd-Na-Sm-Eu-Tb-V-Ag-Nd-U-Ba-Ce-K-Ga-Cr-Al-Li-Sc-Ru-In-Mg-Zr-Dy-W-Yb-Y-Ho-Re-Be-Rb-La-Sn-Cs-Pb-Pr-Bi-Tm-Sr-Ti-Hf-Ir-Nb-Pd-Hg-Th-Np-Lu-Rh-Pu_1_14_5,phimage_Cu-Mn-Ni-Mo-Fe-Pt-Zn-Ca-Er-Au-Cd-Co-Gd-Na-Sm-Eu-Tb-V-Ag-Nd-U-Ba-Ce-K-Ga-Cr-Al-Li-Sc-Ru-In-Mg-Zr-Dy-W-Yb-Y-Ho-Re-Be-Rb-La-Sn-Cs-Pb-Pr-Bi-Tm-Sr-Ti-Hf-Ir-Nb-Pd-Hg-Th-Np-Lu-Rh-Pu_1_14_6,phimage_Cu-Mn-Ni-Mo-Fe-Pt-Zn-Ca-Er-Au-Cd-Co-Gd-Na-Sm-Eu-Tb-V-Ag-Nd-U-Ba-Ce-K-Ga-Cr-Al-Li-Sc-Ru-In-Mg-Zr-Dy-W-Yb-Y-Ho-Re-Be-Rb-La-Sn-Cs-Pb-Pr-Bi-Tm-Sr-Ti-Hf-Ir-Nb-Pd-Hg-Th-Np-Lu-Rh-Pu_1_14_7,phimage_Cu-Mn-Ni-Mo-Fe-Pt-Zn-Ca-Er-Au-Cd-Co-Gd-Na-Sm-Eu-Tb-V-Ag-Nd-U-Ba-Ce-K-Ga-Cr-Al-Li-Sc-Ru-In-Mg-Zr-Dy-W-Yb-Y-Ho-Re-Be-Rb-La-Sn-Cs-Pb-Pr-Bi-Tm-Sr-Ti-Hf-Ir-Nb-Pd-Hg-Th-Np-Lu-Rh-Pu_1_14_8,phimage_Cu-Mn-Ni-Mo-Fe-Pt-Zn-Ca-Er-Au-Cd-Co-Gd-Na-Sm-Eu-Tb-V-Ag-Nd-U-Ba-Ce-K-Ga-Cr-Al-Li-Sc-Ru-In-Mg-Zr-Dy-W-Yb-Y-Ho-Re-Be-Rb-La-Sn-Cs-Pb-Pr-Bi-Tm-Sr-Ti-Hf-Ir-Nb-Pd-Hg-Th-Np-Lu-Rh-Pu_1_14_9,phimage_Cu-Mn-Ni-Mo-Fe-Pt-Zn-Ca-Er-Au-Cd-Co-Gd-Na-Sm-Eu-Tb-V-Ag-Nd-U-Ba-Ce-K-Ga-Cr-Al-Li-Sc-Ru-In-Mg-Zr-Dy-W-Yb-Y-Ho-Re-Be-Rb-La-Sn-Cs-Pb-Pr-Bi-Tm-Sr-Ti-Hf-Ir-Nb-Pd-Hg-Th-Np-Lu-Rh-Pu_1_14_10,phimage_Cu-Mn-Ni-Mo-Fe-Pt-Zn-Ca-Er-Au-Cd-Co-Gd-Na-Sm-Eu-Tb-V-Ag-Nd-U-Ba-Ce-K-Ga-Cr-Al-Li-Sc-Ru-In-Mg-Zr-Dy-W-Yb-Y-Ho-Re-Be-Rb-La-Sn-Cs-Pb-Pr-Bi-Tm-Sr-Ti-Hf-Ir-Nb-Pd-Hg-Th-Np-Lu-Rh-Pu_1_14_11,phimage_Cu-Mn-Ni-Mo-Fe-Pt-Zn-Ca-Er-Au-Cd-Co-Gd-Na-Sm-Eu-Tb-V-Ag-Nd-U-Ba-Ce-K-Ga-Cr-Al-Li-Sc-Ru-In-Mg-Zr-Dy-W-Yb-Y-Ho-Re-Be-Rb-La-Sn-Cs-Pb-Pr-Bi-Tm-Sr-Ti-Hf-Ir-Nb-Pd-Hg-Th-Np-Lu-Rh-Pu_1_14_12,phimage_Cu-Mn-Ni-Mo-Fe-Pt-Zn-Ca-Er-Au-Cd-Co-Gd-Na-Sm-Eu-Tb-V-Ag-Nd-U-Ba-Ce-K-Ga-Cr-Al-Li-Sc-Ru-In-Mg-Zr-Dy-W-Yb-Y-Ho-Re-Be-Rb-La-Sn-Cs-Pb-Pr-Bi-Tm-Sr-Ti-Hf-Ir-Nb-Pd-Hg-Th-Np-Lu-Rh-Pu_1_14_13,phimage_Cu-Mn-Ni-Mo-Fe-Pt-Zn-Ca-Er-Au-Cd-Co-Gd-Na-Sm-Eu-Tb-V-Ag-Nd-U-Ba-Ce-K-Ga-Cr-Al-Li-Sc-Ru-In-Mg-Zr-Dy-W-Yb-Y-Ho-Re-Be-Rb-La-Sn-Cs-Pb-Pr-Bi-Tm-Sr-Ti-Hf-Ir-Nb-Pd-Hg-Th-Np-Lu-Rh-Pu_1_14_14,phimage_Cu-Mn-Ni-Mo-Fe-Pt-Zn-Ca-Er-Au-Cd-Co-Gd-Na-Sm-Eu-Tb-V-Ag-Nd-U-Ba-Ce-K-Ga-Cr-Al-Li-Sc-Ru-In-Mg-Zr-Dy-W-Yb-Y-Ho-Re-Be-Rb-La-Sn-Cs-Pb-Pr-Bi-Tm-Sr-Ti-Hf-Ir-Nb-Pd-Hg-Th-Np-Lu-Rh-Pu_1_14_15,phimage_Cu-Mn-Ni-Mo-Fe-Pt-Zn-Ca-Er-Au-Cd-Co-Gd-Na-Sm-Eu-Tb-V-Ag-Nd-U-Ba-Ce-K-Ga-Cr-Al-Li-Sc-Ru-In-Mg-Zr-Dy-W-Yb-Y-Ho-Re-Be-Rb-La-Sn-Cs-Pb-Pr-Bi-Tm-Sr-Ti-Hf-Ir-Nb-Pd-Hg-Th-Np-Lu-Rh-Pu_1_14_16,phimage_Cu-Mn-Ni-Mo-Fe-Pt-Zn-Ca-Er-Au-Cd-Co-Gd-Na-Sm-Eu-Tb-V-Ag-Nd-U-Ba-Ce-K-Ga-Cr-Al-Li-Sc-Ru-In-Mg-Zr-Dy-W-Yb-Y-Ho-Re-Be-Rb-La-Sn-Cs-Pb-Pr-Bi-Tm-Sr-Ti-Hf-Ir-Nb-Pd-Hg-Th-Np-Lu-Rh-Pu_1_14_17,phimage_Cu-Mn-Ni-Mo-Fe-Pt-Zn-Ca-Er-Au-Cd-Co-Gd-Na-Sm-Eu-Tb-V-Ag-Nd-U-Ba-Ce-K-Ga-Cr-Al-Li-Sc-Ru-In-Mg-Zr-Dy-W-Yb-Y-Ho-Re-Be-Rb-La-Sn-Cs-Pb-Pr-Bi-Tm-Sr-Ti-Hf-Ir-Nb-Pd-Hg-Th-Np-Lu-Rh-Pu_1_14_18,phimage_Cu-Mn-Ni-Mo-Fe-Pt-Zn-Ca-Er-Au-Cd-Co-Gd-Na-Sm-Eu-Tb-V-Ag-Nd-U-Ba-Ce-K-Ga-Cr-Al-Li-Sc-Ru-In-Mg-Zr-Dy-W-Yb-Y-Ho-Re-Be-Rb-La-Sn-Cs-Pb-Pr-Bi-Tm-Sr-Ti-Hf-Ir-Nb-Pd-Hg-Th-Np-Lu-Rh-Pu_1_14_19,phimage_Cu-Mn-Ni-Mo-Fe-Pt-Zn-Ca-Er-Au-Cd-Co-Gd-Na-Sm-Eu-Tb-V-Ag-Nd-U-Ba-Ce-K-Ga-Cr-Al-Li-Sc-Ru-In-Mg-Zr-Dy-W-Yb-Y-Ho-Re-Be-Rb-La-Sn-Cs-Pb-Pr-Bi-Tm-Sr-Ti-Hf-Ir-Nb-Pd-Hg-Th-Np-Lu-Rh-Pu_1_15_0,phimage_Cu-Mn-Ni-Mo-Fe-Pt-Zn-Ca-Er-Au-Cd-Co-Gd-Na-Sm-Eu-Tb-V-Ag-Nd-U-Ba-Ce-K-Ga-Cr-Al-Li-Sc-Ru-In-Mg-Zr-Dy-W-Yb-Y-Ho-Re-Be-Rb-La-Sn-Cs-Pb-Pr-Bi-Tm-Sr-Ti-Hf-Ir-Nb-Pd-Hg-Th-Np-Lu-Rh-Pu_1_15_1,phimage_Cu-Mn-Ni-Mo-Fe-Pt-Zn-Ca-Er-Au-Cd-Co-Gd-Na-Sm-Eu-Tb-V-Ag-Nd-U-Ba-Ce-K-Ga-Cr-Al-Li-Sc-Ru-In-Mg-Zr-Dy-W-Yb-Y-Ho-Re-Be-Rb-La-Sn-Cs-Pb-Pr-Bi-Tm-Sr-Ti-Hf-Ir-Nb-Pd-Hg-Th-Np-Lu-Rh-Pu_1_15_2,phimage_Cu-Mn-Ni-Mo-Fe-Pt-Zn-Ca-Er-Au-Cd-Co-Gd-Na-Sm-Eu-Tb-V-Ag-Nd-U-Ba-Ce-K-Ga-Cr-Al-Li-Sc-Ru-In-Mg-Zr-Dy-W-Yb-Y-Ho-Re-Be-Rb-La-Sn-Cs-Pb-Pr-Bi-Tm-Sr-Ti-Hf-Ir-Nb-Pd-Hg-Th-Np-Lu-Rh-Pu_1_15_3,phimage_Cu-Mn-Ni-Mo-Fe-Pt-Zn-Ca-Er-Au-Cd-Co-Gd-Na-Sm-Eu-Tb-V-Ag-Nd-U-Ba-Ce-K-Ga-Cr-Al-Li-Sc-Ru-In-Mg-Zr-Dy-W-Yb-Y-Ho-Re-Be-Rb-La-Sn-Cs-Pb-Pr-Bi-Tm-Sr-Ti-Hf-Ir-Nb-Pd-Hg-Th-Np-Lu-Rh-Pu_1_15_4,phimage_Cu-Mn-Ni-Mo-Fe-Pt-Zn-Ca-Er-Au-Cd-Co-Gd-Na-Sm-Eu-Tb-V-Ag-Nd-U-Ba-Ce-K-Ga-Cr-Al-Li-Sc-Ru-In-Mg-Zr-Dy-W-Yb-Y-Ho-Re-Be-Rb-La-Sn-Cs-Pb-Pr-Bi-Tm-Sr-Ti-Hf-Ir-Nb-Pd-Hg-Th-Np-Lu-Rh-Pu_1_15_5,phimage_Cu-Mn-Ni-Mo-Fe-Pt-Zn-Ca-Er-Au-Cd-Co-Gd-Na-Sm-Eu-Tb-V-Ag-Nd-U-Ba-Ce-K-Ga-Cr-Al-Li-Sc-Ru-In-Mg-Zr-Dy-W-Yb-Y-Ho-Re-Be-Rb-La-Sn-Cs-Pb-Pr-Bi-Tm-Sr-Ti-Hf-Ir-Nb-Pd-Hg-Th-Np-Lu-Rh-Pu_1_15_6,phimage_Cu-Mn-Ni-Mo-Fe-Pt-Zn-Ca-Er-Au-Cd-Co-Gd-Na-Sm-Eu-Tb-V-Ag-Nd-U-Ba-Ce-K-Ga-Cr-Al-Li-Sc-Ru-In-Mg-Zr-Dy-W-Yb-Y-Ho-Re-Be-Rb-La-Sn-Cs-Pb-Pr-Bi-Tm-Sr-Ti-Hf-Ir-Nb-Pd-Hg-Th-Np-Lu-Rh-Pu_1_15_7,phimage_Cu-Mn-Ni-Mo-Fe-Pt-Zn-Ca-Er-Au-Cd-Co-Gd-Na-Sm-Eu-Tb-V-Ag-Nd-U-Ba-Ce-K-Ga-Cr-Al-Li-Sc-Ru-In-Mg-Zr-Dy-W-Yb-Y-Ho-Re-Be-Rb-La-Sn-Cs-Pb-Pr-Bi-Tm-Sr-Ti-Hf-Ir-Nb-Pd-Hg-Th-Np-Lu-Rh-Pu_1_15_8,phimage_Cu-Mn-Ni-Mo-Fe-Pt-Zn-Ca-Er-Au-Cd-Co-Gd-Na-Sm-Eu-Tb-V-Ag-Nd-U-Ba-Ce-K-Ga-Cr-Al-Li-Sc-Ru-In-Mg-Zr-Dy-W-Yb-Y-Ho-Re-Be-Rb-La-Sn-Cs-Pb-Pr-Bi-Tm-Sr-Ti-Hf-Ir-Nb-Pd-Hg-Th-Np-Lu-Rh-Pu_1_15_9,phimage_Cu-Mn-Ni-Mo-Fe-Pt-Zn-Ca-Er-Au-Cd-Co-Gd-Na-Sm-Eu-Tb-V-Ag-Nd-U-Ba-Ce-K-Ga-Cr-Al-Li-Sc-Ru-In-Mg-Zr-Dy-W-Yb-Y-Ho-Re-Be-Rb-La-Sn-Cs-Pb-Pr-Bi-Tm-Sr-Ti-Hf-Ir-Nb-Pd-Hg-Th-Np-Lu-Rh-Pu_1_15_10,phimage_Cu-Mn-Ni-Mo-Fe-Pt-Zn-Ca-Er-Au-Cd-Co-Gd-Na-Sm-Eu-Tb-V-Ag-Nd-U-Ba-Ce-K-Ga-Cr-Al-Li-Sc-Ru-In-Mg-Zr-Dy-W-Yb-Y-Ho-Re-Be-Rb-La-Sn-Cs-Pb-Pr-Bi-Tm-Sr-Ti-Hf-Ir-Nb-Pd-Hg-Th-Np-Lu-Rh-Pu_1_15_11,phimage_Cu-Mn-Ni-Mo-Fe-Pt-Zn-Ca-Er-Au-Cd-Co-Gd-Na-Sm-Eu-Tb-V-Ag-Nd-U-Ba-Ce-K-Ga-Cr-Al-Li-Sc-Ru-In-Mg-Zr-Dy-W-Yb-Y-Ho-Re-Be-Rb-La-Sn-Cs-Pb-Pr-Bi-Tm-Sr-Ti-Hf-Ir-Nb-Pd-Hg-Th-Np-Lu-Rh-Pu_1_15_12,phimage_Cu-Mn-Ni-Mo-Fe-Pt-Zn-Ca-Er-Au-Cd-Co-Gd-Na-Sm-Eu-Tb-V-Ag-Nd-U-Ba-Ce-K-Ga-Cr-Al-Li-Sc-Ru-In-Mg-Zr-Dy-W-Yb-Y-Ho-Re-Be-Rb-La-Sn-Cs-Pb-Pr-Bi-Tm-Sr-Ti-Hf-Ir-Nb-Pd-Hg-Th-Np-Lu-Rh-Pu_1_15_13,phimage_Cu-Mn-Ni-Mo-Fe-Pt-Zn-Ca-Er-Au-Cd-Co-Gd-Na-Sm-Eu-Tb-V-Ag-Nd-U-Ba-Ce-K-Ga-Cr-Al-Li-Sc-Ru-In-Mg-Zr-Dy-W-Yb-Y-Ho-Re-Be-Rb-La-Sn-Cs-Pb-Pr-Bi-Tm-Sr-Ti-Hf-Ir-Nb-Pd-Hg-Th-Np-Lu-Rh-Pu_1_15_14,phimage_Cu-Mn-Ni-Mo-Fe-Pt-Zn-Ca-Er-Au-Cd-Co-Gd-Na-Sm-Eu-Tb-V-Ag-Nd-U-Ba-Ce-K-Ga-Cr-Al-Li-Sc-Ru-In-Mg-Zr-Dy-W-Yb-Y-Ho-Re-Be-Rb-La-Sn-Cs-Pb-Pr-Bi-Tm-Sr-Ti-Hf-Ir-Nb-Pd-Hg-Th-Np-Lu-Rh-Pu_1_15_15,phimage_Cu-Mn-Ni-Mo-Fe-Pt-Zn-Ca-Er-Au-Cd-Co-Gd-Na-Sm-Eu-Tb-V-Ag-Nd-U-Ba-Ce-K-Ga-Cr-Al-Li-Sc-Ru-In-Mg-Zr-Dy-W-Yb-Y-Ho-Re-Be-Rb-La-Sn-Cs-Pb-Pr-Bi-Tm-Sr-Ti-Hf-Ir-Nb-Pd-Hg-Th-Np-Lu-Rh-Pu_1_15_16,phimage_Cu-Mn-Ni-Mo-Fe-Pt-Zn-Ca-Er-Au-Cd-Co-Gd-Na-Sm-Eu-Tb-V-Ag-Nd-U-Ba-Ce-K-Ga-Cr-Al-Li-Sc-Ru-In-Mg-Zr-Dy-W-Yb-Y-Ho-Re-Be-Rb-La-Sn-Cs-Pb-Pr-Bi-Tm-Sr-Ti-Hf-Ir-Nb-Pd-Hg-Th-Np-Lu-Rh-Pu_1_15_17,phimage_Cu-Mn-Ni-Mo-Fe-Pt-Zn-Ca-Er-Au-Cd-Co-Gd-Na-Sm-Eu-Tb-V-Ag-Nd-U-Ba-Ce-K-Ga-Cr-Al-Li-Sc-Ru-In-Mg-Zr-Dy-W-Yb-Y-Ho-Re-Be-Rb-La-Sn-Cs-Pb-Pr-Bi-Tm-Sr-Ti-Hf-Ir-Nb-Pd-Hg-Th-Np-Lu-Rh-Pu_1_15_18,phimage_Cu-Mn-Ni-Mo-Fe-Pt-Zn-Ca-Er-Au-Cd-Co-Gd-Na-Sm-Eu-Tb-V-Ag-Nd-U-Ba-Ce-K-Ga-Cr-Al-Li-Sc-Ru-In-Mg-Zr-Dy-W-Yb-Y-Ho-Re-Be-Rb-La-Sn-Cs-Pb-Pr-Bi-Tm-Sr-Ti-Hf-Ir-Nb-Pd-Hg-Th-Np-Lu-Rh-Pu_1_15_19,phimage_Cu-Mn-Ni-Mo-Fe-Pt-Zn-Ca-Er-Au-Cd-Co-Gd-Na-Sm-Eu-Tb-V-Ag-Nd-U-Ba-Ce-K-Ga-Cr-Al-Li-Sc-Ru-In-Mg-Zr-Dy-W-Yb-Y-Ho-Re-Be-Rb-La-Sn-Cs-Pb-Pr-Bi-Tm-Sr-Ti-Hf-Ir-Nb-Pd-Hg-Th-Np-Lu-Rh-Pu_1_16_0,phimage_Cu-Mn-Ni-Mo-Fe-Pt-Zn-Ca-Er-Au-Cd-Co-Gd-Na-Sm-Eu-Tb-V-Ag-Nd-U-Ba-Ce-K-Ga-Cr-Al-Li-Sc-Ru-In-Mg-Zr-Dy-W-Yb-Y-Ho-Re-Be-Rb-La-Sn-Cs-Pb-Pr-Bi-Tm-Sr-Ti-Hf-Ir-Nb-Pd-Hg-Th-Np-Lu-Rh-Pu_1_16_1,phimage_Cu-Mn-Ni-Mo-Fe-Pt-Zn-Ca-Er-Au-Cd-Co-Gd-Na-Sm-Eu-Tb-V-Ag-Nd-U-Ba-Ce-K-Ga-Cr-Al-Li-Sc-Ru-In-Mg-Zr-Dy-W-Yb-Y-Ho-Re-Be-Rb-La-Sn-Cs-Pb-Pr-Bi-Tm-Sr-Ti-Hf-Ir-Nb-Pd-Hg-Th-Np-Lu-Rh-Pu_1_16_2,phimage_Cu-Mn-Ni-Mo-Fe-Pt-Zn-Ca-Er-Au-Cd-Co-Gd-Na-Sm-Eu-Tb-V-Ag-Nd-U-Ba-Ce-K-Ga-Cr-Al-Li-Sc-Ru-In-Mg-Zr-Dy-W-Yb-Y-Ho-Re-Be-Rb-La-Sn-Cs-Pb-Pr-Bi-Tm-Sr-Ti-Hf-Ir-Nb-Pd-Hg-Th-Np-Lu-Rh-Pu_1_16_3,phimage_Cu-Mn-Ni-Mo-Fe-Pt-Zn-Ca-Er-Au-Cd-Co-Gd-Na-Sm-Eu-Tb-V-Ag-Nd-U-Ba-Ce-K-Ga-Cr-Al-Li-Sc-Ru-In-Mg-Zr-Dy-W-Yb-Y-Ho-Re-Be-Rb-La-Sn-Cs-Pb-Pr-Bi-Tm-Sr-Ti-Hf-Ir-Nb-Pd-Hg-Th-Np-Lu-Rh-Pu_1_16_4,phimage_Cu-Mn-Ni-Mo-Fe-Pt-Zn-Ca-Er-Au-Cd-Co-Gd-Na-Sm-Eu-Tb-V-Ag-Nd-U-Ba-Ce-K-Ga-Cr-Al-Li-Sc-Ru-In-Mg-Zr-Dy-W-Yb-Y-Ho-Re-Be-Rb-La-Sn-Cs-Pb-Pr-Bi-Tm-Sr-Ti-Hf-Ir-Nb-Pd-Hg-Th-Np-Lu-Rh-Pu_1_16_5,phimage_Cu-Mn-Ni-Mo-Fe-Pt-Zn-Ca-Er-Au-Cd-Co-Gd-Na-Sm-Eu-Tb-V-Ag-Nd-U-Ba-Ce-K-Ga-Cr-Al-Li-Sc-Ru-In-Mg-Zr-Dy-W-Yb-Y-Ho-Re-Be-Rb-La-Sn-Cs-Pb-Pr-Bi-Tm-Sr-Ti-Hf-Ir-Nb-Pd-Hg-Th-Np-Lu-Rh-Pu_1_16_6,phimage_Cu-Mn-Ni-Mo-Fe-Pt-Zn-Ca-Er-Au-Cd-Co-Gd-Na-Sm-Eu-Tb-V-Ag-Nd-U-Ba-Ce-K-Ga-Cr-Al-Li-Sc-Ru-In-Mg-Zr-Dy-W-Yb-Y-Ho-Re-Be-Rb-La-Sn-Cs-Pb-Pr-Bi-Tm-Sr-Ti-Hf-Ir-Nb-Pd-Hg-Th-Np-Lu-Rh-Pu_1_16_7,phimage_Cu-Mn-Ni-Mo-Fe-Pt-Zn-Ca-Er-Au-Cd-Co-Gd-Na-Sm-Eu-Tb-V-Ag-Nd-U-Ba-Ce-K-Ga-Cr-Al-Li-Sc-Ru-In-Mg-Zr-Dy-W-Yb-Y-Ho-Re-Be-Rb-La-Sn-Cs-Pb-Pr-Bi-Tm-Sr-Ti-Hf-Ir-Nb-Pd-Hg-Th-Np-Lu-Rh-Pu_1_16_8,phimage_Cu-Mn-Ni-Mo-Fe-Pt-Zn-Ca-Er-Au-Cd-Co-Gd-Na-Sm-Eu-Tb-V-Ag-Nd-U-Ba-Ce-K-Ga-Cr-Al-Li-Sc-Ru-In-Mg-Zr-Dy-W-Yb-Y-Ho-Re-Be-Rb-La-Sn-Cs-Pb-Pr-Bi-Tm-Sr-Ti-Hf-Ir-Nb-Pd-Hg-Th-Np-Lu-Rh-Pu_1_16_9,phimage_Cu-Mn-Ni-Mo-Fe-Pt-Zn-Ca-Er-Au-Cd-Co-Gd-Na-Sm-Eu-Tb-V-Ag-Nd-U-Ba-Ce-K-Ga-Cr-Al-Li-Sc-Ru-In-Mg-Zr-Dy-W-Yb-Y-Ho-Re-Be-Rb-La-Sn-Cs-Pb-Pr-Bi-Tm-Sr-Ti-Hf-Ir-Nb-Pd-Hg-Th-Np-Lu-Rh-Pu_1_16_10,phimage_Cu-Mn-Ni-Mo-Fe-Pt-Zn-Ca-Er-Au-Cd-Co-Gd-Na-Sm-Eu-Tb-V-Ag-Nd-U-Ba-Ce-K-Ga-Cr-Al-Li-Sc-Ru-In-Mg-Zr-Dy-W-Yb-Y-Ho-Re-Be-Rb-La-Sn-Cs-Pb-Pr-Bi-Tm-Sr-Ti-Hf-Ir-Nb-Pd-Hg-Th-Np-Lu-Rh-Pu_1_16_11,phimage_Cu-Mn-Ni-Mo-Fe-Pt-Zn-Ca-Er-Au-Cd-Co-Gd-Na-Sm-Eu-Tb-V-Ag-Nd-U-Ba-Ce-K-Ga-Cr-Al-Li-Sc-Ru-In-Mg-Zr-Dy-W-Yb-Y-Ho-Re-Be-Rb-La-Sn-Cs-Pb-Pr-Bi-Tm-Sr-Ti-Hf-Ir-Nb-Pd-Hg-Th-Np-Lu-Rh-Pu_1_16_12,phimage_Cu-Mn-Ni-Mo-Fe-Pt-Zn-Ca-Er-Au-Cd-Co-Gd-Na-Sm-Eu-Tb-V-Ag-Nd-U-Ba-Ce-K-Ga-Cr-Al-Li-Sc-Ru-In-Mg-Zr-Dy-W-Yb-Y-Ho-Re-Be-Rb-La-Sn-Cs-Pb-Pr-Bi-Tm-Sr-Ti-Hf-Ir-Nb-Pd-Hg-Th-Np-Lu-Rh-Pu_1_16_13,phimage_Cu-Mn-Ni-Mo-Fe-Pt-Zn-Ca-Er-Au-Cd-Co-Gd-Na-Sm-Eu-Tb-V-Ag-Nd-U-Ba-Ce-K-Ga-Cr-Al-Li-Sc-Ru-In-Mg-Zr-Dy-W-Yb-Y-Ho-Re-Be-Rb-La-Sn-Cs-Pb-Pr-Bi-Tm-Sr-Ti-Hf-Ir-Nb-Pd-Hg-Th-Np-Lu-Rh-Pu_1_16_14,phimage_Cu-Mn-Ni-Mo-Fe-Pt-Zn-Ca-Er-Au-Cd-Co-Gd-Na-Sm-Eu-Tb-V-Ag-Nd-U-Ba-Ce-K-Ga-Cr-Al-Li-Sc-Ru-In-Mg-Zr-Dy-W-Yb-Y-Ho-Re-Be-Rb-La-Sn-Cs-Pb-Pr-Bi-Tm-Sr-Ti-Hf-Ir-Nb-Pd-Hg-Th-Np-Lu-Rh-Pu_1_16_15,phimage_Cu-Mn-Ni-Mo-Fe-Pt-Zn-Ca-Er-Au-Cd-Co-Gd-Na-Sm-Eu-Tb-V-Ag-Nd-U-Ba-Ce-K-Ga-Cr-Al-Li-Sc-Ru-In-Mg-Zr-Dy-W-Yb-Y-Ho-Re-Be-Rb-La-Sn-Cs-Pb-Pr-Bi-Tm-Sr-Ti-Hf-Ir-Nb-Pd-Hg-Th-Np-Lu-Rh-Pu_1_16_16,phimage_Cu-Mn-Ni-Mo-Fe-Pt-Zn-Ca-Er-Au-Cd-Co-Gd-Na-Sm-Eu-Tb-V-Ag-Nd-U-Ba-Ce-K-Ga-Cr-Al-Li-Sc-Ru-In-Mg-Zr-Dy-W-Yb-Y-Ho-Re-Be-Rb-La-Sn-Cs-Pb-Pr-Bi-Tm-Sr-Ti-Hf-Ir-Nb-Pd-Hg-Th-Np-Lu-Rh-Pu_1_16_17,phimage_Cu-Mn-Ni-Mo-Fe-Pt-Zn-Ca-Er-Au-Cd-Co-Gd-Na-Sm-Eu-Tb-V-Ag-Nd-U-Ba-Ce-K-Ga-Cr-Al-Li-Sc-Ru-In-Mg-Zr-Dy-W-Yb-Y-Ho-Re-Be-Rb-La-Sn-Cs-Pb-Pr-Bi-Tm-Sr-Ti-Hf-Ir-Nb-Pd-Hg-Th-Np-Lu-Rh-Pu_1_16_18,phimage_Cu-Mn-Ni-Mo-Fe-Pt-Zn-Ca-Er-Au-Cd-Co-Gd-Na-Sm-Eu-Tb-V-Ag-Nd-U-Ba-Ce-K-Ga-Cr-Al-Li-Sc-Ru-In-Mg-Zr-Dy-W-Yb-Y-Ho-Re-Be-Rb-La-Sn-Cs-Pb-Pr-Bi-Tm-Sr-Ti-Hf-Ir-Nb-Pd-Hg-Th-Np-Lu-Rh-Pu_1_16_19,phimage_Cu-Mn-Ni-Mo-Fe-Pt-Zn-Ca-Er-Au-Cd-Co-Gd-Na-Sm-Eu-Tb-V-Ag-Nd-U-Ba-Ce-K-Ga-Cr-Al-Li-Sc-Ru-In-Mg-Zr-Dy-W-Yb-Y-Ho-Re-Be-Rb-La-Sn-Cs-Pb-Pr-Bi-Tm-Sr-Ti-Hf-Ir-Nb-Pd-Hg-Th-Np-Lu-Rh-Pu_1_17_0,phimage_Cu-Mn-Ni-Mo-Fe-Pt-Zn-Ca-Er-Au-Cd-Co-Gd-Na-Sm-Eu-Tb-V-Ag-Nd-U-Ba-Ce-K-Ga-Cr-Al-Li-Sc-Ru-In-Mg-Zr-Dy-W-Yb-Y-Ho-Re-Be-Rb-La-Sn-Cs-Pb-Pr-Bi-Tm-Sr-Ti-Hf-Ir-Nb-Pd-Hg-Th-Np-Lu-Rh-Pu_1_17_1,phimage_Cu-Mn-Ni-Mo-Fe-Pt-Zn-Ca-Er-Au-Cd-Co-Gd-Na-Sm-Eu-Tb-V-Ag-Nd-U-Ba-Ce-K-Ga-Cr-Al-Li-Sc-Ru-In-Mg-Zr-Dy-W-Yb-Y-Ho-Re-Be-Rb-La-Sn-Cs-Pb-Pr-Bi-Tm-Sr-Ti-Hf-Ir-Nb-Pd-Hg-Th-Np-Lu-Rh-Pu_1_17_2,phimage_Cu-Mn-Ni-Mo-Fe-Pt-Zn-Ca-Er-Au-Cd-Co-Gd-Na-Sm-Eu-Tb-V-Ag-Nd-U-Ba-Ce-K-Ga-Cr-Al-Li-Sc-Ru-In-Mg-Zr-Dy-W-Yb-Y-Ho-Re-Be-Rb-La-Sn-Cs-Pb-Pr-Bi-Tm-Sr-Ti-Hf-Ir-Nb-Pd-Hg-Th-Np-Lu-Rh-Pu_1_17_3,phimage_Cu-Mn-Ni-Mo-Fe-Pt-Zn-Ca-Er-Au-Cd-Co-Gd-Na-Sm-Eu-Tb-V-Ag-Nd-U-Ba-Ce-K-Ga-Cr-Al-Li-Sc-Ru-In-Mg-Zr-Dy-W-Yb-Y-Ho-Re-Be-Rb-La-Sn-Cs-Pb-Pr-Bi-Tm-Sr-Ti-Hf-Ir-Nb-Pd-Hg-Th-Np-Lu-Rh-Pu_1_17_4,phimage_Cu-Mn-Ni-Mo-Fe-Pt-Zn-Ca-Er-Au-Cd-Co-Gd-Na-Sm-Eu-Tb-V-Ag-Nd-U-Ba-Ce-K-Ga-Cr-Al-Li-Sc-Ru-In-Mg-Zr-Dy-W-Yb-Y-Ho-Re-Be-Rb-La-Sn-Cs-Pb-Pr-Bi-Tm-Sr-Ti-Hf-Ir-Nb-Pd-Hg-Th-Np-Lu-Rh-Pu_1_17_5,phimage_Cu-Mn-Ni-Mo-Fe-Pt-Zn-Ca-Er-Au-Cd-Co-Gd-Na-Sm-Eu-Tb-V-Ag-Nd-U-Ba-Ce-K-Ga-Cr-Al-Li-Sc-Ru-In-Mg-Zr-Dy-W-Yb-Y-Ho-Re-Be-Rb-La-Sn-Cs-Pb-Pr-Bi-Tm-Sr-Ti-Hf-Ir-Nb-Pd-Hg-Th-Np-Lu-Rh-Pu_1_17_6,phimage_Cu-Mn-Ni-Mo-Fe-Pt-Zn-Ca-Er-Au-Cd-Co-Gd-Na-Sm-Eu-Tb-V-Ag-Nd-U-Ba-Ce-K-Ga-Cr-Al-Li-Sc-Ru-In-Mg-Zr-Dy-W-Yb-Y-Ho-Re-Be-Rb-La-Sn-Cs-Pb-Pr-Bi-Tm-Sr-Ti-Hf-Ir-Nb-Pd-Hg-Th-Np-Lu-Rh-Pu_1_17_7,phimage_Cu-Mn-Ni-Mo-Fe-Pt-Zn-Ca-Er-Au-Cd-Co-Gd-Na-Sm-Eu-Tb-V-Ag-Nd-U-Ba-Ce-K-Ga-Cr-Al-Li-Sc-Ru-In-Mg-Zr-Dy-W-Yb-Y-Ho-Re-Be-Rb-La-Sn-Cs-Pb-Pr-Bi-Tm-Sr-Ti-Hf-Ir-Nb-Pd-Hg-Th-Np-Lu-Rh-Pu_1_17_8,phimage_Cu-Mn-Ni-Mo-Fe-Pt-Zn-Ca-Er-Au-Cd-Co-Gd-Na-Sm-Eu-Tb-V-Ag-Nd-U-Ba-Ce-K-Ga-Cr-Al-Li-Sc-Ru-In-Mg-Zr-Dy-W-Yb-Y-Ho-Re-Be-Rb-La-Sn-Cs-Pb-Pr-Bi-Tm-Sr-Ti-Hf-Ir-Nb-Pd-Hg-Th-Np-Lu-Rh-Pu_1_17_9,phimage_Cu-Mn-Ni-Mo-Fe-Pt-Zn-Ca-Er-Au-Cd-Co-Gd-Na-Sm-Eu-Tb-V-Ag-Nd-U-Ba-Ce-K-Ga-Cr-Al-Li-Sc-Ru-In-Mg-Zr-Dy-W-Yb-Y-Ho-Re-Be-Rb-La-Sn-Cs-Pb-Pr-Bi-Tm-Sr-Ti-Hf-Ir-Nb-Pd-Hg-Th-Np-Lu-Rh-Pu_1_17_10,phimage_Cu-Mn-Ni-Mo-Fe-Pt-Zn-Ca-Er-Au-Cd-Co-Gd-Na-Sm-Eu-Tb-V-Ag-Nd-U-Ba-Ce-K-Ga-Cr-Al-Li-Sc-Ru-In-Mg-Zr-Dy-W-Yb-Y-Ho-Re-Be-Rb-La-Sn-Cs-Pb-Pr-Bi-Tm-Sr-Ti-Hf-Ir-Nb-Pd-Hg-Th-Np-Lu-Rh-Pu_1_17_11,phimage_Cu-Mn-Ni-Mo-Fe-Pt-Zn-Ca-Er-Au-Cd-Co-Gd-Na-Sm-Eu-Tb-V-Ag-Nd-U-Ba-Ce-K-Ga-Cr-Al-Li-Sc-Ru-In-Mg-Zr-Dy-W-Yb-Y-Ho-Re-Be-Rb-La-Sn-Cs-Pb-Pr-Bi-Tm-Sr-Ti-Hf-Ir-Nb-Pd-Hg-Th-Np-Lu-Rh-Pu_1_17_12,phimage_Cu-Mn-Ni-Mo-Fe-Pt-Zn-Ca-Er-Au-Cd-Co-Gd-Na-Sm-Eu-Tb-V-Ag-Nd-U-Ba-Ce-K-Ga-Cr-Al-Li-Sc-Ru-In-Mg-Zr-Dy-W-Yb-Y-Ho-Re-Be-Rb-La-Sn-Cs-Pb-Pr-Bi-Tm-Sr-Ti-Hf-Ir-Nb-Pd-Hg-Th-Np-Lu-Rh-Pu_1_17_13,phimage_Cu-Mn-Ni-Mo-Fe-Pt-Zn-Ca-Er-Au-Cd-Co-Gd-Na-Sm-Eu-Tb-V-Ag-Nd-U-Ba-Ce-K-Ga-Cr-Al-Li-Sc-Ru-In-Mg-Zr-Dy-W-Yb-Y-Ho-Re-Be-Rb-La-Sn-Cs-Pb-Pr-Bi-Tm-Sr-Ti-Hf-Ir-Nb-Pd-Hg-Th-Np-Lu-Rh-Pu_1_17_14,phimage_Cu-Mn-Ni-Mo-Fe-Pt-Zn-Ca-Er-Au-Cd-Co-Gd-Na-Sm-Eu-Tb-V-Ag-Nd-U-Ba-Ce-K-Ga-Cr-Al-Li-Sc-Ru-In-Mg-Zr-Dy-W-Yb-Y-Ho-Re-Be-Rb-La-Sn-Cs-Pb-Pr-Bi-Tm-Sr-Ti-Hf-Ir-Nb-Pd-Hg-Th-Np-Lu-Rh-Pu_1_17_15,phimage_Cu-Mn-Ni-Mo-Fe-Pt-Zn-Ca-Er-Au-Cd-Co-Gd-Na-Sm-Eu-Tb-V-Ag-Nd-U-Ba-Ce-K-Ga-Cr-Al-Li-Sc-Ru-In-Mg-Zr-Dy-W-Yb-Y-Ho-Re-Be-Rb-La-Sn-Cs-Pb-Pr-Bi-Tm-Sr-Ti-Hf-Ir-Nb-Pd-Hg-Th-Np-Lu-Rh-Pu_1_17_16,phimage_Cu-Mn-Ni-Mo-Fe-Pt-Zn-Ca-Er-Au-Cd-Co-Gd-Na-Sm-Eu-Tb-V-Ag-Nd-U-Ba-Ce-K-Ga-Cr-Al-Li-Sc-Ru-In-Mg-Zr-Dy-W-Yb-Y-Ho-Re-Be-Rb-La-Sn-Cs-Pb-Pr-Bi-Tm-Sr-Ti-Hf-Ir-Nb-Pd-Hg-Th-Np-Lu-Rh-Pu_1_17_17,phimage_Cu-Mn-Ni-Mo-Fe-Pt-Zn-Ca-Er-Au-Cd-Co-Gd-Na-Sm-Eu-Tb-V-Ag-Nd-U-Ba-Ce-K-Ga-Cr-Al-Li-Sc-Ru-In-Mg-Zr-Dy-W-Yb-Y-Ho-Re-Be-Rb-La-Sn-Cs-Pb-Pr-Bi-Tm-Sr-Ti-Hf-Ir-Nb-Pd-Hg-Th-Np-Lu-Rh-Pu_1_17_18,phimage_Cu-Mn-Ni-Mo-Fe-Pt-Zn-Ca-Er-Au-Cd-Co-Gd-Na-Sm-Eu-Tb-V-Ag-Nd-U-Ba-Ce-K-Ga-Cr-Al-Li-Sc-Ru-In-Mg-Zr-Dy-W-Yb-Y-Ho-Re-Be-Rb-La-Sn-Cs-Pb-Pr-Bi-Tm-Sr-Ti-Hf-Ir-Nb-Pd-Hg-Th-Np-Lu-Rh-Pu_1_17_19,phimage_Cu-Mn-Ni-Mo-Fe-Pt-Zn-Ca-Er-Au-Cd-Co-Gd-Na-Sm-Eu-Tb-V-Ag-Nd-U-Ba-Ce-K-Ga-Cr-Al-Li-Sc-Ru-In-Mg-Zr-Dy-W-Yb-Y-Ho-Re-Be-Rb-La-Sn-Cs-Pb-Pr-Bi-Tm-Sr-Ti-Hf-Ir-Nb-Pd-Hg-Th-Np-Lu-Rh-Pu_1_18_0,phimage_Cu-Mn-Ni-Mo-Fe-Pt-Zn-Ca-Er-Au-Cd-Co-Gd-Na-Sm-Eu-Tb-V-Ag-Nd-U-Ba-Ce-K-Ga-Cr-Al-Li-Sc-Ru-In-Mg-Zr-Dy-W-Yb-Y-Ho-Re-Be-Rb-La-Sn-Cs-Pb-Pr-Bi-Tm-Sr-Ti-Hf-Ir-Nb-Pd-Hg-Th-Np-Lu-Rh-Pu_1_18_1,phimage_Cu-Mn-Ni-Mo-Fe-Pt-Zn-Ca-Er-Au-Cd-Co-Gd-Na-Sm-Eu-Tb-V-Ag-Nd-U-Ba-Ce-K-Ga-Cr-Al-Li-Sc-Ru-In-Mg-Zr-Dy-W-Yb-Y-Ho-Re-Be-Rb-La-Sn-Cs-Pb-Pr-Bi-Tm-Sr-Ti-Hf-Ir-Nb-Pd-Hg-Th-Np-Lu-Rh-Pu_1_18_2,phimage_Cu-Mn-Ni-Mo-Fe-Pt-Zn-Ca-Er-Au-Cd-Co-Gd-Na-Sm-Eu-Tb-V-Ag-Nd-U-Ba-Ce-K-Ga-Cr-Al-Li-Sc-Ru-In-Mg-Zr-Dy-W-Yb-Y-Ho-Re-Be-Rb-La-Sn-Cs-Pb-Pr-Bi-Tm-Sr-Ti-Hf-Ir-Nb-Pd-Hg-Th-Np-Lu-Rh-Pu_1_18_3,phimage_Cu-Mn-Ni-Mo-Fe-Pt-Zn-Ca-Er-Au-Cd-Co-Gd-Na-Sm-Eu-Tb-V-Ag-Nd-U-Ba-Ce-K-Ga-Cr-Al-Li-Sc-Ru-In-Mg-Zr-Dy-W-Yb-Y-Ho-Re-Be-Rb-La-Sn-Cs-Pb-Pr-Bi-Tm-Sr-Ti-Hf-Ir-Nb-Pd-Hg-Th-Np-Lu-Rh-Pu_1_18_4,phimage_Cu-Mn-Ni-Mo-Fe-Pt-Zn-Ca-Er-Au-Cd-Co-Gd-Na-Sm-Eu-Tb-V-Ag-Nd-U-Ba-Ce-K-Ga-Cr-Al-Li-Sc-Ru-In-Mg-Zr-Dy-W-Yb-Y-Ho-Re-Be-Rb-La-Sn-Cs-Pb-Pr-Bi-Tm-Sr-Ti-Hf-Ir-Nb-Pd-Hg-Th-Np-Lu-Rh-Pu_1_18_5,phimage_Cu-Mn-Ni-Mo-Fe-Pt-Zn-Ca-Er-Au-Cd-Co-Gd-Na-Sm-Eu-Tb-V-Ag-Nd-U-Ba-Ce-K-Ga-Cr-Al-Li-Sc-Ru-In-Mg-Zr-Dy-W-Yb-Y-Ho-Re-Be-Rb-La-Sn-Cs-Pb-Pr-Bi-Tm-Sr-Ti-Hf-Ir-Nb-Pd-Hg-Th-Np-Lu-Rh-Pu_1_18_6,phimage_Cu-Mn-Ni-Mo-Fe-Pt-Zn-Ca-Er-Au-Cd-Co-Gd-Na-Sm-Eu-Tb-V-Ag-Nd-U-Ba-Ce-K-Ga-Cr-Al-Li-Sc-Ru-In-Mg-Zr-Dy-W-Yb-Y-Ho-Re-Be-Rb-La-Sn-Cs-Pb-Pr-Bi-Tm-Sr-Ti-Hf-Ir-Nb-Pd-Hg-Th-Np-Lu-Rh-Pu_1_18_7,phimage_Cu-Mn-Ni-Mo-Fe-Pt-Zn-Ca-Er-Au-Cd-Co-Gd-Na-Sm-Eu-Tb-V-Ag-Nd-U-Ba-Ce-K-Ga-Cr-Al-Li-Sc-Ru-In-Mg-Zr-Dy-W-Yb-Y-Ho-Re-Be-Rb-La-Sn-Cs-Pb-Pr-Bi-Tm-Sr-Ti-Hf-Ir-Nb-Pd-Hg-Th-Np-Lu-Rh-Pu_1_18_8,phimage_Cu-Mn-Ni-Mo-Fe-Pt-Zn-Ca-Er-Au-Cd-Co-Gd-Na-Sm-Eu-Tb-V-Ag-Nd-U-Ba-Ce-K-Ga-Cr-Al-Li-Sc-Ru-In-Mg-Zr-Dy-W-Yb-Y-Ho-Re-Be-Rb-La-Sn-Cs-Pb-Pr-Bi-Tm-Sr-Ti-Hf-Ir-Nb-Pd-Hg-Th-Np-Lu-Rh-Pu_1_18_9,phimage_Cu-Mn-Ni-Mo-Fe-Pt-Zn-Ca-Er-Au-Cd-Co-Gd-Na-Sm-Eu-Tb-V-Ag-Nd-U-Ba-Ce-K-Ga-Cr-Al-Li-Sc-Ru-In-Mg-Zr-Dy-W-Yb-Y-Ho-Re-Be-Rb-La-Sn-Cs-Pb-Pr-Bi-Tm-Sr-Ti-Hf-Ir-Nb-Pd-Hg-Th-Np-Lu-Rh-Pu_1_18_10,phimage_Cu-Mn-Ni-Mo-Fe-Pt-Zn-Ca-Er-Au-Cd-Co-Gd-Na-Sm-Eu-Tb-V-Ag-Nd-U-Ba-Ce-K-Ga-Cr-Al-Li-Sc-Ru-In-Mg-Zr-Dy-W-Yb-Y-Ho-Re-Be-Rb-La-Sn-Cs-Pb-Pr-Bi-Tm-Sr-Ti-Hf-Ir-Nb-Pd-Hg-Th-Np-Lu-Rh-Pu_1_18_11,phimage_Cu-Mn-Ni-Mo-Fe-Pt-Zn-Ca-Er-Au-Cd-Co-Gd-Na-Sm-Eu-Tb-V-Ag-Nd-U-Ba-Ce-K-Ga-Cr-Al-Li-Sc-Ru-In-Mg-Zr-Dy-W-Yb-Y-Ho-Re-Be-Rb-La-Sn-Cs-Pb-Pr-Bi-Tm-Sr-Ti-Hf-Ir-Nb-Pd-Hg-Th-Np-Lu-Rh-Pu_1_18_12,phimage_Cu-Mn-Ni-Mo-Fe-Pt-Zn-Ca-Er-Au-Cd-Co-Gd-Na-Sm-Eu-Tb-V-Ag-Nd-U-Ba-Ce-K-Ga-Cr-Al-Li-Sc-Ru-In-Mg-Zr-Dy-W-Yb-Y-Ho-Re-Be-Rb-La-Sn-Cs-Pb-Pr-Bi-Tm-Sr-Ti-Hf-Ir-Nb-Pd-Hg-Th-Np-Lu-Rh-Pu_1_18_13,phimage_Cu-Mn-Ni-Mo-Fe-Pt-Zn-Ca-Er-Au-Cd-Co-Gd-Na-Sm-Eu-Tb-V-Ag-Nd-U-Ba-Ce-K-Ga-Cr-Al-Li-Sc-Ru-In-Mg-Zr-Dy-W-Yb-Y-Ho-Re-Be-Rb-La-Sn-Cs-Pb-Pr-Bi-Tm-Sr-Ti-Hf-Ir-Nb-Pd-Hg-Th-Np-Lu-Rh-Pu_1_18_14,phimage_Cu-Mn-Ni-Mo-Fe-Pt-Zn-Ca-Er-Au-Cd-Co-Gd-Na-Sm-Eu-Tb-V-Ag-Nd-U-Ba-Ce-K-Ga-Cr-Al-Li-Sc-Ru-In-Mg-Zr-Dy-W-Yb-Y-Ho-Re-Be-Rb-La-Sn-Cs-Pb-Pr-Bi-Tm-Sr-Ti-Hf-Ir-Nb-Pd-Hg-Th-Np-Lu-Rh-Pu_1_18_15,phimage_Cu-Mn-Ni-Mo-Fe-Pt-Zn-Ca-Er-Au-Cd-Co-Gd-Na-Sm-Eu-Tb-V-Ag-Nd-U-Ba-Ce-K-Ga-Cr-Al-Li-Sc-Ru-In-Mg-Zr-Dy-W-Yb-Y-Ho-Re-Be-Rb-La-Sn-Cs-Pb-Pr-Bi-Tm-Sr-Ti-Hf-Ir-Nb-Pd-Hg-Th-Np-Lu-Rh-Pu_1_18_16,phimage_Cu-Mn-Ni-Mo-Fe-Pt-Zn-Ca-Er-Au-Cd-Co-Gd-Na-Sm-Eu-Tb-V-Ag-Nd-U-Ba-Ce-K-Ga-Cr-Al-Li-Sc-Ru-In-Mg-Zr-Dy-W-Yb-Y-Ho-Re-Be-Rb-La-Sn-Cs-Pb-Pr-Bi-Tm-Sr-Ti-Hf-Ir-Nb-Pd-Hg-Th-Np-Lu-Rh-Pu_1_18_17,phimage_Cu-Mn-Ni-Mo-Fe-Pt-Zn-Ca-Er-Au-Cd-Co-Gd-Na-Sm-Eu-Tb-V-Ag-Nd-U-Ba-Ce-K-Ga-Cr-Al-Li-Sc-Ru-In-Mg-Zr-Dy-W-Yb-Y-Ho-Re-Be-Rb-La-Sn-Cs-Pb-Pr-Bi-Tm-Sr-Ti-Hf-Ir-Nb-Pd-Hg-Th-Np-Lu-Rh-Pu_1_18_18,phimage_Cu-Mn-Ni-Mo-Fe-Pt-Zn-Ca-Er-Au-Cd-Co-Gd-Na-Sm-Eu-Tb-V-Ag-Nd-U-Ba-Ce-K-Ga-Cr-Al-Li-Sc-Ru-In-Mg-Zr-Dy-W-Yb-Y-Ho-Re-Be-Rb-La-Sn-Cs-Pb-Pr-Bi-Tm-Sr-Ti-Hf-Ir-Nb-Pd-Hg-Th-Np-Lu-Rh-Pu_1_18_19,phimage_Cu-Mn-Ni-Mo-Fe-Pt-Zn-Ca-Er-Au-Cd-Co-Gd-Na-Sm-Eu-Tb-V-Ag-Nd-U-Ba-Ce-K-Ga-Cr-Al-Li-Sc-Ru-In-Mg-Zr-Dy-W-Yb-Y-Ho-Re-Be-Rb-La-Sn-Cs-Pb-Pr-Bi-Tm-Sr-Ti-Hf-Ir-Nb-Pd-Hg-Th-Np-Lu-Rh-Pu_1_19_0,phimage_Cu-Mn-Ni-Mo-Fe-Pt-Zn-Ca-Er-Au-Cd-Co-Gd-Na-Sm-Eu-Tb-V-Ag-Nd-U-Ba-Ce-K-Ga-Cr-Al-Li-Sc-Ru-In-Mg-Zr-Dy-W-Yb-Y-Ho-Re-Be-Rb-La-Sn-Cs-Pb-Pr-Bi-Tm-Sr-Ti-Hf-Ir-Nb-Pd-Hg-Th-Np-Lu-Rh-Pu_1_19_1,phimage_Cu-Mn-Ni-Mo-Fe-Pt-Zn-Ca-Er-Au-Cd-Co-Gd-Na-Sm-Eu-Tb-V-Ag-Nd-U-Ba-Ce-K-Ga-Cr-Al-Li-Sc-Ru-In-Mg-Zr-Dy-W-Yb-Y-Ho-Re-Be-Rb-La-Sn-Cs-Pb-Pr-Bi-Tm-Sr-Ti-Hf-Ir-Nb-Pd-Hg-Th-Np-Lu-Rh-Pu_1_19_2,phimage_Cu-Mn-Ni-Mo-Fe-Pt-Zn-Ca-Er-Au-Cd-Co-Gd-Na-Sm-Eu-Tb-V-Ag-Nd-U-Ba-Ce-K-Ga-Cr-Al-Li-Sc-Ru-In-Mg-Zr-Dy-W-Yb-Y-Ho-Re-Be-Rb-La-Sn-Cs-Pb-Pr-Bi-Tm-Sr-Ti-Hf-Ir-Nb-Pd-Hg-Th-Np-Lu-Rh-Pu_1_19_3,phimage_Cu-Mn-Ni-Mo-Fe-Pt-Zn-Ca-Er-Au-Cd-Co-Gd-Na-Sm-Eu-Tb-V-Ag-Nd-U-Ba-Ce-K-Ga-Cr-Al-Li-Sc-Ru-In-Mg-Zr-Dy-W-Yb-Y-Ho-Re-Be-Rb-La-Sn-Cs-Pb-Pr-Bi-Tm-Sr-Ti-Hf-Ir-Nb-Pd-Hg-Th-Np-Lu-Rh-Pu_1_19_4,phimage_Cu-Mn-Ni-Mo-Fe-Pt-Zn-Ca-Er-Au-Cd-Co-Gd-Na-Sm-Eu-Tb-V-Ag-Nd-U-Ba-Ce-K-Ga-Cr-Al-Li-Sc-Ru-In-Mg-Zr-Dy-W-Yb-Y-Ho-Re-Be-Rb-La-Sn-Cs-Pb-Pr-Bi-Tm-Sr-Ti-Hf-Ir-Nb-Pd-Hg-Th-Np-Lu-Rh-Pu_1_19_5,phimage_Cu-Mn-Ni-Mo-Fe-Pt-Zn-Ca-Er-Au-Cd-Co-Gd-Na-Sm-Eu-Tb-V-Ag-Nd-U-Ba-Ce-K-Ga-Cr-Al-Li-Sc-Ru-In-Mg-Zr-Dy-W-Yb-Y-Ho-Re-Be-Rb-La-Sn-Cs-Pb-Pr-Bi-Tm-Sr-Ti-Hf-Ir-Nb-Pd-Hg-Th-Np-Lu-Rh-Pu_1_19_6,phimage_Cu-Mn-Ni-Mo-Fe-Pt-Zn-Ca-Er-Au-Cd-Co-Gd-Na-Sm-Eu-Tb-V-Ag-Nd-U-Ba-Ce-K-Ga-Cr-Al-Li-Sc-Ru-In-Mg-Zr-Dy-W-Yb-Y-Ho-Re-Be-Rb-La-Sn-Cs-Pb-Pr-Bi-Tm-Sr-Ti-Hf-Ir-Nb-Pd-Hg-Th-Np-Lu-Rh-Pu_1_19_7,phimage_Cu-Mn-Ni-Mo-Fe-Pt-Zn-Ca-Er-Au-Cd-Co-Gd-Na-Sm-Eu-Tb-V-Ag-Nd-U-Ba-Ce-K-Ga-Cr-Al-Li-Sc-Ru-In-Mg-Zr-Dy-W-Yb-Y-Ho-Re-Be-Rb-La-Sn-Cs-Pb-Pr-Bi-Tm-Sr-Ti-Hf-Ir-Nb-Pd-Hg-Th-Np-Lu-Rh-Pu_1_19_8,phimage_Cu-Mn-Ni-Mo-Fe-Pt-Zn-Ca-Er-Au-Cd-Co-Gd-Na-Sm-Eu-Tb-V-Ag-Nd-U-Ba-Ce-K-Ga-Cr-Al-Li-Sc-Ru-In-Mg-Zr-Dy-W-Yb-Y-Ho-Re-Be-Rb-La-Sn-Cs-Pb-Pr-Bi-Tm-Sr-Ti-Hf-Ir-Nb-Pd-Hg-Th-Np-Lu-Rh-Pu_1_19_9,phimage_Cu-Mn-Ni-Mo-Fe-Pt-Zn-Ca-Er-Au-Cd-Co-Gd-Na-Sm-Eu-Tb-V-Ag-Nd-U-Ba-Ce-K-Ga-Cr-Al-Li-Sc-Ru-In-Mg-Zr-Dy-W-Yb-Y-Ho-Re-Be-Rb-La-Sn-Cs-Pb-Pr-Bi-Tm-Sr-Ti-Hf-Ir-Nb-Pd-Hg-Th-Np-Lu-Rh-Pu_1_19_10,phimage_Cu-Mn-Ni-Mo-Fe-Pt-Zn-Ca-Er-Au-Cd-Co-Gd-Na-Sm-Eu-Tb-V-Ag-Nd-U-Ba-Ce-K-Ga-Cr-Al-Li-Sc-Ru-In-Mg-Zr-Dy-W-Yb-Y-Ho-Re-Be-Rb-La-Sn-Cs-Pb-Pr-Bi-Tm-Sr-Ti-Hf-Ir-Nb-Pd-Hg-Th-Np-Lu-Rh-Pu_1_19_11,phimage_Cu-Mn-Ni-Mo-Fe-Pt-Zn-Ca-Er-Au-Cd-Co-Gd-Na-Sm-Eu-Tb-V-Ag-Nd-U-Ba-Ce-K-Ga-Cr-Al-Li-Sc-Ru-In-Mg-Zr-Dy-W-Yb-Y-Ho-Re-Be-Rb-La-Sn-Cs-Pb-Pr-Bi-Tm-Sr-Ti-Hf-Ir-Nb-Pd-Hg-Th-Np-Lu-Rh-Pu_1_19_12,phimage_Cu-Mn-Ni-Mo-Fe-Pt-Zn-Ca-Er-Au-Cd-Co-Gd-Na-Sm-Eu-Tb-V-Ag-Nd-U-Ba-Ce-K-Ga-Cr-Al-Li-Sc-Ru-In-Mg-Zr-Dy-W-Yb-Y-Ho-Re-Be-Rb-La-Sn-Cs-Pb-Pr-Bi-Tm-Sr-Ti-Hf-Ir-Nb-Pd-Hg-Th-Np-Lu-Rh-Pu_1_19_13,phimage_Cu-Mn-Ni-Mo-Fe-Pt-Zn-Ca-Er-Au-Cd-Co-Gd-Na-Sm-Eu-Tb-V-Ag-Nd-U-Ba-Ce-K-Ga-Cr-Al-Li-Sc-Ru-In-Mg-Zr-Dy-W-Yb-Y-Ho-Re-Be-Rb-La-Sn-Cs-Pb-Pr-Bi-Tm-Sr-Ti-Hf-Ir-Nb-Pd-Hg-Th-Np-Lu-Rh-Pu_1_19_14,phimage_Cu-Mn-Ni-Mo-Fe-Pt-Zn-Ca-Er-Au-Cd-Co-Gd-Na-Sm-Eu-Tb-V-Ag-Nd-U-Ba-Ce-K-Ga-Cr-Al-Li-Sc-Ru-In-Mg-Zr-Dy-W-Yb-Y-Ho-Re-Be-Rb-La-Sn-Cs-Pb-Pr-Bi-Tm-Sr-Ti-Hf-Ir-Nb-Pd-Hg-Th-Np-Lu-Rh-Pu_1_19_15,phimage_Cu-Mn-Ni-Mo-Fe-Pt-Zn-Ca-Er-Au-Cd-Co-Gd-Na-Sm-Eu-Tb-V-Ag-Nd-U-Ba-Ce-K-Ga-Cr-Al-Li-Sc-Ru-In-Mg-Zr-Dy-W-Yb-Y-Ho-Re-Be-Rb-La-Sn-Cs-Pb-Pr-Bi-Tm-Sr-Ti-Hf-Ir-Nb-Pd-Hg-Th-Np-Lu-Rh-Pu_1_19_16,phimage_Cu-Mn-Ni-Mo-Fe-Pt-Zn-Ca-Er-Au-Cd-Co-Gd-Na-Sm-Eu-Tb-V-Ag-Nd-U-Ba-Ce-K-Ga-Cr-Al-Li-Sc-Ru-In-Mg-Zr-Dy-W-Yb-Y-Ho-Re-Be-Rb-La-Sn-Cs-Pb-Pr-Bi-Tm-Sr-Ti-Hf-Ir-Nb-Pd-Hg-Th-Np-Lu-Rh-Pu_1_19_17,phimage_Cu-Mn-Ni-Mo-Fe-Pt-Zn-Ca-Er-Au-Cd-Co-Gd-Na-Sm-Eu-Tb-V-Ag-Nd-U-Ba-Ce-K-Ga-Cr-Al-Li-Sc-Ru-In-Mg-Zr-Dy-W-Yb-Y-Ho-Re-Be-Rb-La-Sn-Cs-Pb-Pr-Bi-Tm-Sr-Ti-Hf-Ir-Nb-Pd-Hg-Th-Np-Lu-Rh-Pu_1_19_18,phimage_Cu-Mn-Ni-Mo-Fe-Pt-Zn-Ca-Er-Au-Cd-Co-Gd-Na-Sm-Eu-Tb-V-Ag-Nd-U-Ba-Ce-K-Ga-Cr-Al-Li-Sc-Ru-In-Mg-Zr-Dy-W-Yb-Y-Ho-Re-Be-Rb-La-Sn-Cs-Pb-Pr-Bi-Tm-Sr-Ti-Hf-Ir-Nb-Pd-Hg-Th-Np-Lu-Rh-Pu_1_19_19,phimage_Cu-Mn-Ni-Mo-Fe-Pt-Zn-Ca-Er-Au-Cd-Co-Gd-Na-Sm-Eu-Tb-V-Ag-Nd-U-Ba-Ce-K-Ga-Cr-Al-Li-Sc-Ru-In-Mg-Zr-Dy-W-Yb-Y-Ho-Re-Be-Rb-La-Sn-Cs-Pb-Pr-Bi-Tm-Sr-Ti-Hf-Ir-Nb-Pd-Hg-Th-Np-Lu-Rh-Pu_2_0_0,phimage_Cu-Mn-Ni-Mo-Fe-Pt-Zn-Ca-Er-Au-Cd-Co-Gd-Na-Sm-Eu-Tb-V-Ag-Nd-U-Ba-Ce-K-Ga-Cr-Al-Li-Sc-Ru-In-Mg-Zr-Dy-W-Yb-Y-Ho-Re-Be-Rb-La-Sn-Cs-Pb-Pr-Bi-Tm-Sr-Ti-Hf-Ir-Nb-Pd-Hg-Th-Np-Lu-Rh-Pu_2_0_1,phimage_Cu-Mn-Ni-Mo-Fe-Pt-Zn-Ca-Er-Au-Cd-Co-Gd-Na-Sm-Eu-Tb-V-Ag-Nd-U-Ba-Ce-K-Ga-Cr-Al-Li-Sc-Ru-In-Mg-Zr-Dy-W-Yb-Y-Ho-Re-Be-Rb-La-Sn-Cs-Pb-Pr-Bi-Tm-Sr-Ti-Hf-Ir-Nb-Pd-Hg-Th-Np-Lu-Rh-Pu_2_0_2,phimage_Cu-Mn-Ni-Mo-Fe-Pt-Zn-Ca-Er-Au-Cd-Co-Gd-Na-Sm-Eu-Tb-V-Ag-Nd-U-Ba-Ce-K-Ga-Cr-Al-Li-Sc-Ru-In-Mg-Zr-Dy-W-Yb-Y-Ho-Re-Be-Rb-La-Sn-Cs-Pb-Pr-Bi-Tm-Sr-Ti-Hf-Ir-Nb-Pd-Hg-Th-Np-Lu-Rh-Pu_2_0_3,phimage_Cu-Mn-Ni-Mo-Fe-Pt-Zn-Ca-Er-Au-Cd-Co-Gd-Na-Sm-Eu-Tb-V-Ag-Nd-U-Ba-Ce-K-Ga-Cr-Al-Li-Sc-Ru-In-Mg-Zr-Dy-W-Yb-Y-Ho-Re-Be-Rb-La-Sn-Cs-Pb-Pr-Bi-Tm-Sr-Ti-Hf-Ir-Nb-Pd-Hg-Th-Np-Lu-Rh-Pu_2_0_4,phimage_Cu-Mn-Ni-Mo-Fe-Pt-Zn-Ca-Er-Au-Cd-Co-Gd-Na-Sm-Eu-Tb-V-Ag-Nd-U-Ba-Ce-K-Ga-Cr-Al-Li-Sc-Ru-In-Mg-Zr-Dy-W-Yb-Y-Ho-Re-Be-Rb-La-Sn-Cs-Pb-Pr-Bi-Tm-Sr-Ti-Hf-Ir-Nb-Pd-Hg-Th-Np-Lu-Rh-Pu_2_0_5,phimage_Cu-Mn-Ni-Mo-Fe-Pt-Zn-Ca-Er-Au-Cd-Co-Gd-Na-Sm-Eu-Tb-V-Ag-Nd-U-Ba-Ce-K-Ga-Cr-Al-Li-Sc-Ru-In-Mg-Zr-Dy-W-Yb-Y-Ho-Re-Be-Rb-La-Sn-Cs-Pb-Pr-Bi-Tm-Sr-Ti-Hf-Ir-Nb-Pd-Hg-Th-Np-Lu-Rh-Pu_2_0_6,phimage_Cu-Mn-Ni-Mo-Fe-Pt-Zn-Ca-Er-Au-Cd-Co-Gd-Na-Sm-Eu-Tb-V-Ag-Nd-U-Ba-Ce-K-Ga-Cr-Al-Li-Sc-Ru-In-Mg-Zr-Dy-W-Yb-Y-Ho-Re-Be-Rb-La-Sn-Cs-Pb-Pr-Bi-Tm-Sr-Ti-Hf-Ir-Nb-Pd-Hg-Th-Np-Lu-Rh-Pu_2_0_7,phimage_Cu-Mn-Ni-Mo-Fe-Pt-Zn-Ca-Er-Au-Cd-Co-Gd-Na-Sm-Eu-Tb-V-Ag-Nd-U-Ba-Ce-K-Ga-Cr-Al-Li-Sc-Ru-In-Mg-Zr-Dy-W-Yb-Y-Ho-Re-Be-Rb-La-Sn-Cs-Pb-Pr-Bi-Tm-Sr-Ti-Hf-Ir-Nb-Pd-Hg-Th-Np-Lu-Rh-Pu_2_0_8,phimage_Cu-Mn-Ni-Mo-Fe-Pt-Zn-Ca-Er-Au-Cd-Co-Gd-Na-Sm-Eu-Tb-V-Ag-Nd-U-Ba-Ce-K-Ga-Cr-Al-Li-Sc-Ru-In-Mg-Zr-Dy-W-Yb-Y-Ho-Re-Be-Rb-La-Sn-Cs-Pb-Pr-Bi-Tm-Sr-Ti-Hf-Ir-Nb-Pd-Hg-Th-Np-Lu-Rh-Pu_2_0_9,phimage_Cu-Mn-Ni-Mo-Fe-Pt-Zn-Ca-Er-Au-Cd-Co-Gd-Na-Sm-Eu-Tb-V-Ag-Nd-U-Ba-Ce-K-Ga-Cr-Al-Li-Sc-Ru-In-Mg-Zr-Dy-W-Yb-Y-Ho-Re-Be-Rb-La-Sn-Cs-Pb-Pr-Bi-Tm-Sr-Ti-Hf-Ir-Nb-Pd-Hg-Th-Np-Lu-Rh-Pu_2_0_10,phimage_Cu-Mn-Ni-Mo-Fe-Pt-Zn-Ca-Er-Au-Cd-Co-Gd-Na-Sm-Eu-Tb-V-Ag-Nd-U-Ba-Ce-K-Ga-Cr-Al-Li-Sc-Ru-In-Mg-Zr-Dy-W-Yb-Y-Ho-Re-Be-Rb-La-Sn-Cs-Pb-Pr-Bi-Tm-Sr-Ti-Hf-Ir-Nb-Pd-Hg-Th-Np-Lu-Rh-Pu_2_0_11,phimage_Cu-Mn-Ni-Mo-Fe-Pt-Zn-Ca-Er-Au-Cd-Co-Gd-Na-Sm-Eu-Tb-V-Ag-Nd-U-Ba-Ce-K-Ga-Cr-Al-Li-Sc-Ru-In-Mg-Zr-Dy-W-Yb-Y-Ho-Re-Be-Rb-La-Sn-Cs-Pb-Pr-Bi-Tm-Sr-Ti-Hf-Ir-Nb-Pd-Hg-Th-Np-Lu-Rh-Pu_2_0_12,phimage_Cu-Mn-Ni-Mo-Fe-Pt-Zn-Ca-Er-Au-Cd-Co-Gd-Na-Sm-Eu-Tb-V-Ag-Nd-U-Ba-Ce-K-Ga-Cr-Al-Li-Sc-Ru-In-Mg-Zr-Dy-W-Yb-Y-Ho-Re-Be-Rb-La-Sn-Cs-Pb-Pr-Bi-Tm-Sr-Ti-Hf-Ir-Nb-Pd-Hg-Th-Np-Lu-Rh-Pu_2_0_13,phimage_Cu-Mn-Ni-Mo-Fe-Pt-Zn-Ca-Er-Au-Cd-Co-Gd-Na-Sm-Eu-Tb-V-Ag-Nd-U-Ba-Ce-K-Ga-Cr-Al-Li-Sc-Ru-In-Mg-Zr-Dy-W-Yb-Y-Ho-Re-Be-Rb-La-Sn-Cs-Pb-Pr-Bi-Tm-Sr-Ti-Hf-Ir-Nb-Pd-Hg-Th-Np-Lu-Rh-Pu_2_0_14,phimage_Cu-Mn-Ni-Mo-Fe-Pt-Zn-Ca-Er-Au-Cd-Co-Gd-Na-Sm-Eu-Tb-V-Ag-Nd-U-Ba-Ce-K-Ga-Cr-Al-Li-Sc-Ru-In-Mg-Zr-Dy-W-Yb-Y-Ho-Re-Be-Rb-La-Sn-Cs-Pb-Pr-Bi-Tm-Sr-Ti-Hf-Ir-Nb-Pd-Hg-Th-Np-Lu-Rh-Pu_2_0_15,phimage_Cu-Mn-Ni-Mo-Fe-Pt-Zn-Ca-Er-Au-Cd-Co-Gd-Na-Sm-Eu-Tb-V-Ag-Nd-U-Ba-Ce-K-Ga-Cr-Al-Li-Sc-Ru-In-Mg-Zr-Dy-W-Yb-Y-Ho-Re-Be-Rb-La-Sn-Cs-Pb-Pr-Bi-Tm-Sr-Ti-Hf-Ir-Nb-Pd-Hg-Th-Np-Lu-Rh-Pu_2_0_16,phimage_Cu-Mn-Ni-Mo-Fe-Pt-Zn-Ca-Er-Au-Cd-Co-Gd-Na-Sm-Eu-Tb-V-Ag-Nd-U-Ba-Ce-K-Ga-Cr-Al-Li-Sc-Ru-In-Mg-Zr-Dy-W-Yb-Y-Ho-Re-Be-Rb-La-Sn-Cs-Pb-Pr-Bi-Tm-Sr-Ti-Hf-Ir-Nb-Pd-Hg-Th-Np-Lu-Rh-Pu_2_0_17,phimage_Cu-Mn-Ni-Mo-Fe-Pt-Zn-Ca-Er-Au-Cd-Co-Gd-Na-Sm-Eu-Tb-V-Ag-Nd-U-Ba-Ce-K-Ga-Cr-Al-Li-Sc-Ru-In-Mg-Zr-Dy-W-Yb-Y-Ho-Re-Be-Rb-La-Sn-Cs-Pb-Pr-Bi-Tm-Sr-Ti-Hf-Ir-Nb-Pd-Hg-Th-Np-Lu-Rh-Pu_2_0_18,phimage_Cu-Mn-Ni-Mo-Fe-Pt-Zn-Ca-Er-Au-Cd-Co-Gd-Na-Sm-Eu-Tb-V-Ag-Nd-U-Ba-Ce-K-Ga-Cr-Al-Li-Sc-Ru-In-Mg-Zr-Dy-W-Yb-Y-Ho-Re-Be-Rb-La-Sn-Cs-Pb-Pr-Bi-Tm-Sr-Ti-Hf-Ir-Nb-Pd-Hg-Th-Np-Lu-Rh-Pu_2_0_19,phimage_Cu-Mn-Ni-Mo-Fe-Pt-Zn-Ca-Er-Au-Cd-Co-Gd-Na-Sm-Eu-Tb-V-Ag-Nd-U-Ba-Ce-K-Ga-Cr-Al-Li-Sc-Ru-In-Mg-Zr-Dy-W-Yb-Y-Ho-Re-Be-Rb-La-Sn-Cs-Pb-Pr-Bi-Tm-Sr-Ti-Hf-Ir-Nb-Pd-Hg-Th-Np-Lu-Rh-Pu_2_1_0,phimage_Cu-Mn-Ni-Mo-Fe-Pt-Zn-Ca-Er-Au-Cd-Co-Gd-Na-Sm-Eu-Tb-V-Ag-Nd-U-Ba-Ce-K-Ga-Cr-Al-Li-Sc-Ru-In-Mg-Zr-Dy-W-Yb-Y-Ho-Re-Be-Rb-La-Sn-Cs-Pb-Pr-Bi-Tm-Sr-Ti-Hf-Ir-Nb-Pd-Hg-Th-Np-Lu-Rh-Pu_2_1_1,phimage_Cu-Mn-Ni-Mo-Fe-Pt-Zn-Ca-Er-Au-Cd-Co-Gd-Na-Sm-Eu-Tb-V-Ag-Nd-U-Ba-Ce-K-Ga-Cr-Al-Li-Sc-Ru-In-Mg-Zr-Dy-W-Yb-Y-Ho-Re-Be-Rb-La-Sn-Cs-Pb-Pr-Bi-Tm-Sr-Ti-Hf-Ir-Nb-Pd-Hg-Th-Np-Lu-Rh-Pu_2_1_2,phimage_Cu-Mn-Ni-Mo-Fe-Pt-Zn-Ca-Er-Au-Cd-Co-Gd-Na-Sm-Eu-Tb-V-Ag-Nd-U-Ba-Ce-K-Ga-Cr-Al-Li-Sc-Ru-In-Mg-Zr-Dy-W-Yb-Y-Ho-Re-Be-Rb-La-Sn-Cs-Pb-Pr-Bi-Tm-Sr-Ti-Hf-Ir-Nb-Pd-Hg-Th-Np-Lu-Rh-Pu_2_1_3,phimage_Cu-Mn-Ni-Mo-Fe-Pt-Zn-Ca-Er-Au-Cd-Co-Gd-Na-Sm-Eu-Tb-V-Ag-Nd-U-Ba-Ce-K-Ga-Cr-Al-Li-Sc-Ru-In-Mg-Zr-Dy-W-Yb-Y-Ho-Re-Be-Rb-La-Sn-Cs-Pb-Pr-Bi-Tm-Sr-Ti-Hf-Ir-Nb-Pd-Hg-Th-Np-Lu-Rh-Pu_2_1_4,phimage_Cu-Mn-Ni-Mo-Fe-Pt-Zn-Ca-Er-Au-Cd-Co-Gd-Na-Sm-Eu-Tb-V-Ag-Nd-U-Ba-Ce-K-Ga-Cr-Al-Li-Sc-Ru-In-Mg-Zr-Dy-W-Yb-Y-Ho-Re-Be-Rb-La-Sn-Cs-Pb-Pr-Bi-Tm-Sr-Ti-Hf-Ir-Nb-Pd-Hg-Th-Np-Lu-Rh-Pu_2_1_5,phimage_Cu-Mn-Ni-Mo-Fe-Pt-Zn-Ca-Er-Au-Cd-Co-Gd-Na-Sm-Eu-Tb-V-Ag-Nd-U-Ba-Ce-K-Ga-Cr-Al-Li-Sc-Ru-In-Mg-Zr-Dy-W-Yb-Y-Ho-Re-Be-Rb-La-Sn-Cs-Pb-Pr-Bi-Tm-Sr-Ti-Hf-Ir-Nb-Pd-Hg-Th-Np-Lu-Rh-Pu_2_1_6,phimage_Cu-Mn-Ni-Mo-Fe-Pt-Zn-Ca-Er-Au-Cd-Co-Gd-Na-Sm-Eu-Tb-V-Ag-Nd-U-Ba-Ce-K-Ga-Cr-Al-Li-Sc-Ru-In-Mg-Zr-Dy-W-Yb-Y-Ho-Re-Be-Rb-La-Sn-Cs-Pb-Pr-Bi-Tm-Sr-Ti-Hf-Ir-Nb-Pd-Hg-Th-Np-Lu-Rh-Pu_2_1_7,phimage_Cu-Mn-Ni-Mo-Fe-Pt-Zn-Ca-Er-Au-Cd-Co-Gd-Na-Sm-Eu-Tb-V-Ag-Nd-U-Ba-Ce-K-Ga-Cr-Al-Li-Sc-Ru-In-Mg-Zr-Dy-W-Yb-Y-Ho-Re-Be-Rb-La-Sn-Cs-Pb-Pr-Bi-Tm-Sr-Ti-Hf-Ir-Nb-Pd-Hg-Th-Np-Lu-Rh-Pu_2_1_8,phimage_Cu-Mn-Ni-Mo-Fe-Pt-Zn-Ca-Er-Au-Cd-Co-Gd-Na-Sm-Eu-Tb-V-Ag-Nd-U-Ba-Ce-K-Ga-Cr-Al-Li-Sc-Ru-In-Mg-Zr-Dy-W-Yb-Y-Ho-Re-Be-Rb-La-Sn-Cs-Pb-Pr-Bi-Tm-Sr-Ti-Hf-Ir-Nb-Pd-Hg-Th-Np-Lu-Rh-Pu_2_1_9,phimage_Cu-Mn-Ni-Mo-Fe-Pt-Zn-Ca-Er-Au-Cd-Co-Gd-Na-Sm-Eu-Tb-V-Ag-Nd-U-Ba-Ce-K-Ga-Cr-Al-Li-Sc-Ru-In-Mg-Zr-Dy-W-Yb-Y-Ho-Re-Be-Rb-La-Sn-Cs-Pb-Pr-Bi-Tm-Sr-Ti-Hf-Ir-Nb-Pd-Hg-Th-Np-Lu-Rh-Pu_2_1_10,phimage_Cu-Mn-Ni-Mo-Fe-Pt-Zn-Ca-Er-Au-Cd-Co-Gd-Na-Sm-Eu-Tb-V-Ag-Nd-U-Ba-Ce-K-Ga-Cr-Al-Li-Sc-Ru-In-Mg-Zr-Dy-W-Yb-Y-Ho-Re-Be-Rb-La-Sn-Cs-Pb-Pr-Bi-Tm-Sr-Ti-Hf-Ir-Nb-Pd-Hg-Th-Np-Lu-Rh-Pu_2_1_11,phimage_Cu-Mn-Ni-Mo-Fe-Pt-Zn-Ca-Er-Au-Cd-Co-Gd-Na-Sm-Eu-Tb-V-Ag-Nd-U-Ba-Ce-K-Ga-Cr-Al-Li-Sc-Ru-In-Mg-Zr-Dy-W-Yb-Y-Ho-Re-Be-Rb-La-Sn-Cs-Pb-Pr-Bi-Tm-Sr-Ti-Hf-Ir-Nb-Pd-Hg-Th-Np-Lu-Rh-Pu_2_1_12,phimage_Cu-Mn-Ni-Mo-Fe-Pt-Zn-Ca-Er-Au-Cd-Co-Gd-Na-Sm-Eu-Tb-V-Ag-Nd-U-Ba-Ce-K-Ga-Cr-Al-Li-Sc-Ru-In-Mg-Zr-Dy-W-Yb-Y-Ho-Re-Be-Rb-La-Sn-Cs-Pb-Pr-Bi-Tm-Sr-Ti-Hf-Ir-Nb-Pd-Hg-Th-Np-Lu-Rh-Pu_2_1_13,phimage_Cu-Mn-Ni-Mo-Fe-Pt-Zn-Ca-Er-Au-Cd-Co-Gd-Na-Sm-Eu-Tb-V-Ag-Nd-U-Ba-Ce-K-Ga-Cr-Al-Li-Sc-Ru-In-Mg-Zr-Dy-W-Yb-Y-Ho-Re-Be-Rb-La-Sn-Cs-Pb-Pr-Bi-Tm-Sr-Ti-Hf-Ir-Nb-Pd-Hg-Th-Np-Lu-Rh-Pu_2_1_14,phimage_Cu-Mn-Ni-Mo-Fe-Pt-Zn-Ca-Er-Au-Cd-Co-Gd-Na-Sm-Eu-Tb-V-Ag-Nd-U-Ba-Ce-K-Ga-Cr-Al-Li-Sc-Ru-In-Mg-Zr-Dy-W-Yb-Y-Ho-Re-Be-Rb-La-Sn-Cs-Pb-Pr-Bi-Tm-Sr-Ti-Hf-Ir-Nb-Pd-Hg-Th-Np-Lu-Rh-Pu_2_1_15,phimage_Cu-Mn-Ni-Mo-Fe-Pt-Zn-Ca-Er-Au-Cd-Co-Gd-Na-Sm-Eu-Tb-V-Ag-Nd-U-Ba-Ce-K-Ga-Cr-Al-Li-Sc-Ru-In-Mg-Zr-Dy-W-Yb-Y-Ho-Re-Be-Rb-La-Sn-Cs-Pb-Pr-Bi-Tm-Sr-Ti-Hf-Ir-Nb-Pd-Hg-Th-Np-Lu-Rh-Pu_2_1_16,phimage_Cu-Mn-Ni-Mo-Fe-Pt-Zn-Ca-Er-Au-Cd-Co-Gd-Na-Sm-Eu-Tb-V-Ag-Nd-U-Ba-Ce-K-Ga-Cr-Al-Li-Sc-Ru-In-Mg-Zr-Dy-W-Yb-Y-Ho-Re-Be-Rb-La-Sn-Cs-Pb-Pr-Bi-Tm-Sr-Ti-Hf-Ir-Nb-Pd-Hg-Th-Np-Lu-Rh-Pu_2_1_17,phimage_Cu-Mn-Ni-Mo-Fe-Pt-Zn-Ca-Er-Au-Cd-Co-Gd-Na-Sm-Eu-Tb-V-Ag-Nd-U-Ba-Ce-K-Ga-Cr-Al-Li-Sc-Ru-In-Mg-Zr-Dy-W-Yb-Y-Ho-Re-Be-Rb-La-Sn-Cs-Pb-Pr-Bi-Tm-Sr-Ti-Hf-Ir-Nb-Pd-Hg-Th-Np-Lu-Rh-Pu_2_1_18,phimage_Cu-Mn-Ni-Mo-Fe-Pt-Zn-Ca-Er-Au-Cd-Co-Gd-Na-Sm-Eu-Tb-V-Ag-Nd-U-Ba-Ce-K-Ga-Cr-Al-Li-Sc-Ru-In-Mg-Zr-Dy-W-Yb-Y-Ho-Re-Be-Rb-La-Sn-Cs-Pb-Pr-Bi-Tm-Sr-Ti-Hf-Ir-Nb-Pd-Hg-Th-Np-Lu-Rh-Pu_2_1_19,phimage_Cu-Mn-Ni-Mo-Fe-Pt-Zn-Ca-Er-Au-Cd-Co-Gd-Na-Sm-Eu-Tb-V-Ag-Nd-U-Ba-Ce-K-Ga-Cr-Al-Li-Sc-Ru-In-Mg-Zr-Dy-W-Yb-Y-Ho-Re-Be-Rb-La-Sn-Cs-Pb-Pr-Bi-Tm-Sr-Ti-Hf-Ir-Nb-Pd-Hg-Th-Np-Lu-Rh-Pu_2_2_0,phimage_Cu-Mn-Ni-Mo-Fe-Pt-Zn-Ca-Er-Au-Cd-Co-Gd-Na-Sm-Eu-Tb-V-Ag-Nd-U-Ba-Ce-K-Ga-Cr-Al-Li-Sc-Ru-In-Mg-Zr-Dy-W-Yb-Y-Ho-Re-Be-Rb-La-Sn-Cs-Pb-Pr-Bi-Tm-Sr-Ti-Hf-Ir-Nb-Pd-Hg-Th-Np-Lu-Rh-Pu_2_2_1,phimage_Cu-Mn-Ni-Mo-Fe-Pt-Zn-Ca-Er-Au-Cd-Co-Gd-Na-Sm-Eu-Tb-V-Ag-Nd-U-Ba-Ce-K-Ga-Cr-Al-Li-Sc-Ru-In-Mg-Zr-Dy-W-Yb-Y-Ho-Re-Be-Rb-La-Sn-Cs-Pb-Pr-Bi-Tm-Sr-Ti-Hf-Ir-Nb-Pd-Hg-Th-Np-Lu-Rh-Pu_2_2_2,phimage_Cu-Mn-Ni-Mo-Fe-Pt-Zn-Ca-Er-Au-Cd-Co-Gd-Na-Sm-Eu-Tb-V-Ag-Nd-U-Ba-Ce-K-Ga-Cr-Al-Li-Sc-Ru-In-Mg-Zr-Dy-W-Yb-Y-Ho-Re-Be-Rb-La-Sn-Cs-Pb-Pr-Bi-Tm-Sr-Ti-Hf-Ir-Nb-Pd-Hg-Th-Np-Lu-Rh-Pu_2_2_3,phimage_Cu-Mn-Ni-Mo-Fe-Pt-Zn-Ca-Er-Au-Cd-Co-Gd-Na-Sm-Eu-Tb-V-Ag-Nd-U-Ba-Ce-K-Ga-Cr-Al-Li-Sc-Ru-In-Mg-Zr-Dy-W-Yb-Y-Ho-Re-Be-Rb-La-Sn-Cs-Pb-Pr-Bi-Tm-Sr-Ti-Hf-Ir-Nb-Pd-Hg-Th-Np-Lu-Rh-Pu_2_2_4,phimage_Cu-Mn-Ni-Mo-Fe-Pt-Zn-Ca-Er-Au-Cd-Co-Gd-Na-Sm-Eu-Tb-V-Ag-Nd-U-Ba-Ce-K-Ga-Cr-Al-Li-Sc-Ru-In-Mg-Zr-Dy-W-Yb-Y-Ho-Re-Be-Rb-La-Sn-Cs-Pb-Pr-Bi-Tm-Sr-Ti-Hf-Ir-Nb-Pd-Hg-Th-Np-Lu-Rh-Pu_2_2_5,phimage_Cu-Mn-Ni-Mo-Fe-Pt-Zn-Ca-Er-Au-Cd-Co-Gd-Na-Sm-Eu-Tb-V-Ag-Nd-U-Ba-Ce-K-Ga-Cr-Al-Li-Sc-Ru-In-Mg-Zr-Dy-W-Yb-Y-Ho-Re-Be-Rb-La-Sn-Cs-Pb-Pr-Bi-Tm-Sr-Ti-Hf-Ir-Nb-Pd-Hg-Th-Np-Lu-Rh-Pu_2_2_6,phimage_Cu-Mn-Ni-Mo-Fe-Pt-Zn-Ca-Er-Au-Cd-Co-Gd-Na-Sm-Eu-Tb-V-Ag-Nd-U-Ba-Ce-K-Ga-Cr-Al-Li-Sc-Ru-In-Mg-Zr-Dy-W-Yb-Y-Ho-Re-Be-Rb-La-Sn-Cs-Pb-Pr-Bi-Tm-Sr-Ti-Hf-Ir-Nb-Pd-Hg-Th-Np-Lu-Rh-Pu_2_2_7,phimage_Cu-Mn-Ni-Mo-Fe-Pt-Zn-Ca-Er-Au-Cd-Co-Gd-Na-Sm-Eu-Tb-V-Ag-Nd-U-Ba-Ce-K-Ga-Cr-Al-Li-Sc-Ru-In-Mg-Zr-Dy-W-Yb-Y-Ho-Re-Be-Rb-La-Sn-Cs-Pb-Pr-Bi-Tm-Sr-Ti-Hf-Ir-Nb-Pd-Hg-Th-Np-Lu-Rh-Pu_2_2_8,phimage_Cu-Mn-Ni-Mo-Fe-Pt-Zn-Ca-Er-Au-Cd-Co-Gd-Na-Sm-Eu-Tb-V-Ag-Nd-U-Ba-Ce-K-Ga-Cr-Al-Li-Sc-Ru-In-Mg-Zr-Dy-W-Yb-Y-Ho-Re-Be-Rb-La-Sn-Cs-Pb-Pr-Bi-Tm-Sr-Ti-Hf-Ir-Nb-Pd-Hg-Th-Np-Lu-Rh-Pu_2_2_9,phimage_Cu-Mn-Ni-Mo-Fe-Pt-Zn-Ca-Er-Au-Cd-Co-Gd-Na-Sm-Eu-Tb-V-Ag-Nd-U-Ba-Ce-K-Ga-Cr-Al-Li-Sc-Ru-In-Mg-Zr-Dy-W-Yb-Y-Ho-Re-Be-Rb-La-Sn-Cs-Pb-Pr-Bi-Tm-Sr-Ti-Hf-Ir-Nb-Pd-Hg-Th-Np-Lu-Rh-Pu_2_2_10,phimage_Cu-Mn-Ni-Mo-Fe-Pt-Zn-Ca-Er-Au-Cd-Co-Gd-Na-Sm-Eu-Tb-V-Ag-Nd-U-Ba-Ce-K-Ga-Cr-Al-Li-Sc-Ru-In-Mg-Zr-Dy-W-Yb-Y-Ho-Re-Be-Rb-La-Sn-Cs-Pb-Pr-Bi-Tm-Sr-Ti-Hf-Ir-Nb-Pd-Hg-Th-Np-Lu-Rh-Pu_2_2_11,phimage_Cu-Mn-Ni-Mo-Fe-Pt-Zn-Ca-Er-Au-Cd-Co-Gd-Na-Sm-Eu-Tb-V-Ag-Nd-U-Ba-Ce-K-Ga-Cr-Al-Li-Sc-Ru-In-Mg-Zr-Dy-W-Yb-Y-Ho-Re-Be-Rb-La-Sn-Cs-Pb-Pr-Bi-Tm-Sr-Ti-Hf-Ir-Nb-Pd-Hg-Th-Np-Lu-Rh-Pu_2_2_12,phimage_Cu-Mn-Ni-Mo-Fe-Pt-Zn-Ca-Er-Au-Cd-Co-Gd-Na-Sm-Eu-Tb-V-Ag-Nd-U-Ba-Ce-K-Ga-Cr-Al-Li-Sc-Ru-In-Mg-Zr-Dy-W-Yb-Y-Ho-Re-Be-Rb-La-Sn-Cs-Pb-Pr-Bi-Tm-Sr-Ti-Hf-Ir-Nb-Pd-Hg-Th-Np-Lu-Rh-Pu_2_2_13,phimage_Cu-Mn-Ni-Mo-Fe-Pt-Zn-Ca-Er-Au-Cd-Co-Gd-Na-Sm-Eu-Tb-V-Ag-Nd-U-Ba-Ce-K-Ga-Cr-Al-Li-Sc-Ru-In-Mg-Zr-Dy-W-Yb-Y-Ho-Re-Be-Rb-La-Sn-Cs-Pb-Pr-Bi-Tm-Sr-Ti-Hf-Ir-Nb-Pd-Hg-Th-Np-Lu-Rh-Pu_2_2_14,phimage_Cu-Mn-Ni-Mo-Fe-Pt-Zn-Ca-Er-Au-Cd-Co-Gd-Na-Sm-Eu-Tb-V-Ag-Nd-U-Ba-Ce-K-Ga-Cr-Al-Li-Sc-Ru-In-Mg-Zr-Dy-W-Yb-Y-Ho-Re-Be-Rb-La-Sn-Cs-Pb-Pr-Bi-Tm-Sr-Ti-Hf-Ir-Nb-Pd-Hg-Th-Np-Lu-Rh-Pu_2_2_15,phimage_Cu-Mn-Ni-Mo-Fe-Pt-Zn-Ca-Er-Au-Cd-Co-Gd-Na-Sm-Eu-Tb-V-Ag-Nd-U-Ba-Ce-K-Ga-Cr-Al-Li-Sc-Ru-In-Mg-Zr-Dy-W-Yb-Y-Ho-Re-Be-Rb-La-Sn-Cs-Pb-Pr-Bi-Tm-Sr-Ti-Hf-Ir-Nb-Pd-Hg-Th-Np-Lu-Rh-Pu_2_2_16,phimage_Cu-Mn-Ni-Mo-Fe-Pt-Zn-Ca-Er-Au-Cd-Co-Gd-Na-Sm-Eu-Tb-V-Ag-Nd-U-Ba-Ce-K-Ga-Cr-Al-Li-Sc-Ru-In-Mg-Zr-Dy-W-Yb-Y-Ho-Re-Be-Rb-La-Sn-Cs-Pb-Pr-Bi-Tm-Sr-Ti-Hf-Ir-Nb-Pd-Hg-Th-Np-Lu-Rh-Pu_2_2_17,phimage_Cu-Mn-Ni-Mo-Fe-Pt-Zn-Ca-Er-Au-Cd-Co-Gd-Na-Sm-Eu-Tb-V-Ag-Nd-U-Ba-Ce-K-Ga-Cr-Al-Li-Sc-Ru-In-Mg-Zr-Dy-W-Yb-Y-Ho-Re-Be-Rb-La-Sn-Cs-Pb-Pr-Bi-Tm-Sr-Ti-Hf-Ir-Nb-Pd-Hg-Th-Np-Lu-Rh-Pu_2_2_18,phimage_Cu-Mn-Ni-Mo-Fe-Pt-Zn-Ca-Er-Au-Cd-Co-Gd-Na-Sm-Eu-Tb-V-Ag-Nd-U-Ba-Ce-K-Ga-Cr-Al-Li-Sc-Ru-In-Mg-Zr-Dy-W-Yb-Y-Ho-Re-Be-Rb-La-Sn-Cs-Pb-Pr-Bi-Tm-Sr-Ti-Hf-Ir-Nb-Pd-Hg-Th-Np-Lu-Rh-Pu_2_2_19,phimage_Cu-Mn-Ni-Mo-Fe-Pt-Zn-Ca-Er-Au-Cd-Co-Gd-Na-Sm-Eu-Tb-V-Ag-Nd-U-Ba-Ce-K-Ga-Cr-Al-Li-Sc-Ru-In-Mg-Zr-Dy-W-Yb-Y-Ho-Re-Be-Rb-La-Sn-Cs-Pb-Pr-Bi-Tm-Sr-Ti-Hf-Ir-Nb-Pd-Hg-Th-Np-Lu-Rh-Pu_2_3_0,phimage_Cu-Mn-Ni-Mo-Fe-Pt-Zn-Ca-Er-Au-Cd-Co-Gd-Na-Sm-Eu-Tb-V-Ag-Nd-U-Ba-Ce-K-Ga-Cr-Al-Li-Sc-Ru-In-Mg-Zr-Dy-W-Yb-Y-Ho-Re-Be-Rb-La-Sn-Cs-Pb-Pr-Bi-Tm-Sr-Ti-Hf-Ir-Nb-Pd-Hg-Th-Np-Lu-Rh-Pu_2_3_1,phimage_Cu-Mn-Ni-Mo-Fe-Pt-Zn-Ca-Er-Au-Cd-Co-Gd-Na-Sm-Eu-Tb-V-Ag-Nd-U-Ba-Ce-K-Ga-Cr-Al-Li-Sc-Ru-In-Mg-Zr-Dy-W-Yb-Y-Ho-Re-Be-Rb-La-Sn-Cs-Pb-Pr-Bi-Tm-Sr-Ti-Hf-Ir-Nb-Pd-Hg-Th-Np-Lu-Rh-Pu_2_3_2,phimage_Cu-Mn-Ni-Mo-Fe-Pt-Zn-Ca-Er-Au-Cd-Co-Gd-Na-Sm-Eu-Tb-V-Ag-Nd-U-Ba-Ce-K-Ga-Cr-Al-Li-Sc-Ru-In-Mg-Zr-Dy-W-Yb-Y-Ho-Re-Be-Rb-La-Sn-Cs-Pb-Pr-Bi-Tm-Sr-Ti-Hf-Ir-Nb-Pd-Hg-Th-Np-Lu-Rh-Pu_2_3_3,phimage_Cu-Mn-Ni-Mo-Fe-Pt-Zn-Ca-Er-Au-Cd-Co-Gd-Na-Sm-Eu-Tb-V-Ag-Nd-U-Ba-Ce-K-Ga-Cr-Al-Li-Sc-Ru-In-Mg-Zr-Dy-W-Yb-Y-Ho-Re-Be-Rb-La-Sn-Cs-Pb-Pr-Bi-Tm-Sr-Ti-Hf-Ir-Nb-Pd-Hg-Th-Np-Lu-Rh-Pu_2_3_4,phimage_Cu-Mn-Ni-Mo-Fe-Pt-Zn-Ca-Er-Au-Cd-Co-Gd-Na-Sm-Eu-Tb-V-Ag-Nd-U-Ba-Ce-K-Ga-Cr-Al-Li-Sc-Ru-In-Mg-Zr-Dy-W-Yb-Y-Ho-Re-Be-Rb-La-Sn-Cs-Pb-Pr-Bi-Tm-Sr-Ti-Hf-Ir-Nb-Pd-Hg-Th-Np-Lu-Rh-Pu_2_3_5,phimage_Cu-Mn-Ni-Mo-Fe-Pt-Zn-Ca-Er-Au-Cd-Co-Gd-Na-Sm-Eu-Tb-V-Ag-Nd-U-Ba-Ce-K-Ga-Cr-Al-Li-Sc-Ru-In-Mg-Zr-Dy-W-Yb-Y-Ho-Re-Be-Rb-La-Sn-Cs-Pb-Pr-Bi-Tm-Sr-Ti-Hf-Ir-Nb-Pd-Hg-Th-Np-Lu-Rh-Pu_2_3_6,phimage_Cu-Mn-Ni-Mo-Fe-Pt-Zn-Ca-Er-Au-Cd-Co-Gd-Na-Sm-Eu-Tb-V-Ag-Nd-U-Ba-Ce-K-Ga-Cr-Al-Li-Sc-Ru-In-Mg-Zr-Dy-W-Yb-Y-Ho-Re-Be-Rb-La-Sn-Cs-Pb-Pr-Bi-Tm-Sr-Ti-Hf-Ir-Nb-Pd-Hg-Th-Np-Lu-Rh-Pu_2_3_7,phimage_Cu-Mn-Ni-Mo-Fe-Pt-Zn-Ca-Er-Au-Cd-Co-Gd-Na-Sm-Eu-Tb-V-Ag-Nd-U-Ba-Ce-K-Ga-Cr-Al-Li-Sc-Ru-In-Mg-Zr-Dy-W-Yb-Y-Ho-Re-Be-Rb-La-Sn-Cs-Pb-Pr-Bi-Tm-Sr-Ti-Hf-Ir-Nb-Pd-Hg-Th-Np-Lu-Rh-Pu_2_3_8,phimage_Cu-Mn-Ni-Mo-Fe-Pt-Zn-Ca-Er-Au-Cd-Co-Gd-Na-Sm-Eu-Tb-V-Ag-Nd-U-Ba-Ce-K-Ga-Cr-Al-Li-Sc-Ru-In-Mg-Zr-Dy-W-Yb-Y-Ho-Re-Be-Rb-La-Sn-Cs-Pb-Pr-Bi-Tm-Sr-Ti-Hf-Ir-Nb-Pd-Hg-Th-Np-Lu-Rh-Pu_2_3_9,phimage_Cu-Mn-Ni-Mo-Fe-Pt-Zn-Ca-Er-Au-Cd-Co-Gd-Na-Sm-Eu-Tb-V-Ag-Nd-U-Ba-Ce-K-Ga-Cr-Al-Li-Sc-Ru-In-Mg-Zr-Dy-W-Yb-Y-Ho-Re-Be-Rb-La-Sn-Cs-Pb-Pr-Bi-Tm-Sr-Ti-Hf-Ir-Nb-Pd-Hg-Th-Np-Lu-Rh-Pu_2_3_10,phimage_Cu-Mn-Ni-Mo-Fe-Pt-Zn-Ca-Er-Au-Cd-Co-Gd-Na-Sm-Eu-Tb-V-Ag-Nd-U-Ba-Ce-K-Ga-Cr-Al-Li-Sc-Ru-In-Mg-Zr-Dy-W-Yb-Y-Ho-Re-Be-Rb-La-Sn-Cs-Pb-Pr-Bi-Tm-Sr-Ti-Hf-Ir-Nb-Pd-Hg-Th-Np-Lu-Rh-Pu_2_3_11,phimage_Cu-Mn-Ni-Mo-Fe-Pt-Zn-Ca-Er-Au-Cd-Co-Gd-Na-Sm-Eu-Tb-V-Ag-Nd-U-Ba-Ce-K-Ga-Cr-Al-Li-Sc-Ru-In-Mg-Zr-Dy-W-Yb-Y-Ho-Re-Be-Rb-La-Sn-Cs-Pb-Pr-Bi-Tm-Sr-Ti-Hf-Ir-Nb-Pd-Hg-Th-Np-Lu-Rh-Pu_2_3_12,phimage_Cu-Mn-Ni-Mo-Fe-Pt-Zn-Ca-Er-Au-Cd-Co-Gd-Na-Sm-Eu-Tb-V-Ag-Nd-U-Ba-Ce-K-Ga-Cr-Al-Li-Sc-Ru-In-Mg-Zr-Dy-W-Yb-Y-Ho-Re-Be-Rb-La-Sn-Cs-Pb-Pr-Bi-Tm-Sr-Ti-Hf-Ir-Nb-Pd-Hg-Th-Np-Lu-Rh-Pu_2_3_13,phimage_Cu-Mn-Ni-Mo-Fe-Pt-Zn-Ca-Er-Au-Cd-Co-Gd-Na-Sm-Eu-Tb-V-Ag-Nd-U-Ba-Ce-K-Ga-Cr-Al-Li-Sc-Ru-In-Mg-Zr-Dy-W-Yb-Y-Ho-Re-Be-Rb-La-Sn-Cs-Pb-Pr-Bi-Tm-Sr-Ti-Hf-Ir-Nb-Pd-Hg-Th-Np-Lu-Rh-Pu_2_3_14,phimage_Cu-Mn-Ni-Mo-Fe-Pt-Zn-Ca-Er-Au-Cd-Co-Gd-Na-Sm-Eu-Tb-V-Ag-Nd-U-Ba-Ce-K-Ga-Cr-Al-Li-Sc-Ru-In-Mg-Zr-Dy-W-Yb-Y-Ho-Re-Be-Rb-La-Sn-Cs-Pb-Pr-Bi-Tm-Sr-Ti-Hf-Ir-Nb-Pd-Hg-Th-Np-Lu-Rh-Pu_2_3_15,phimage_Cu-Mn-Ni-Mo-Fe-Pt-Zn-Ca-Er-Au-Cd-Co-Gd-Na-Sm-Eu-Tb-V-Ag-Nd-U-Ba-Ce-K-Ga-Cr-Al-Li-Sc-Ru-In-Mg-Zr-Dy-W-Yb-Y-Ho-Re-Be-Rb-La-Sn-Cs-Pb-Pr-Bi-Tm-Sr-Ti-Hf-Ir-Nb-Pd-Hg-Th-Np-Lu-Rh-Pu_2_3_16,phimage_Cu-Mn-Ni-Mo-Fe-Pt-Zn-Ca-Er-Au-Cd-Co-Gd-Na-Sm-Eu-Tb-V-Ag-Nd-U-Ba-Ce-K-Ga-Cr-Al-Li-Sc-Ru-In-Mg-Zr-Dy-W-Yb-Y-Ho-Re-Be-Rb-La-Sn-Cs-Pb-Pr-Bi-Tm-Sr-Ti-Hf-Ir-Nb-Pd-Hg-Th-Np-Lu-Rh-Pu_2_3_17,phimage_Cu-Mn-Ni-Mo-Fe-Pt-Zn-Ca-Er-Au-Cd-Co-Gd-Na-Sm-Eu-Tb-V-Ag-Nd-U-Ba-Ce-K-Ga-Cr-Al-Li-Sc-Ru-In-Mg-Zr-Dy-W-Yb-Y-Ho-Re-Be-Rb-La-Sn-Cs-Pb-Pr-Bi-Tm-Sr-Ti-Hf-Ir-Nb-Pd-Hg-Th-Np-Lu-Rh-Pu_2_3_18,phimage_Cu-Mn-Ni-Mo-Fe-Pt-Zn-Ca-Er-Au-Cd-Co-Gd-Na-Sm-Eu-Tb-V-Ag-Nd-U-Ba-Ce-K-Ga-Cr-Al-Li-Sc-Ru-In-Mg-Zr-Dy-W-Yb-Y-Ho-Re-Be-Rb-La-Sn-Cs-Pb-Pr-Bi-Tm-Sr-Ti-Hf-Ir-Nb-Pd-Hg-Th-Np-Lu-Rh-Pu_2_3_19,phimage_Cu-Mn-Ni-Mo-Fe-Pt-Zn-Ca-Er-Au-Cd-Co-Gd-Na-Sm-Eu-Tb-V-Ag-Nd-U-Ba-Ce-K-Ga-Cr-Al-Li-Sc-Ru-In-Mg-Zr-Dy-W-Yb-Y-Ho-Re-Be-Rb-La-Sn-Cs-Pb-Pr-Bi-Tm-Sr-Ti-Hf-Ir-Nb-Pd-Hg-Th-Np-Lu-Rh-Pu_2_4_0,phimage_Cu-Mn-Ni-Mo-Fe-Pt-Zn-Ca-Er-Au-Cd-Co-Gd-Na-Sm-Eu-Tb-V-Ag-Nd-U-Ba-Ce-K-Ga-Cr-Al-Li-Sc-Ru-In-Mg-Zr-Dy-W-Yb-Y-Ho-Re-Be-Rb-La-Sn-Cs-Pb-Pr-Bi-Tm-Sr-Ti-Hf-Ir-Nb-Pd-Hg-Th-Np-Lu-Rh-Pu_2_4_1,phimage_Cu-Mn-Ni-Mo-Fe-Pt-Zn-Ca-Er-Au-Cd-Co-Gd-Na-Sm-Eu-Tb-V-Ag-Nd-U-Ba-Ce-K-Ga-Cr-Al-Li-Sc-Ru-In-Mg-Zr-Dy-W-Yb-Y-Ho-Re-Be-Rb-La-Sn-Cs-Pb-Pr-Bi-Tm-Sr-Ti-Hf-Ir-Nb-Pd-Hg-Th-Np-Lu-Rh-Pu_2_4_2,phimage_Cu-Mn-Ni-Mo-Fe-Pt-Zn-Ca-Er-Au-Cd-Co-Gd-Na-Sm-Eu-Tb-V-Ag-Nd-U-Ba-Ce-K-Ga-Cr-Al-Li-Sc-Ru-In-Mg-Zr-Dy-W-Yb-Y-Ho-Re-Be-Rb-La-Sn-Cs-Pb-Pr-Bi-Tm-Sr-Ti-Hf-Ir-Nb-Pd-Hg-Th-Np-Lu-Rh-Pu_2_4_3,phimage_Cu-Mn-Ni-Mo-Fe-Pt-Zn-Ca-Er-Au-Cd-Co-Gd-Na-Sm-Eu-Tb-V-Ag-Nd-U-Ba-Ce-K-Ga-Cr-Al-Li-Sc-Ru-In-Mg-Zr-Dy-W-Yb-Y-Ho-Re-Be-Rb-La-Sn-Cs-Pb-Pr-Bi-Tm-Sr-Ti-Hf-Ir-Nb-Pd-Hg-Th-Np-Lu-Rh-Pu_2_4_4,phimage_Cu-Mn-Ni-Mo-Fe-Pt-Zn-Ca-Er-Au-Cd-Co-Gd-Na-Sm-Eu-Tb-V-Ag-Nd-U-Ba-Ce-K-Ga-Cr-Al-Li-Sc-Ru-In-Mg-Zr-Dy-W-Yb-Y-Ho-Re-Be-Rb-La-Sn-Cs-Pb-Pr-Bi-Tm-Sr-Ti-Hf-Ir-Nb-Pd-Hg-Th-Np-Lu-Rh-Pu_2_4_5,phimage_Cu-Mn-Ni-Mo-Fe-Pt-Zn-Ca-Er-Au-Cd-Co-Gd-Na-Sm-Eu-Tb-V-Ag-Nd-U-Ba-Ce-K-Ga-Cr-Al-Li-Sc-Ru-In-Mg-Zr-Dy-W-Yb-Y-Ho-Re-Be-Rb-La-Sn-Cs-Pb-Pr-Bi-Tm-Sr-Ti-Hf-Ir-Nb-Pd-Hg-Th-Np-Lu-Rh-Pu_2_4_6,phimage_Cu-Mn-Ni-Mo-Fe-Pt-Zn-Ca-Er-Au-Cd-Co-Gd-Na-Sm-Eu-Tb-V-Ag-Nd-U-Ba-Ce-K-Ga-Cr-Al-Li-Sc-Ru-In-Mg-Zr-Dy-W-Yb-Y-Ho-Re-Be-Rb-La-Sn-Cs-Pb-Pr-Bi-Tm-Sr-Ti-Hf-Ir-Nb-Pd-Hg-Th-Np-Lu-Rh-Pu_2_4_7,phimage_Cu-Mn-Ni-Mo-Fe-Pt-Zn-Ca-Er-Au-Cd-Co-Gd-Na-Sm-Eu-Tb-V-Ag-Nd-U-Ba-Ce-K-Ga-Cr-Al-Li-Sc-Ru-In-Mg-Zr-Dy-W-Yb-Y-Ho-Re-Be-Rb-La-Sn-Cs-Pb-Pr-Bi-Tm-Sr-Ti-Hf-Ir-Nb-Pd-Hg-Th-Np-Lu-Rh-Pu_2_4_8,phimage_Cu-Mn-Ni-Mo-Fe-Pt-Zn-Ca-Er-Au-Cd-Co-Gd-Na-Sm-Eu-Tb-V-Ag-Nd-U-Ba-Ce-K-Ga-Cr-Al-Li-Sc-Ru-In-Mg-Zr-Dy-W-Yb-Y-Ho-Re-Be-Rb-La-Sn-Cs-Pb-Pr-Bi-Tm-Sr-Ti-Hf-Ir-Nb-Pd-Hg-Th-Np-Lu-Rh-Pu_2_4_9,phimage_Cu-Mn-Ni-Mo-Fe-Pt-Zn-Ca-Er-Au-Cd-Co-Gd-Na-Sm-Eu-Tb-V-Ag-Nd-U-Ba-Ce-K-Ga-Cr-Al-Li-Sc-Ru-In-Mg-Zr-Dy-W-Yb-Y-Ho-Re-Be-Rb-La-Sn-Cs-Pb-Pr-Bi-Tm-Sr-Ti-Hf-Ir-Nb-Pd-Hg-Th-Np-Lu-Rh-Pu_2_4_10,phimage_Cu-Mn-Ni-Mo-Fe-Pt-Zn-Ca-Er-Au-Cd-Co-Gd-Na-Sm-Eu-Tb-V-Ag-Nd-U-Ba-Ce-K-Ga-Cr-Al-Li-Sc-Ru-In-Mg-Zr-Dy-W-Yb-Y-Ho-Re-Be-Rb-La-Sn-Cs-Pb-Pr-Bi-Tm-Sr-Ti-Hf-Ir-Nb-Pd-Hg-Th-Np-Lu-Rh-Pu_2_4_11,phimage_Cu-Mn-Ni-Mo-Fe-Pt-Zn-Ca-Er-Au-Cd-Co-Gd-Na-Sm-Eu-Tb-V-Ag-Nd-U-Ba-Ce-K-Ga-Cr-Al-Li-Sc-Ru-In-Mg-Zr-Dy-W-Yb-Y-Ho-Re-Be-Rb-La-Sn-Cs-Pb-Pr-Bi-Tm-Sr-Ti-Hf-Ir-Nb-Pd-Hg-Th-Np-Lu-Rh-Pu_2_4_12,phimage_Cu-Mn-Ni-Mo-Fe-Pt-Zn-Ca-Er-Au-Cd-Co-Gd-Na-Sm-Eu-Tb-V-Ag-Nd-U-Ba-Ce-K-Ga-Cr-Al-Li-Sc-Ru-In-Mg-Zr-Dy-W-Yb-Y-Ho-Re-Be-Rb-La-Sn-Cs-Pb-Pr-Bi-Tm-Sr-Ti-Hf-Ir-Nb-Pd-Hg-Th-Np-Lu-Rh-Pu_2_4_13,phimage_Cu-Mn-Ni-Mo-Fe-Pt-Zn-Ca-Er-Au-Cd-Co-Gd-Na-Sm-Eu-Tb-V-Ag-Nd-U-Ba-Ce-K-Ga-Cr-Al-Li-Sc-Ru-In-Mg-Zr-Dy-W-Yb-Y-Ho-Re-Be-Rb-La-Sn-Cs-Pb-Pr-Bi-Tm-Sr-Ti-Hf-Ir-Nb-Pd-Hg-Th-Np-Lu-Rh-Pu_2_4_14,phimage_Cu-Mn-Ni-Mo-Fe-Pt-Zn-Ca-Er-Au-Cd-Co-Gd-Na-Sm-Eu-Tb-V-Ag-Nd-U-Ba-Ce-K-Ga-Cr-Al-Li-Sc-Ru-In-Mg-Zr-Dy-W-Yb-Y-Ho-Re-Be-Rb-La-Sn-Cs-Pb-Pr-Bi-Tm-Sr-Ti-Hf-Ir-Nb-Pd-Hg-Th-Np-Lu-Rh-Pu_2_4_15,phimage_Cu-Mn-Ni-Mo-Fe-Pt-Zn-Ca-Er-Au-Cd-Co-Gd-Na-Sm-Eu-Tb-V-Ag-Nd-U-Ba-Ce-K-Ga-Cr-Al-Li-Sc-Ru-In-Mg-Zr-Dy-W-Yb-Y-Ho-Re-Be-Rb-La-Sn-Cs-Pb-Pr-Bi-Tm-Sr-Ti-Hf-Ir-Nb-Pd-Hg-Th-Np-Lu-Rh-Pu_2_4_16,phimage_Cu-Mn-Ni-Mo-Fe-Pt-Zn-Ca-Er-Au-Cd-Co-Gd-Na-Sm-Eu-Tb-V-Ag-Nd-U-Ba-Ce-K-Ga-Cr-Al-Li-Sc-Ru-In-Mg-Zr-Dy-W-Yb-Y-Ho-Re-Be-Rb-La-Sn-Cs-Pb-Pr-Bi-Tm-Sr-Ti-Hf-Ir-Nb-Pd-Hg-Th-Np-Lu-Rh-Pu_2_4_17,phimage_Cu-Mn-Ni-Mo-Fe-Pt-Zn-Ca-Er-Au-Cd-Co-Gd-Na-Sm-Eu-Tb-V-Ag-Nd-U-Ba-Ce-K-Ga-Cr-Al-Li-Sc-Ru-In-Mg-Zr-Dy-W-Yb-Y-Ho-Re-Be-Rb-La-Sn-Cs-Pb-Pr-Bi-Tm-Sr-Ti-Hf-Ir-Nb-Pd-Hg-Th-Np-Lu-Rh-Pu_2_4_18,phimage_Cu-Mn-Ni-Mo-Fe-Pt-Zn-Ca-Er-Au-Cd-Co-Gd-Na-Sm-Eu-Tb-V-Ag-Nd-U-Ba-Ce-K-Ga-Cr-Al-Li-Sc-Ru-In-Mg-Zr-Dy-W-Yb-Y-Ho-Re-Be-Rb-La-Sn-Cs-Pb-Pr-Bi-Tm-Sr-Ti-Hf-Ir-Nb-Pd-Hg-Th-Np-Lu-Rh-Pu_2_4_19,phimage_Cu-Mn-Ni-Mo-Fe-Pt-Zn-Ca-Er-Au-Cd-Co-Gd-Na-Sm-Eu-Tb-V-Ag-Nd-U-Ba-Ce-K-Ga-Cr-Al-Li-Sc-Ru-In-Mg-Zr-Dy-W-Yb-Y-Ho-Re-Be-Rb-La-Sn-Cs-Pb-Pr-Bi-Tm-Sr-Ti-Hf-Ir-Nb-Pd-Hg-Th-Np-Lu-Rh-Pu_2_5_0,phimage_Cu-Mn-Ni-Mo-Fe-Pt-Zn-Ca-Er-Au-Cd-Co-Gd-Na-Sm-Eu-Tb-V-Ag-Nd-U-Ba-Ce-K-Ga-Cr-Al-Li-Sc-Ru-In-Mg-Zr-Dy-W-Yb-Y-Ho-Re-Be-Rb-La-Sn-Cs-Pb-Pr-Bi-Tm-Sr-Ti-Hf-Ir-Nb-Pd-Hg-Th-Np-Lu-Rh-Pu_2_5_1,phimage_Cu-Mn-Ni-Mo-Fe-Pt-Zn-Ca-Er-Au-Cd-Co-Gd-Na-Sm-Eu-Tb-V-Ag-Nd-U-Ba-Ce-K-Ga-Cr-Al-Li-Sc-Ru-In-Mg-Zr-Dy-W-Yb-Y-Ho-Re-Be-Rb-La-Sn-Cs-Pb-Pr-Bi-Tm-Sr-Ti-Hf-Ir-Nb-Pd-Hg-Th-Np-Lu-Rh-Pu_2_5_2,phimage_Cu-Mn-Ni-Mo-Fe-Pt-Zn-Ca-Er-Au-Cd-Co-Gd-Na-Sm-Eu-Tb-V-Ag-Nd-U-Ba-Ce-K-Ga-Cr-Al-Li-Sc-Ru-In-Mg-Zr-Dy-W-Yb-Y-Ho-Re-Be-Rb-La-Sn-Cs-Pb-Pr-Bi-Tm-Sr-Ti-Hf-Ir-Nb-Pd-Hg-Th-Np-Lu-Rh-Pu_2_5_3,phimage_Cu-Mn-Ni-Mo-Fe-Pt-Zn-Ca-Er-Au-Cd-Co-Gd-Na-Sm-Eu-Tb-V-Ag-Nd-U-Ba-Ce-K-Ga-Cr-Al-Li-Sc-Ru-In-Mg-Zr-Dy-W-Yb-Y-Ho-Re-Be-Rb-La-Sn-Cs-Pb-Pr-Bi-Tm-Sr-Ti-Hf-Ir-Nb-Pd-Hg-Th-Np-Lu-Rh-Pu_2_5_4,phimage_Cu-Mn-Ni-Mo-Fe-Pt-Zn-Ca-Er-Au-Cd-Co-Gd-Na-Sm-Eu-Tb-V-Ag-Nd-U-Ba-Ce-K-Ga-Cr-Al-Li-Sc-Ru-In-Mg-Zr-Dy-W-Yb-Y-Ho-Re-Be-Rb-La-Sn-Cs-Pb-Pr-Bi-Tm-Sr-Ti-Hf-Ir-Nb-Pd-Hg-Th-Np-Lu-Rh-Pu_2_5_5,phimage_Cu-Mn-Ni-Mo-Fe-Pt-Zn-Ca-Er-Au-Cd-Co-Gd-Na-Sm-Eu-Tb-V-Ag-Nd-U-Ba-Ce-K-Ga-Cr-Al-Li-Sc-Ru-In-Mg-Zr-Dy-W-Yb-Y-Ho-Re-Be-Rb-La-Sn-Cs-Pb-Pr-Bi-Tm-Sr-Ti-Hf-Ir-Nb-Pd-Hg-Th-Np-Lu-Rh-Pu_2_5_6,phimage_Cu-Mn-Ni-Mo-Fe-Pt-Zn-Ca-Er-Au-Cd-Co-Gd-Na-Sm-Eu-Tb-V-Ag-Nd-U-Ba-Ce-K-Ga-Cr-Al-Li-Sc-Ru-In-Mg-Zr-Dy-W-Yb-Y-Ho-Re-Be-Rb-La-Sn-Cs-Pb-Pr-Bi-Tm-Sr-Ti-Hf-Ir-Nb-Pd-Hg-Th-Np-Lu-Rh-Pu_2_5_7,phimage_Cu-Mn-Ni-Mo-Fe-Pt-Zn-Ca-Er-Au-Cd-Co-Gd-Na-Sm-Eu-Tb-V-Ag-Nd-U-Ba-Ce-K-Ga-Cr-Al-Li-Sc-Ru-In-Mg-Zr-Dy-W-Yb-Y-Ho-Re-Be-Rb-La-Sn-Cs-Pb-Pr-Bi-Tm-Sr-Ti-Hf-Ir-Nb-Pd-Hg-Th-Np-Lu-Rh-Pu_2_5_8,phimage_Cu-Mn-Ni-Mo-Fe-Pt-Zn-Ca-Er-Au-Cd-Co-Gd-Na-Sm-Eu-Tb-V-Ag-Nd-U-Ba-Ce-K-Ga-Cr-Al-Li-Sc-Ru-In-Mg-Zr-Dy-W-Yb-Y-Ho-Re-Be-Rb-La-Sn-Cs-Pb-Pr-Bi-Tm-Sr-Ti-Hf-Ir-Nb-Pd-Hg-Th-Np-Lu-Rh-Pu_2_5_9,phimage_Cu-Mn-Ni-Mo-Fe-Pt-Zn-Ca-Er-Au-Cd-Co-Gd-Na-Sm-Eu-Tb-V-Ag-Nd-U-Ba-Ce-K-Ga-Cr-Al-Li-Sc-Ru-In-Mg-Zr-Dy-W-Yb-Y-Ho-Re-Be-Rb-La-Sn-Cs-Pb-Pr-Bi-Tm-Sr-Ti-Hf-Ir-Nb-Pd-Hg-Th-Np-Lu-Rh-Pu_2_5_10,phimage_Cu-Mn-Ni-Mo-Fe-Pt-Zn-Ca-Er-Au-Cd-Co-Gd-Na-Sm-Eu-Tb-V-Ag-Nd-U-Ba-Ce-K-Ga-Cr-Al-Li-Sc-Ru-In-Mg-Zr-Dy-W-Yb-Y-Ho-Re-Be-Rb-La-Sn-Cs-Pb-Pr-Bi-Tm-Sr-Ti-Hf-Ir-Nb-Pd-Hg-Th-Np-Lu-Rh-Pu_2_5_11,phimage_Cu-Mn-Ni-Mo-Fe-Pt-Zn-Ca-Er-Au-Cd-Co-Gd-Na-Sm-Eu-Tb-V-Ag-Nd-U-Ba-Ce-K-Ga-Cr-Al-Li-Sc-Ru-In-Mg-Zr-Dy-W-Yb-Y-Ho-Re-Be-Rb-La-Sn-Cs-Pb-Pr-Bi-Tm-Sr-Ti-Hf-Ir-Nb-Pd-Hg-Th-Np-Lu-Rh-Pu_2_5_12,phimage_Cu-Mn-Ni-Mo-Fe-Pt-Zn-Ca-Er-Au-Cd-Co-Gd-Na-Sm-Eu-Tb-V-Ag-Nd-U-Ba-Ce-K-Ga-Cr-Al-Li-Sc-Ru-In-Mg-Zr-Dy-W-Yb-Y-Ho-Re-Be-Rb-La-Sn-Cs-Pb-Pr-Bi-Tm-Sr-Ti-Hf-Ir-Nb-Pd-Hg-Th-Np-Lu-Rh-Pu_2_5_13,phimage_Cu-Mn-Ni-Mo-Fe-Pt-Zn-Ca-Er-Au-Cd-Co-Gd-Na-Sm-Eu-Tb-V-Ag-Nd-U-Ba-Ce-K-Ga-Cr-Al-Li-Sc-Ru-In-Mg-Zr-Dy-W-Yb-Y-Ho-Re-Be-Rb-La-Sn-Cs-Pb-Pr-Bi-Tm-Sr-Ti-Hf-Ir-Nb-Pd-Hg-Th-Np-Lu-Rh-Pu_2_5_14,phimage_Cu-Mn-Ni-Mo-Fe-Pt-Zn-Ca-Er-Au-Cd-Co-Gd-Na-Sm-Eu-Tb-V-Ag-Nd-U-Ba-Ce-K-Ga-Cr-Al-Li-Sc-Ru-In-Mg-Zr-Dy-W-Yb-Y-Ho-Re-Be-Rb-La-Sn-Cs-Pb-Pr-Bi-Tm-Sr-Ti-Hf-Ir-Nb-Pd-Hg-Th-Np-Lu-Rh-Pu_2_5_15,phimage_Cu-Mn-Ni-Mo-Fe-Pt-Zn-Ca-Er-Au-Cd-Co-Gd-Na-Sm-Eu-Tb-V-Ag-Nd-U-Ba-Ce-K-Ga-Cr-Al-Li-Sc-Ru-In-Mg-Zr-Dy-W-Yb-Y-Ho-Re-Be-Rb-La-Sn-Cs-Pb-Pr-Bi-Tm-Sr-Ti-Hf-Ir-Nb-Pd-Hg-Th-Np-Lu-Rh-Pu_2_5_16,phimage_Cu-Mn-Ni-Mo-Fe-Pt-Zn-Ca-Er-Au-Cd-Co-Gd-Na-Sm-Eu-Tb-V-Ag-Nd-U-Ba-Ce-K-Ga-Cr-Al-Li-Sc-Ru-In-Mg-Zr-Dy-W-Yb-Y-Ho-Re-Be-Rb-La-Sn-Cs-Pb-Pr-Bi-Tm-Sr-Ti-Hf-Ir-Nb-Pd-Hg-Th-Np-Lu-Rh-Pu_2_5_17,phimage_Cu-Mn-Ni-Mo-Fe-Pt-Zn-Ca-Er-Au-Cd-Co-Gd-Na-Sm-Eu-Tb-V-Ag-Nd-U-Ba-Ce-K-Ga-Cr-Al-Li-Sc-Ru-In-Mg-Zr-Dy-W-Yb-Y-Ho-Re-Be-Rb-La-Sn-Cs-Pb-Pr-Bi-Tm-Sr-Ti-Hf-Ir-Nb-Pd-Hg-Th-Np-Lu-Rh-Pu_2_5_18,phimage_Cu-Mn-Ni-Mo-Fe-Pt-Zn-Ca-Er-Au-Cd-Co-Gd-Na-Sm-Eu-Tb-V-Ag-Nd-U-Ba-Ce-K-Ga-Cr-Al-Li-Sc-Ru-In-Mg-Zr-Dy-W-Yb-Y-Ho-Re-Be-Rb-La-Sn-Cs-Pb-Pr-Bi-Tm-Sr-Ti-Hf-Ir-Nb-Pd-Hg-Th-Np-Lu-Rh-Pu_2_5_19,phimage_Cu-Mn-Ni-Mo-Fe-Pt-Zn-Ca-Er-Au-Cd-Co-Gd-Na-Sm-Eu-Tb-V-Ag-Nd-U-Ba-Ce-K-Ga-Cr-Al-Li-Sc-Ru-In-Mg-Zr-Dy-W-Yb-Y-Ho-Re-Be-Rb-La-Sn-Cs-Pb-Pr-Bi-Tm-Sr-Ti-Hf-Ir-Nb-Pd-Hg-Th-Np-Lu-Rh-Pu_2_6_0,phimage_Cu-Mn-Ni-Mo-Fe-Pt-Zn-Ca-Er-Au-Cd-Co-Gd-Na-Sm-Eu-Tb-V-Ag-Nd-U-Ba-Ce-K-Ga-Cr-Al-Li-Sc-Ru-In-Mg-Zr-Dy-W-Yb-Y-Ho-Re-Be-Rb-La-Sn-Cs-Pb-Pr-Bi-Tm-Sr-Ti-Hf-Ir-Nb-Pd-Hg-Th-Np-Lu-Rh-Pu_2_6_1,phimage_Cu-Mn-Ni-Mo-Fe-Pt-Zn-Ca-Er-Au-Cd-Co-Gd-Na-Sm-Eu-Tb-V-Ag-Nd-U-Ba-Ce-K-Ga-Cr-Al-Li-Sc-Ru-In-Mg-Zr-Dy-W-Yb-Y-Ho-Re-Be-Rb-La-Sn-Cs-Pb-Pr-Bi-Tm-Sr-Ti-Hf-Ir-Nb-Pd-Hg-Th-Np-Lu-Rh-Pu_2_6_2,phimage_Cu-Mn-Ni-Mo-Fe-Pt-Zn-Ca-Er-Au-Cd-Co-Gd-Na-Sm-Eu-Tb-V-Ag-Nd-U-Ba-Ce-K-Ga-Cr-Al-Li-Sc-Ru-In-Mg-Zr-Dy-W-Yb-Y-Ho-Re-Be-Rb-La-Sn-Cs-Pb-Pr-Bi-Tm-Sr-Ti-Hf-Ir-Nb-Pd-Hg-Th-Np-Lu-Rh-Pu_2_6_3,phimage_Cu-Mn-Ni-Mo-Fe-Pt-Zn-Ca-Er-Au-Cd-Co-Gd-Na-Sm-Eu-Tb-V-Ag-Nd-U-Ba-Ce-K-Ga-Cr-Al-Li-Sc-Ru-In-Mg-Zr-Dy-W-Yb-Y-Ho-Re-Be-Rb-La-Sn-Cs-Pb-Pr-Bi-Tm-Sr-Ti-Hf-Ir-Nb-Pd-Hg-Th-Np-Lu-Rh-Pu_2_6_4,phimage_Cu-Mn-Ni-Mo-Fe-Pt-Zn-Ca-Er-Au-Cd-Co-Gd-Na-Sm-Eu-Tb-V-Ag-Nd-U-Ba-Ce-K-Ga-Cr-Al-Li-Sc-Ru-In-Mg-Zr-Dy-W-Yb-Y-Ho-Re-Be-Rb-La-Sn-Cs-Pb-Pr-Bi-Tm-Sr-Ti-Hf-Ir-Nb-Pd-Hg-Th-Np-Lu-Rh-Pu_2_6_5,phimage_Cu-Mn-Ni-Mo-Fe-Pt-Zn-Ca-Er-Au-Cd-Co-Gd-Na-Sm-Eu-Tb-V-Ag-Nd-U-Ba-Ce-K-Ga-Cr-Al-Li-Sc-Ru-In-Mg-Zr-Dy-W-Yb-Y-Ho-Re-Be-Rb-La-Sn-Cs-Pb-Pr-Bi-Tm-Sr-Ti-Hf-Ir-Nb-Pd-Hg-Th-Np-Lu-Rh-Pu_2_6_6,phimage_Cu-Mn-Ni-Mo-Fe-Pt-Zn-Ca-Er-Au-Cd-Co-Gd-Na-Sm-Eu-Tb-V-Ag-Nd-U-Ba-Ce-K-Ga-Cr-Al-Li-Sc-Ru-In-Mg-Zr-Dy-W-Yb-Y-Ho-Re-Be-Rb-La-Sn-Cs-Pb-Pr-Bi-Tm-Sr-Ti-Hf-Ir-Nb-Pd-Hg-Th-Np-Lu-Rh-Pu_2_6_7,phimage_Cu-Mn-Ni-Mo-Fe-Pt-Zn-Ca-Er-Au-Cd-Co-Gd-Na-Sm-Eu-Tb-V-Ag-Nd-U-Ba-Ce-K-Ga-Cr-Al-Li-Sc-Ru-In-Mg-Zr-Dy-W-Yb-Y-Ho-Re-Be-Rb-La-Sn-Cs-Pb-Pr-Bi-Tm-Sr-Ti-Hf-Ir-Nb-Pd-Hg-Th-Np-Lu-Rh-Pu_2_6_8,phimage_Cu-Mn-Ni-Mo-Fe-Pt-Zn-Ca-Er-Au-Cd-Co-Gd-Na-Sm-Eu-Tb-V-Ag-Nd-U-Ba-Ce-K-Ga-Cr-Al-Li-Sc-Ru-In-Mg-Zr-Dy-W-Yb-Y-Ho-Re-Be-Rb-La-Sn-Cs-Pb-Pr-Bi-Tm-Sr-Ti-Hf-Ir-Nb-Pd-Hg-Th-Np-Lu-Rh-Pu_2_6_9,phimage_Cu-Mn-Ni-Mo-Fe-Pt-Zn-Ca-Er-Au-Cd-Co-Gd-Na-Sm-Eu-Tb-V-Ag-Nd-U-Ba-Ce-K-Ga-Cr-Al-Li-Sc-Ru-In-Mg-Zr-Dy-W-Yb-Y-Ho-Re-Be-Rb-La-Sn-Cs-Pb-Pr-Bi-Tm-Sr-Ti-Hf-Ir-Nb-Pd-Hg-Th-Np-Lu-Rh-Pu_2_6_10,phimage_Cu-Mn-Ni-Mo-Fe-Pt-Zn-Ca-Er-Au-Cd-Co-Gd-Na-Sm-Eu-Tb-V-Ag-Nd-U-Ba-Ce-K-Ga-Cr-Al-Li-Sc-Ru-In-Mg-Zr-Dy-W-Yb-Y-Ho-Re-Be-Rb-La-Sn-Cs-Pb-Pr-Bi-Tm-Sr-Ti-Hf-Ir-Nb-Pd-Hg-Th-Np-Lu-Rh-Pu_2_6_11,phimage_Cu-Mn-Ni-Mo-Fe-Pt-Zn-Ca-Er-Au-Cd-Co-Gd-Na-Sm-Eu-Tb-V-Ag-Nd-U-Ba-Ce-K-Ga-Cr-Al-Li-Sc-Ru-In-Mg-Zr-Dy-W-Yb-Y-Ho-Re-Be-Rb-La-Sn-Cs-Pb-Pr-Bi-Tm-Sr-Ti-Hf-Ir-Nb-Pd-Hg-Th-Np-Lu-Rh-Pu_2_6_12,phimage_Cu-Mn-Ni-Mo-Fe-Pt-Zn-Ca-Er-Au-Cd-Co-Gd-Na-Sm-Eu-Tb-V-Ag-Nd-U-Ba-Ce-K-Ga-Cr-Al-Li-Sc-Ru-In-Mg-Zr-Dy-W-Yb-Y-Ho-Re-Be-Rb-La-Sn-Cs-Pb-Pr-Bi-Tm-Sr-Ti-Hf-Ir-Nb-Pd-Hg-Th-Np-Lu-Rh-Pu_2_6_13,phimage_Cu-Mn-Ni-Mo-Fe-Pt-Zn-Ca-Er-Au-Cd-Co-Gd-Na-Sm-Eu-Tb-V-Ag-Nd-U-Ba-Ce-K-Ga-Cr-Al-Li-Sc-Ru-In-Mg-Zr-Dy-W-Yb-Y-Ho-Re-Be-Rb-La-Sn-Cs-Pb-Pr-Bi-Tm-Sr-Ti-Hf-Ir-Nb-Pd-Hg-Th-Np-Lu-Rh-Pu_2_6_14,phimage_Cu-Mn-Ni-Mo-Fe-Pt-Zn-Ca-Er-Au-Cd-Co-Gd-Na-Sm-Eu-Tb-V-Ag-Nd-U-Ba-Ce-K-Ga-Cr-Al-Li-Sc-Ru-In-Mg-Zr-Dy-W-Yb-Y-Ho-Re-Be-Rb-La-Sn-Cs-Pb-Pr-Bi-Tm-Sr-Ti-Hf-Ir-Nb-Pd-Hg-Th-Np-Lu-Rh-Pu_2_6_15,phimage_Cu-Mn-Ni-Mo-Fe-Pt-Zn-Ca-Er-Au-Cd-Co-Gd-Na-Sm-Eu-Tb-V-Ag-Nd-U-Ba-Ce-K-Ga-Cr-Al-Li-Sc-Ru-In-Mg-Zr-Dy-W-Yb-Y-Ho-Re-Be-Rb-La-Sn-Cs-Pb-Pr-Bi-Tm-Sr-Ti-Hf-Ir-Nb-Pd-Hg-Th-Np-Lu-Rh-Pu_2_6_16,phimage_Cu-Mn-Ni-Mo-Fe-Pt-Zn-Ca-Er-Au-Cd-Co-Gd-Na-Sm-Eu-Tb-V-Ag-Nd-U-Ba-Ce-K-Ga-Cr-Al-Li-Sc-Ru-In-Mg-Zr-Dy-W-Yb-Y-Ho-Re-Be-Rb-La-Sn-Cs-Pb-Pr-Bi-Tm-Sr-Ti-Hf-Ir-Nb-Pd-Hg-Th-Np-Lu-Rh-Pu_2_6_17,phimage_Cu-Mn-Ni-Mo-Fe-Pt-Zn-Ca-Er-Au-Cd-Co-Gd-Na-Sm-Eu-Tb-V-Ag-Nd-U-Ba-Ce-K-Ga-Cr-Al-Li-Sc-Ru-In-Mg-Zr-Dy-W-Yb-Y-Ho-Re-Be-Rb-La-Sn-Cs-Pb-Pr-Bi-Tm-Sr-Ti-Hf-Ir-Nb-Pd-Hg-Th-Np-Lu-Rh-Pu_2_6_18,phimage_Cu-Mn-Ni-Mo-Fe-Pt-Zn-Ca-Er-Au-Cd-Co-Gd-Na-Sm-Eu-Tb-V-Ag-Nd-U-Ba-Ce-K-Ga-Cr-Al-Li-Sc-Ru-In-Mg-Zr-Dy-W-Yb-Y-Ho-Re-Be-Rb-La-Sn-Cs-Pb-Pr-Bi-Tm-Sr-Ti-Hf-Ir-Nb-Pd-Hg-Th-Np-Lu-Rh-Pu_2_6_19,phimage_Cu-Mn-Ni-Mo-Fe-Pt-Zn-Ca-Er-Au-Cd-Co-Gd-Na-Sm-Eu-Tb-V-Ag-Nd-U-Ba-Ce-K-Ga-Cr-Al-Li-Sc-Ru-In-Mg-Zr-Dy-W-Yb-Y-Ho-Re-Be-Rb-La-Sn-Cs-Pb-Pr-Bi-Tm-Sr-Ti-Hf-Ir-Nb-Pd-Hg-Th-Np-Lu-Rh-Pu_2_7_0,phimage_Cu-Mn-Ni-Mo-Fe-Pt-Zn-Ca-Er-Au-Cd-Co-Gd-Na-Sm-Eu-Tb-V-Ag-Nd-U-Ba-Ce-K-Ga-Cr-Al-Li-Sc-Ru-In-Mg-Zr-Dy-W-Yb-Y-Ho-Re-Be-Rb-La-Sn-Cs-Pb-Pr-Bi-Tm-Sr-Ti-Hf-Ir-Nb-Pd-Hg-Th-Np-Lu-Rh-Pu_2_7_1,phimage_Cu-Mn-Ni-Mo-Fe-Pt-Zn-Ca-Er-Au-Cd-Co-Gd-Na-Sm-Eu-Tb-V-Ag-Nd-U-Ba-Ce-K-Ga-Cr-Al-Li-Sc-Ru-In-Mg-Zr-Dy-W-Yb-Y-Ho-Re-Be-Rb-La-Sn-Cs-Pb-Pr-Bi-Tm-Sr-Ti-Hf-Ir-Nb-Pd-Hg-Th-Np-Lu-Rh-Pu_2_7_2,phimage_Cu-Mn-Ni-Mo-Fe-Pt-Zn-Ca-Er-Au-Cd-Co-Gd-Na-Sm-Eu-Tb-V-Ag-Nd-U-Ba-Ce-K-Ga-Cr-Al-Li-Sc-Ru-In-Mg-Zr-Dy-W-Yb-Y-Ho-Re-Be-Rb-La-Sn-Cs-Pb-Pr-Bi-Tm-Sr-Ti-Hf-Ir-Nb-Pd-Hg-Th-Np-Lu-Rh-Pu_2_7_3,phimage_Cu-Mn-Ni-Mo-Fe-Pt-Zn-Ca-Er-Au-Cd-Co-Gd-Na-Sm-Eu-Tb-V-Ag-Nd-U-Ba-Ce-K-Ga-Cr-Al-Li-Sc-Ru-In-Mg-Zr-Dy-W-Yb-Y-Ho-Re-Be-Rb-La-Sn-Cs-Pb-Pr-Bi-Tm-Sr-Ti-Hf-Ir-Nb-Pd-Hg-Th-Np-Lu-Rh-Pu_2_7_4,phimage_Cu-Mn-Ni-Mo-Fe-Pt-Zn-Ca-Er-Au-Cd-Co-Gd-Na-Sm-Eu-Tb-V-Ag-Nd-U-Ba-Ce-K-Ga-Cr-Al-Li-Sc-Ru-In-Mg-Zr-Dy-W-Yb-Y-Ho-Re-Be-Rb-La-Sn-Cs-Pb-Pr-Bi-Tm-Sr-Ti-Hf-Ir-Nb-Pd-Hg-Th-Np-Lu-Rh-Pu_2_7_5,phimage_Cu-Mn-Ni-Mo-Fe-Pt-Zn-Ca-Er-Au-Cd-Co-Gd-Na-Sm-Eu-Tb-V-Ag-Nd-U-Ba-Ce-K-Ga-Cr-Al-Li-Sc-Ru-In-Mg-Zr-Dy-W-Yb-Y-Ho-Re-Be-Rb-La-Sn-Cs-Pb-Pr-Bi-Tm-Sr-Ti-Hf-Ir-Nb-Pd-Hg-Th-Np-Lu-Rh-Pu_2_7_6,phimage_Cu-Mn-Ni-Mo-Fe-Pt-Zn-Ca-Er-Au-Cd-Co-Gd-Na-Sm-Eu-Tb-V-Ag-Nd-U-Ba-Ce-K-Ga-Cr-Al-Li-Sc-Ru-In-Mg-Zr-Dy-W-Yb-Y-Ho-Re-Be-Rb-La-Sn-Cs-Pb-Pr-Bi-Tm-Sr-Ti-Hf-Ir-Nb-Pd-Hg-Th-Np-Lu-Rh-Pu_2_7_7,phimage_Cu-Mn-Ni-Mo-Fe-Pt-Zn-Ca-Er-Au-Cd-Co-Gd-Na-Sm-Eu-Tb-V-Ag-Nd-U-Ba-Ce-K-Ga-Cr-Al-Li-Sc-Ru-In-Mg-Zr-Dy-W-Yb-Y-Ho-Re-Be-Rb-La-Sn-Cs-Pb-Pr-Bi-Tm-Sr-Ti-Hf-Ir-Nb-Pd-Hg-Th-Np-Lu-Rh-Pu_2_7_8,phimage_Cu-Mn-Ni-Mo-Fe-Pt-Zn-Ca-Er-Au-Cd-Co-Gd-Na-Sm-Eu-Tb-V-Ag-Nd-U-Ba-Ce-K-Ga-Cr-Al-Li-Sc-Ru-In-Mg-Zr-Dy-W-Yb-Y-Ho-Re-Be-Rb-La-Sn-Cs-Pb-Pr-Bi-Tm-Sr-Ti-Hf-Ir-Nb-Pd-Hg-Th-Np-Lu-Rh-Pu_2_7_9,phimage_Cu-Mn-Ni-Mo-Fe-Pt-Zn-Ca-Er-Au-Cd-Co-Gd-Na-Sm-Eu-Tb-V-Ag-Nd-U-Ba-Ce-K-Ga-Cr-Al-Li-Sc-Ru-In-Mg-Zr-Dy-W-Yb-Y-Ho-Re-Be-Rb-La-Sn-Cs-Pb-Pr-Bi-Tm-Sr-Ti-Hf-Ir-Nb-Pd-Hg-Th-Np-Lu-Rh-Pu_2_7_10,phimage_Cu-Mn-Ni-Mo-Fe-Pt-Zn-Ca-Er-Au-Cd-Co-Gd-Na-Sm-Eu-Tb-V-Ag-Nd-U-Ba-Ce-K-Ga-Cr-Al-Li-Sc-Ru-In-Mg-Zr-Dy-W-Yb-Y-Ho-Re-Be-Rb-La-Sn-Cs-Pb-Pr-Bi-Tm-Sr-Ti-Hf-Ir-Nb-Pd-Hg-Th-Np-Lu-Rh-Pu_2_7_11,phimage_Cu-Mn-Ni-Mo-Fe-Pt-Zn-Ca-Er-Au-Cd-Co-Gd-Na-Sm-Eu-Tb-V-Ag-Nd-U-Ba-Ce-K-Ga-Cr-Al-Li-Sc-Ru-In-Mg-Zr-Dy-W-Yb-Y-Ho-Re-Be-Rb-La-Sn-Cs-Pb-Pr-Bi-Tm-Sr-Ti-Hf-Ir-Nb-Pd-Hg-Th-Np-Lu-Rh-Pu_2_7_12,phimage_Cu-Mn-Ni-Mo-Fe-Pt-Zn-Ca-Er-Au-Cd-Co-Gd-Na-Sm-Eu-Tb-V-Ag-Nd-U-Ba-Ce-K-Ga-Cr-Al-Li-Sc-Ru-In-Mg-Zr-Dy-W-Yb-Y-Ho-Re-Be-Rb-La-Sn-Cs-Pb-Pr-Bi-Tm-Sr-Ti-Hf-Ir-Nb-Pd-Hg-Th-Np-Lu-Rh-Pu_2_7_13,phimage_Cu-Mn-Ni-Mo-Fe-Pt-Zn-Ca-Er-Au-Cd-Co-Gd-Na-Sm-Eu-Tb-V-Ag-Nd-U-Ba-Ce-K-Ga-Cr-Al-Li-Sc-Ru-In-Mg-Zr-Dy-W-Yb-Y-Ho-Re-Be-Rb-La-Sn-Cs-Pb-Pr-Bi-Tm-Sr-Ti-Hf-Ir-Nb-Pd-Hg-Th-Np-Lu-Rh-Pu_2_7_14,phimage_Cu-Mn-Ni-Mo-Fe-Pt-Zn-Ca-Er-Au-Cd-Co-Gd-Na-Sm-Eu-Tb-V-Ag-Nd-U-Ba-Ce-K-Ga-Cr-Al-Li-Sc-Ru-In-Mg-Zr-Dy-W-Yb-Y-Ho-Re-Be-Rb-La-Sn-Cs-Pb-Pr-Bi-Tm-Sr-Ti-Hf-Ir-Nb-Pd-Hg-Th-Np-Lu-Rh-Pu_2_7_15,phimage_Cu-Mn-Ni-Mo-Fe-Pt-Zn-Ca-Er-Au-Cd-Co-Gd-Na-Sm-Eu-Tb-V-Ag-Nd-U-Ba-Ce-K-Ga-Cr-Al-Li-Sc-Ru-In-Mg-Zr-Dy-W-Yb-Y-Ho-Re-Be-Rb-La-Sn-Cs-Pb-Pr-Bi-Tm-Sr-Ti-Hf-Ir-Nb-Pd-Hg-Th-Np-Lu-Rh-Pu_2_7_16,phimage_Cu-Mn-Ni-Mo-Fe-Pt-Zn-Ca-Er-Au-Cd-Co-Gd-Na-Sm-Eu-Tb-V-Ag-Nd-U-Ba-Ce-K-Ga-Cr-Al-Li-Sc-Ru-In-Mg-Zr-Dy-W-Yb-Y-Ho-Re-Be-Rb-La-Sn-Cs-Pb-Pr-Bi-Tm-Sr-Ti-Hf-Ir-Nb-Pd-Hg-Th-Np-Lu-Rh-Pu_2_7_17,phimage_Cu-Mn-Ni-Mo-Fe-Pt-Zn-Ca-Er-Au-Cd-Co-Gd-Na-Sm-Eu-Tb-V-Ag-Nd-U-Ba-Ce-K-Ga-Cr-Al-Li-Sc-Ru-In-Mg-Zr-Dy-W-Yb-Y-Ho-Re-Be-Rb-La-Sn-Cs-Pb-Pr-Bi-Tm-Sr-Ti-Hf-Ir-Nb-Pd-Hg-Th-Np-Lu-Rh-Pu_2_7_18,phimage_Cu-Mn-Ni-Mo-Fe-Pt-Zn-Ca-Er-Au-Cd-Co-Gd-Na-Sm-Eu-Tb-V-Ag-Nd-U-Ba-Ce-K-Ga-Cr-Al-Li-Sc-Ru-In-Mg-Zr-Dy-W-Yb-Y-Ho-Re-Be-Rb-La-Sn-Cs-Pb-Pr-Bi-Tm-Sr-Ti-Hf-Ir-Nb-Pd-Hg-Th-Np-Lu-Rh-Pu_2_7_19,phimage_Cu-Mn-Ni-Mo-Fe-Pt-Zn-Ca-Er-Au-Cd-Co-Gd-Na-Sm-Eu-Tb-V-Ag-Nd-U-Ba-Ce-K-Ga-Cr-Al-Li-Sc-Ru-In-Mg-Zr-Dy-W-Yb-Y-Ho-Re-Be-Rb-La-Sn-Cs-Pb-Pr-Bi-Tm-Sr-Ti-Hf-Ir-Nb-Pd-Hg-Th-Np-Lu-Rh-Pu_2_8_0,phimage_Cu-Mn-Ni-Mo-Fe-Pt-Zn-Ca-Er-Au-Cd-Co-Gd-Na-Sm-Eu-Tb-V-Ag-Nd-U-Ba-Ce-K-Ga-Cr-Al-Li-Sc-Ru-In-Mg-Zr-Dy-W-Yb-Y-Ho-Re-Be-Rb-La-Sn-Cs-Pb-Pr-Bi-Tm-Sr-Ti-Hf-Ir-Nb-Pd-Hg-Th-Np-Lu-Rh-Pu_2_8_1,phimage_Cu-Mn-Ni-Mo-Fe-Pt-Zn-Ca-Er-Au-Cd-Co-Gd-Na-Sm-Eu-Tb-V-Ag-Nd-U-Ba-Ce-K-Ga-Cr-Al-Li-Sc-Ru-In-Mg-Zr-Dy-W-Yb-Y-Ho-Re-Be-Rb-La-Sn-Cs-Pb-Pr-Bi-Tm-Sr-Ti-Hf-Ir-Nb-Pd-Hg-Th-Np-Lu-Rh-Pu_2_8_2,phimage_Cu-Mn-Ni-Mo-Fe-Pt-Zn-Ca-Er-Au-Cd-Co-Gd-Na-Sm-Eu-Tb-V-Ag-Nd-U-Ba-Ce-K-Ga-Cr-Al-Li-Sc-Ru-In-Mg-Zr-Dy-W-Yb-Y-Ho-Re-Be-Rb-La-Sn-Cs-Pb-Pr-Bi-Tm-Sr-Ti-Hf-Ir-Nb-Pd-Hg-Th-Np-Lu-Rh-Pu_2_8_3,phimage_Cu-Mn-Ni-Mo-Fe-Pt-Zn-Ca-Er-Au-Cd-Co-Gd-Na-Sm-Eu-Tb-V-Ag-Nd-U-Ba-Ce-K-Ga-Cr-Al-Li-Sc-Ru-In-Mg-Zr-Dy-W-Yb-Y-Ho-Re-Be-Rb-La-Sn-Cs-Pb-Pr-Bi-Tm-Sr-Ti-Hf-Ir-Nb-Pd-Hg-Th-Np-Lu-Rh-Pu_2_8_4,phimage_Cu-Mn-Ni-Mo-Fe-Pt-Zn-Ca-Er-Au-Cd-Co-Gd-Na-Sm-Eu-Tb-V-Ag-Nd-U-Ba-Ce-K-Ga-Cr-Al-Li-Sc-Ru-In-Mg-Zr-Dy-W-Yb-Y-Ho-Re-Be-Rb-La-Sn-Cs-Pb-Pr-Bi-Tm-Sr-Ti-Hf-Ir-Nb-Pd-Hg-Th-Np-Lu-Rh-Pu_2_8_5,phimage_Cu-Mn-Ni-Mo-Fe-Pt-Zn-Ca-Er-Au-Cd-Co-Gd-Na-Sm-Eu-Tb-V-Ag-Nd-U-Ba-Ce-K-Ga-Cr-Al-Li-Sc-Ru-In-Mg-Zr-Dy-W-Yb-Y-Ho-Re-Be-Rb-La-Sn-Cs-Pb-Pr-Bi-Tm-Sr-Ti-Hf-Ir-Nb-Pd-Hg-Th-Np-Lu-Rh-Pu_2_8_6,phimage_Cu-Mn-Ni-Mo-Fe-Pt-Zn-Ca-Er-Au-Cd-Co-Gd-Na-Sm-Eu-Tb-V-Ag-Nd-U-Ba-Ce-K-Ga-Cr-Al-Li-Sc-Ru-In-Mg-Zr-Dy-W-Yb-Y-Ho-Re-Be-Rb-La-Sn-Cs-Pb-Pr-Bi-Tm-Sr-Ti-Hf-Ir-Nb-Pd-Hg-Th-Np-Lu-Rh-Pu_2_8_7,phimage_Cu-Mn-Ni-Mo-Fe-Pt-Zn-Ca-Er-Au-Cd-Co-Gd-Na-Sm-Eu-Tb-V-Ag-Nd-U-Ba-Ce-K-Ga-Cr-Al-Li-Sc-Ru-In-Mg-Zr-Dy-W-Yb-Y-Ho-Re-Be-Rb-La-Sn-Cs-Pb-Pr-Bi-Tm-Sr-Ti-Hf-Ir-Nb-Pd-Hg-Th-Np-Lu-Rh-Pu_2_8_8,phimage_Cu-Mn-Ni-Mo-Fe-Pt-Zn-Ca-Er-Au-Cd-Co-Gd-Na-Sm-Eu-Tb-V-Ag-Nd-U-Ba-Ce-K-Ga-Cr-Al-Li-Sc-Ru-In-Mg-Zr-Dy-W-Yb-Y-Ho-Re-Be-Rb-La-Sn-Cs-Pb-Pr-Bi-Tm-Sr-Ti-Hf-Ir-Nb-Pd-Hg-Th-Np-Lu-Rh-Pu_2_8_9,phimage_Cu-Mn-Ni-Mo-Fe-Pt-Zn-Ca-Er-Au-Cd-Co-Gd-Na-Sm-Eu-Tb-V-Ag-Nd-U-Ba-Ce-K-Ga-Cr-Al-Li-Sc-Ru-In-Mg-Zr-Dy-W-Yb-Y-Ho-Re-Be-Rb-La-Sn-Cs-Pb-Pr-Bi-Tm-Sr-Ti-Hf-Ir-Nb-Pd-Hg-Th-Np-Lu-Rh-Pu_2_8_10,phimage_Cu-Mn-Ni-Mo-Fe-Pt-Zn-Ca-Er-Au-Cd-Co-Gd-Na-Sm-Eu-Tb-V-Ag-Nd-U-Ba-Ce-K-Ga-Cr-Al-Li-Sc-Ru-In-Mg-Zr-Dy-W-Yb-Y-Ho-Re-Be-Rb-La-Sn-Cs-Pb-Pr-Bi-Tm-Sr-Ti-Hf-Ir-Nb-Pd-Hg-Th-Np-Lu-Rh-Pu_2_8_11,phimage_Cu-Mn-Ni-Mo-Fe-Pt-Zn-Ca-Er-Au-Cd-Co-Gd-Na-Sm-Eu-Tb-V-Ag-Nd-U-Ba-Ce-K-Ga-Cr-Al-Li-Sc-Ru-In-Mg-Zr-Dy-W-Yb-Y-Ho-Re-Be-Rb-La-Sn-Cs-Pb-Pr-Bi-Tm-Sr-Ti-Hf-Ir-Nb-Pd-Hg-Th-Np-Lu-Rh-Pu_2_8_12,phimage_Cu-Mn-Ni-Mo-Fe-Pt-Zn-Ca-Er-Au-Cd-Co-Gd-Na-Sm-Eu-Tb-V-Ag-Nd-U-Ba-Ce-K-Ga-Cr-Al-Li-Sc-Ru-In-Mg-Zr-Dy-W-Yb-Y-Ho-Re-Be-Rb-La-Sn-Cs-Pb-Pr-Bi-Tm-Sr-Ti-Hf-Ir-Nb-Pd-Hg-Th-Np-Lu-Rh-Pu_2_8_13,phimage_Cu-Mn-Ni-Mo-Fe-Pt-Zn-Ca-Er-Au-Cd-Co-Gd-Na-Sm-Eu-Tb-V-Ag-Nd-U-Ba-Ce-K-Ga-Cr-Al-Li-Sc-Ru-In-Mg-Zr-Dy-W-Yb-Y-Ho-Re-Be-Rb-La-Sn-Cs-Pb-Pr-Bi-Tm-Sr-Ti-Hf-Ir-Nb-Pd-Hg-Th-Np-Lu-Rh-Pu_2_8_14,phimage_Cu-Mn-Ni-Mo-Fe-Pt-Zn-Ca-Er-Au-Cd-Co-Gd-Na-Sm-Eu-Tb-V-Ag-Nd-U-Ba-Ce-K-Ga-Cr-Al-Li-Sc-Ru-In-Mg-Zr-Dy-W-Yb-Y-Ho-Re-Be-Rb-La-Sn-Cs-Pb-Pr-Bi-Tm-Sr-Ti-Hf-Ir-Nb-Pd-Hg-Th-Np-Lu-Rh-Pu_2_8_15,phimage_Cu-Mn-Ni-Mo-Fe-Pt-Zn-Ca-Er-Au-Cd-Co-Gd-Na-Sm-Eu-Tb-V-Ag-Nd-U-Ba-Ce-K-Ga-Cr-Al-Li-Sc-Ru-In-Mg-Zr-Dy-W-Yb-Y-Ho-Re-Be-Rb-La-Sn-Cs-Pb-Pr-Bi-Tm-Sr-Ti-Hf-Ir-Nb-Pd-Hg-Th-Np-Lu-Rh-Pu_2_8_16,phimage_Cu-Mn-Ni-Mo-Fe-Pt-Zn-Ca-Er-Au-Cd-Co-Gd-Na-Sm-Eu-Tb-V-Ag-Nd-U-Ba-Ce-K-Ga-Cr-Al-Li-Sc-Ru-In-Mg-Zr-Dy-W-Yb-Y-Ho-Re-Be-Rb-La-Sn-Cs-Pb-Pr-Bi-Tm-Sr-Ti-Hf-Ir-Nb-Pd-Hg-Th-Np-Lu-Rh-Pu_2_8_17,phimage_Cu-Mn-Ni-Mo-Fe-Pt-Zn-Ca-Er-Au-Cd-Co-Gd-Na-Sm-Eu-Tb-V-Ag-Nd-U-Ba-Ce-K-Ga-Cr-Al-Li-Sc-Ru-In-Mg-Zr-Dy-W-Yb-Y-Ho-Re-Be-Rb-La-Sn-Cs-Pb-Pr-Bi-Tm-Sr-Ti-Hf-Ir-Nb-Pd-Hg-Th-Np-Lu-Rh-Pu_2_8_18,phimage_Cu-Mn-Ni-Mo-Fe-Pt-Zn-Ca-Er-Au-Cd-Co-Gd-Na-Sm-Eu-Tb-V-Ag-Nd-U-Ba-Ce-K-Ga-Cr-Al-Li-Sc-Ru-In-Mg-Zr-Dy-W-Yb-Y-Ho-Re-Be-Rb-La-Sn-Cs-Pb-Pr-Bi-Tm-Sr-Ti-Hf-Ir-Nb-Pd-Hg-Th-Np-Lu-Rh-Pu_2_8_19,phimage_Cu-Mn-Ni-Mo-Fe-Pt-Zn-Ca-Er-Au-Cd-Co-Gd-Na-Sm-Eu-Tb-V-Ag-Nd-U-Ba-Ce-K-Ga-Cr-Al-Li-Sc-Ru-In-Mg-Zr-Dy-W-Yb-Y-Ho-Re-Be-Rb-La-Sn-Cs-Pb-Pr-Bi-Tm-Sr-Ti-Hf-Ir-Nb-Pd-Hg-Th-Np-Lu-Rh-Pu_2_9_0,phimage_Cu-Mn-Ni-Mo-Fe-Pt-Zn-Ca-Er-Au-Cd-Co-Gd-Na-Sm-Eu-Tb-V-Ag-Nd-U-Ba-Ce-K-Ga-Cr-Al-Li-Sc-Ru-In-Mg-Zr-Dy-W-Yb-Y-Ho-Re-Be-Rb-La-Sn-Cs-Pb-Pr-Bi-Tm-Sr-Ti-Hf-Ir-Nb-Pd-Hg-Th-Np-Lu-Rh-Pu_2_9_1,phimage_Cu-Mn-Ni-Mo-Fe-Pt-Zn-Ca-Er-Au-Cd-Co-Gd-Na-Sm-Eu-Tb-V-Ag-Nd-U-Ba-Ce-K-Ga-Cr-Al-Li-Sc-Ru-In-Mg-Zr-Dy-W-Yb-Y-Ho-Re-Be-Rb-La-Sn-Cs-Pb-Pr-Bi-Tm-Sr-Ti-Hf-Ir-Nb-Pd-Hg-Th-Np-Lu-Rh-Pu_2_9_2,phimage_Cu-Mn-Ni-Mo-Fe-Pt-Zn-Ca-Er-Au-Cd-Co-Gd-Na-Sm-Eu-Tb-V-Ag-Nd-U-Ba-Ce-K-Ga-Cr-Al-Li-Sc-Ru-In-Mg-Zr-Dy-W-Yb-Y-Ho-Re-Be-Rb-La-Sn-Cs-Pb-Pr-Bi-Tm-Sr-Ti-Hf-Ir-Nb-Pd-Hg-Th-Np-Lu-Rh-Pu_2_9_3,phimage_Cu-Mn-Ni-Mo-Fe-Pt-Zn-Ca-Er-Au-Cd-Co-Gd-Na-Sm-Eu-Tb-V-Ag-Nd-U-Ba-Ce-K-Ga-Cr-Al-Li-Sc-Ru-In-Mg-Zr-Dy-W-Yb-Y-Ho-Re-Be-Rb-La-Sn-Cs-Pb-Pr-Bi-Tm-Sr-Ti-Hf-Ir-Nb-Pd-Hg-Th-Np-Lu-Rh-Pu_2_9_4,phimage_Cu-Mn-Ni-Mo-Fe-Pt-Zn-Ca-Er-Au-Cd-Co-Gd-Na-Sm-Eu-Tb-V-Ag-Nd-U-Ba-Ce-K-Ga-Cr-Al-Li-Sc-Ru-In-Mg-Zr-Dy-W-Yb-Y-Ho-Re-Be-Rb-La-Sn-Cs-Pb-Pr-Bi-Tm-Sr-Ti-Hf-Ir-Nb-Pd-Hg-Th-Np-Lu-Rh-Pu_2_9_5,phimage_Cu-Mn-Ni-Mo-Fe-Pt-Zn-Ca-Er-Au-Cd-Co-Gd-Na-Sm-Eu-Tb-V-Ag-Nd-U-Ba-Ce-K-Ga-Cr-Al-Li-Sc-Ru-In-Mg-Zr-Dy-W-Yb-Y-Ho-Re-Be-Rb-La-Sn-Cs-Pb-Pr-Bi-Tm-Sr-Ti-Hf-Ir-Nb-Pd-Hg-Th-Np-Lu-Rh-Pu_2_9_6,phimage_Cu-Mn-Ni-Mo-Fe-Pt-Zn-Ca-Er-Au-Cd-Co-Gd-Na-Sm-Eu-Tb-V-Ag-Nd-U-Ba-Ce-K-Ga-Cr-Al-Li-Sc-Ru-In-Mg-Zr-Dy-W-Yb-Y-Ho-Re-Be-Rb-La-Sn-Cs-Pb-Pr-Bi-Tm-Sr-Ti-Hf-Ir-Nb-Pd-Hg-Th-Np-Lu-Rh-Pu_2_9_7,phimage_Cu-Mn-Ni-Mo-Fe-Pt-Zn-Ca-Er-Au-Cd-Co-Gd-Na-Sm-Eu-Tb-V-Ag-Nd-U-Ba-Ce-K-Ga-Cr-Al-Li-Sc-Ru-In-Mg-Zr-Dy-W-Yb-Y-Ho-Re-Be-Rb-La-Sn-Cs-Pb-Pr-Bi-Tm-Sr-Ti-Hf-Ir-Nb-Pd-Hg-Th-Np-Lu-Rh-Pu_2_9_8,phimage_Cu-Mn-Ni-Mo-Fe-Pt-Zn-Ca-Er-Au-Cd-Co-Gd-Na-Sm-Eu-Tb-V-Ag-Nd-U-Ba-Ce-K-Ga-Cr-Al-Li-Sc-Ru-In-Mg-Zr-Dy-W-Yb-Y-Ho-Re-Be-Rb-La-Sn-Cs-Pb-Pr-Bi-Tm-Sr-Ti-Hf-Ir-Nb-Pd-Hg-Th-Np-Lu-Rh-Pu_2_9_9,phimage_Cu-Mn-Ni-Mo-Fe-Pt-Zn-Ca-Er-Au-Cd-Co-Gd-Na-Sm-Eu-Tb-V-Ag-Nd-U-Ba-Ce-K-Ga-Cr-Al-Li-Sc-Ru-In-Mg-Zr-Dy-W-Yb-Y-Ho-Re-Be-Rb-La-Sn-Cs-Pb-Pr-Bi-Tm-Sr-Ti-Hf-Ir-Nb-Pd-Hg-Th-Np-Lu-Rh-Pu_2_9_10,phimage_Cu-Mn-Ni-Mo-Fe-Pt-Zn-Ca-Er-Au-Cd-Co-Gd-Na-Sm-Eu-Tb-V-Ag-Nd-U-Ba-Ce-K-Ga-Cr-Al-Li-Sc-Ru-In-Mg-Zr-Dy-W-Yb-Y-Ho-Re-Be-Rb-La-Sn-Cs-Pb-Pr-Bi-Tm-Sr-Ti-Hf-Ir-Nb-Pd-Hg-Th-Np-Lu-Rh-Pu_2_9_11,phimage_Cu-Mn-Ni-Mo-Fe-Pt-Zn-Ca-Er-Au-Cd-Co-Gd-Na-Sm-Eu-Tb-V-Ag-Nd-U-Ba-Ce-K-Ga-Cr-Al-Li-Sc-Ru-In-Mg-Zr-Dy-W-Yb-Y-Ho-Re-Be-Rb-La-Sn-Cs-Pb-Pr-Bi-Tm-Sr-Ti-Hf-Ir-Nb-Pd-Hg-Th-Np-Lu-Rh-Pu_2_9_12,phimage_Cu-Mn-Ni-Mo-Fe-Pt-Zn-Ca-Er-Au-Cd-Co-Gd-Na-Sm-Eu-Tb-V-Ag-Nd-U-Ba-Ce-K-Ga-Cr-Al-Li-Sc-Ru-In-Mg-Zr-Dy-W-Yb-Y-Ho-Re-Be-Rb-La-Sn-Cs-Pb-Pr-Bi-Tm-Sr-Ti-Hf-Ir-Nb-Pd-Hg-Th-Np-Lu-Rh-Pu_2_9_13,phimage_Cu-Mn-Ni-Mo-Fe-Pt-Zn-Ca-Er-Au-Cd-Co-Gd-Na-Sm-Eu-Tb-V-Ag-Nd-U-Ba-Ce-K-Ga-Cr-Al-Li-Sc-Ru-In-Mg-Zr-Dy-W-Yb-Y-Ho-Re-Be-Rb-La-Sn-Cs-Pb-Pr-Bi-Tm-Sr-Ti-Hf-Ir-Nb-Pd-Hg-Th-Np-Lu-Rh-Pu_2_9_14,phimage_Cu-Mn-Ni-Mo-Fe-Pt-Zn-Ca-Er-Au-Cd-Co-Gd-Na-Sm-Eu-Tb-V-Ag-Nd-U-Ba-Ce-K-Ga-Cr-Al-Li-Sc-Ru-In-Mg-Zr-Dy-W-Yb-Y-Ho-Re-Be-Rb-La-Sn-Cs-Pb-Pr-Bi-Tm-Sr-Ti-Hf-Ir-Nb-Pd-Hg-Th-Np-Lu-Rh-Pu_2_9_15,phimage_Cu-Mn-Ni-Mo-Fe-Pt-Zn-Ca-Er-Au-Cd-Co-Gd-Na-Sm-Eu-Tb-V-Ag-Nd-U-Ba-Ce-K-Ga-Cr-Al-Li-Sc-Ru-In-Mg-Zr-Dy-W-Yb-Y-Ho-Re-Be-Rb-La-Sn-Cs-Pb-Pr-Bi-Tm-Sr-Ti-Hf-Ir-Nb-Pd-Hg-Th-Np-Lu-Rh-Pu_2_9_16,phimage_Cu-Mn-Ni-Mo-Fe-Pt-Zn-Ca-Er-Au-Cd-Co-Gd-Na-Sm-Eu-Tb-V-Ag-Nd-U-Ba-Ce-K-Ga-Cr-Al-Li-Sc-Ru-In-Mg-Zr-Dy-W-Yb-Y-Ho-Re-Be-Rb-La-Sn-Cs-Pb-Pr-Bi-Tm-Sr-Ti-Hf-Ir-Nb-Pd-Hg-Th-Np-Lu-Rh-Pu_2_9_17,phimage_Cu-Mn-Ni-Mo-Fe-Pt-Zn-Ca-Er-Au-Cd-Co-Gd-Na-Sm-Eu-Tb-V-Ag-Nd-U-Ba-Ce-K-Ga-Cr-Al-Li-Sc-Ru-In-Mg-Zr-Dy-W-Yb-Y-Ho-Re-Be-Rb-La-Sn-Cs-Pb-Pr-Bi-Tm-Sr-Ti-Hf-Ir-Nb-Pd-Hg-Th-Np-Lu-Rh-Pu_2_9_18,phimage_Cu-Mn-Ni-Mo-Fe-Pt-Zn-Ca-Er-Au-Cd-Co-Gd-Na-Sm-Eu-Tb-V-Ag-Nd-U-Ba-Ce-K-Ga-Cr-Al-Li-Sc-Ru-In-Mg-Zr-Dy-W-Yb-Y-Ho-Re-Be-Rb-La-Sn-Cs-Pb-Pr-Bi-Tm-Sr-Ti-Hf-Ir-Nb-Pd-Hg-Th-Np-Lu-Rh-Pu_2_9_19,phimage_Cu-Mn-Ni-Mo-Fe-Pt-Zn-Ca-Er-Au-Cd-Co-Gd-Na-Sm-Eu-Tb-V-Ag-Nd-U-Ba-Ce-K-Ga-Cr-Al-Li-Sc-Ru-In-Mg-Zr-Dy-W-Yb-Y-Ho-Re-Be-Rb-La-Sn-Cs-Pb-Pr-Bi-Tm-Sr-Ti-Hf-Ir-Nb-Pd-Hg-Th-Np-Lu-Rh-Pu_2_10_0,phimage_Cu-Mn-Ni-Mo-Fe-Pt-Zn-Ca-Er-Au-Cd-Co-Gd-Na-Sm-Eu-Tb-V-Ag-Nd-U-Ba-Ce-K-Ga-Cr-Al-Li-Sc-Ru-In-Mg-Zr-Dy-W-Yb-Y-Ho-Re-Be-Rb-La-Sn-Cs-Pb-Pr-Bi-Tm-Sr-Ti-Hf-Ir-Nb-Pd-Hg-Th-Np-Lu-Rh-Pu_2_10_1,phimage_Cu-Mn-Ni-Mo-Fe-Pt-Zn-Ca-Er-Au-Cd-Co-Gd-Na-Sm-Eu-Tb-V-Ag-Nd-U-Ba-Ce-K-Ga-Cr-Al-Li-Sc-Ru-In-Mg-Zr-Dy-W-Yb-Y-Ho-Re-Be-Rb-La-Sn-Cs-Pb-Pr-Bi-Tm-Sr-Ti-Hf-Ir-Nb-Pd-Hg-Th-Np-Lu-Rh-Pu_2_10_2,phimage_Cu-Mn-Ni-Mo-Fe-Pt-Zn-Ca-Er-Au-Cd-Co-Gd-Na-Sm-Eu-Tb-V-Ag-Nd-U-Ba-Ce-K-Ga-Cr-Al-Li-Sc-Ru-In-Mg-Zr-Dy-W-Yb-Y-Ho-Re-Be-Rb-La-Sn-Cs-Pb-Pr-Bi-Tm-Sr-Ti-Hf-Ir-Nb-Pd-Hg-Th-Np-Lu-Rh-Pu_2_10_3,phimage_Cu-Mn-Ni-Mo-Fe-Pt-Zn-Ca-Er-Au-Cd-Co-Gd-Na-Sm-Eu-Tb-V-Ag-Nd-U-Ba-Ce-K-Ga-Cr-Al-Li-Sc-Ru-In-Mg-Zr-Dy-W-Yb-Y-Ho-Re-Be-Rb-La-Sn-Cs-Pb-Pr-Bi-Tm-Sr-Ti-Hf-Ir-Nb-Pd-Hg-Th-Np-Lu-Rh-Pu_2_10_4,phimage_Cu-Mn-Ni-Mo-Fe-Pt-Zn-Ca-Er-Au-Cd-Co-Gd-Na-Sm-Eu-Tb-V-Ag-Nd-U-Ba-Ce-K-Ga-Cr-Al-Li-Sc-Ru-In-Mg-Zr-Dy-W-Yb-Y-Ho-Re-Be-Rb-La-Sn-Cs-Pb-Pr-Bi-Tm-Sr-Ti-Hf-Ir-Nb-Pd-Hg-Th-Np-Lu-Rh-Pu_2_10_5,phimage_Cu-Mn-Ni-Mo-Fe-Pt-Zn-Ca-Er-Au-Cd-Co-Gd-Na-Sm-Eu-Tb-V-Ag-Nd-U-Ba-Ce-K-Ga-Cr-Al-Li-Sc-Ru-In-Mg-Zr-Dy-W-Yb-Y-Ho-Re-Be-Rb-La-Sn-Cs-Pb-Pr-Bi-Tm-Sr-Ti-Hf-Ir-Nb-Pd-Hg-Th-Np-Lu-Rh-Pu_2_10_6,phimage_Cu-Mn-Ni-Mo-Fe-Pt-Zn-Ca-Er-Au-Cd-Co-Gd-Na-Sm-Eu-Tb-V-Ag-Nd-U-Ba-Ce-K-Ga-Cr-Al-Li-Sc-Ru-In-Mg-Zr-Dy-W-Yb-Y-Ho-Re-Be-Rb-La-Sn-Cs-Pb-Pr-Bi-Tm-Sr-Ti-Hf-Ir-Nb-Pd-Hg-Th-Np-Lu-Rh-Pu_2_10_7,phimage_Cu-Mn-Ni-Mo-Fe-Pt-Zn-Ca-Er-Au-Cd-Co-Gd-Na-Sm-Eu-Tb-V-Ag-Nd-U-Ba-Ce-K-Ga-Cr-Al-Li-Sc-Ru-In-Mg-Zr-Dy-W-Yb-Y-Ho-Re-Be-Rb-La-Sn-Cs-Pb-Pr-Bi-Tm-Sr-Ti-Hf-Ir-Nb-Pd-Hg-Th-Np-Lu-Rh-Pu_2_10_8,phimage_Cu-Mn-Ni-Mo-Fe-Pt-Zn-Ca-Er-Au-Cd-Co-Gd-Na-Sm-Eu-Tb-V-Ag-Nd-U-Ba-Ce-K-Ga-Cr-Al-Li-Sc-Ru-In-Mg-Zr-Dy-W-Yb-Y-Ho-Re-Be-Rb-La-Sn-Cs-Pb-Pr-Bi-Tm-Sr-Ti-Hf-Ir-Nb-Pd-Hg-Th-Np-Lu-Rh-Pu_2_10_9,phimage_Cu-Mn-Ni-Mo-Fe-Pt-Zn-Ca-Er-Au-Cd-Co-Gd-Na-Sm-Eu-Tb-V-Ag-Nd-U-Ba-Ce-K-Ga-Cr-Al-Li-Sc-Ru-In-Mg-Zr-Dy-W-Yb-Y-Ho-Re-Be-Rb-La-Sn-Cs-Pb-Pr-Bi-Tm-Sr-Ti-Hf-Ir-Nb-Pd-Hg-Th-Np-Lu-Rh-Pu_2_10_10,phimage_Cu-Mn-Ni-Mo-Fe-Pt-Zn-Ca-Er-Au-Cd-Co-Gd-Na-Sm-Eu-Tb-V-Ag-Nd-U-Ba-Ce-K-Ga-Cr-Al-Li-Sc-Ru-In-Mg-Zr-Dy-W-Yb-Y-Ho-Re-Be-Rb-La-Sn-Cs-Pb-Pr-Bi-Tm-Sr-Ti-Hf-Ir-Nb-Pd-Hg-Th-Np-Lu-Rh-Pu_2_10_11,phimage_Cu-Mn-Ni-Mo-Fe-Pt-Zn-Ca-Er-Au-Cd-Co-Gd-Na-Sm-Eu-Tb-V-Ag-Nd-U-Ba-Ce-K-Ga-Cr-Al-Li-Sc-Ru-In-Mg-Zr-Dy-W-Yb-Y-Ho-Re-Be-Rb-La-Sn-Cs-Pb-Pr-Bi-Tm-Sr-Ti-Hf-Ir-Nb-Pd-Hg-Th-Np-Lu-Rh-Pu_2_10_12,phimage_Cu-Mn-Ni-Mo-Fe-Pt-Zn-Ca-Er-Au-Cd-Co-Gd-Na-Sm-Eu-Tb-V-Ag-Nd-U-Ba-Ce-K-Ga-Cr-Al-Li-Sc-Ru-In-Mg-Zr-Dy-W-Yb-Y-Ho-Re-Be-Rb-La-Sn-Cs-Pb-Pr-Bi-Tm-Sr-Ti-Hf-Ir-Nb-Pd-Hg-Th-Np-Lu-Rh-Pu_2_10_13,phimage_Cu-Mn-Ni-Mo-Fe-Pt-Zn-Ca-Er-Au-Cd-Co-Gd-Na-Sm-Eu-Tb-V-Ag-Nd-U-Ba-Ce-K-Ga-Cr-Al-Li-Sc-Ru-In-Mg-Zr-Dy-W-Yb-Y-Ho-Re-Be-Rb-La-Sn-Cs-Pb-Pr-Bi-Tm-Sr-Ti-Hf-Ir-Nb-Pd-Hg-Th-Np-Lu-Rh-Pu_2_10_14,phimage_Cu-Mn-Ni-Mo-Fe-Pt-Zn-Ca-Er-Au-Cd-Co-Gd-Na-Sm-Eu-Tb-V-Ag-Nd-U-Ba-Ce-K-Ga-Cr-Al-Li-Sc-Ru-In-Mg-Zr-Dy-W-Yb-Y-Ho-Re-Be-Rb-La-Sn-Cs-Pb-Pr-Bi-Tm-Sr-Ti-Hf-Ir-Nb-Pd-Hg-Th-Np-Lu-Rh-Pu_2_10_15,phimage_Cu-Mn-Ni-Mo-Fe-Pt-Zn-Ca-Er-Au-Cd-Co-Gd-Na-Sm-Eu-Tb-V-Ag-Nd-U-Ba-Ce-K-Ga-Cr-Al-Li-Sc-Ru-In-Mg-Zr-Dy-W-Yb-Y-Ho-Re-Be-Rb-La-Sn-Cs-Pb-Pr-Bi-Tm-Sr-Ti-Hf-Ir-Nb-Pd-Hg-Th-Np-Lu-Rh-Pu_2_10_16,phimage_Cu-Mn-Ni-Mo-Fe-Pt-Zn-Ca-Er-Au-Cd-Co-Gd-Na-Sm-Eu-Tb-V-Ag-Nd-U-Ba-Ce-K-Ga-Cr-Al-Li-Sc-Ru-In-Mg-Zr-Dy-W-Yb-Y-Ho-Re-Be-Rb-La-Sn-Cs-Pb-Pr-Bi-Tm-Sr-Ti-Hf-Ir-Nb-Pd-Hg-Th-Np-Lu-Rh-Pu_2_10_17,phimage_Cu-Mn-Ni-Mo-Fe-Pt-Zn-Ca-Er-Au-Cd-Co-Gd-Na-Sm-Eu-Tb-V-Ag-Nd-U-Ba-Ce-K-Ga-Cr-Al-Li-Sc-Ru-In-Mg-Zr-Dy-W-Yb-Y-Ho-Re-Be-Rb-La-Sn-Cs-Pb-Pr-Bi-Tm-Sr-Ti-Hf-Ir-Nb-Pd-Hg-Th-Np-Lu-Rh-Pu_2_10_18,phimage_Cu-Mn-Ni-Mo-Fe-Pt-Zn-Ca-Er-Au-Cd-Co-Gd-Na-Sm-Eu-Tb-V-Ag-Nd-U-Ba-Ce-K-Ga-Cr-Al-Li-Sc-Ru-In-Mg-Zr-Dy-W-Yb-Y-Ho-Re-Be-Rb-La-Sn-Cs-Pb-Pr-Bi-Tm-Sr-Ti-Hf-Ir-Nb-Pd-Hg-Th-Np-Lu-Rh-Pu_2_10_19,phimage_Cu-Mn-Ni-Mo-Fe-Pt-Zn-Ca-Er-Au-Cd-Co-Gd-Na-Sm-Eu-Tb-V-Ag-Nd-U-Ba-Ce-K-Ga-Cr-Al-Li-Sc-Ru-In-Mg-Zr-Dy-W-Yb-Y-Ho-Re-Be-Rb-La-Sn-Cs-Pb-Pr-Bi-Tm-Sr-Ti-Hf-Ir-Nb-Pd-Hg-Th-Np-Lu-Rh-Pu_2_11_0,phimage_Cu-Mn-Ni-Mo-Fe-Pt-Zn-Ca-Er-Au-Cd-Co-Gd-Na-Sm-Eu-Tb-V-Ag-Nd-U-Ba-Ce-K-Ga-Cr-Al-Li-Sc-Ru-In-Mg-Zr-Dy-W-Yb-Y-Ho-Re-Be-Rb-La-Sn-Cs-Pb-Pr-Bi-Tm-Sr-Ti-Hf-Ir-Nb-Pd-Hg-Th-Np-Lu-Rh-Pu_2_11_1,phimage_Cu-Mn-Ni-Mo-Fe-Pt-Zn-Ca-Er-Au-Cd-Co-Gd-Na-Sm-Eu-Tb-V-Ag-Nd-U-Ba-Ce-K-Ga-Cr-Al-Li-Sc-Ru-In-Mg-Zr-Dy-W-Yb-Y-Ho-Re-Be-Rb-La-Sn-Cs-Pb-Pr-Bi-Tm-Sr-Ti-Hf-Ir-Nb-Pd-Hg-Th-Np-Lu-Rh-Pu_2_11_2,phimage_Cu-Mn-Ni-Mo-Fe-Pt-Zn-Ca-Er-Au-Cd-Co-Gd-Na-Sm-Eu-Tb-V-Ag-Nd-U-Ba-Ce-K-Ga-Cr-Al-Li-Sc-Ru-In-Mg-Zr-Dy-W-Yb-Y-Ho-Re-Be-Rb-La-Sn-Cs-Pb-Pr-Bi-Tm-Sr-Ti-Hf-Ir-Nb-Pd-Hg-Th-Np-Lu-Rh-Pu_2_11_3,phimage_Cu-Mn-Ni-Mo-Fe-Pt-Zn-Ca-Er-Au-Cd-Co-Gd-Na-Sm-Eu-Tb-V-Ag-Nd-U-Ba-Ce-K-Ga-Cr-Al-Li-Sc-Ru-In-Mg-Zr-Dy-W-Yb-Y-Ho-Re-Be-Rb-La-Sn-Cs-Pb-Pr-Bi-Tm-Sr-Ti-Hf-Ir-Nb-Pd-Hg-Th-Np-Lu-Rh-Pu_2_11_4,phimage_Cu-Mn-Ni-Mo-Fe-Pt-Zn-Ca-Er-Au-Cd-Co-Gd-Na-Sm-Eu-Tb-V-Ag-Nd-U-Ba-Ce-K-Ga-Cr-Al-Li-Sc-Ru-In-Mg-Zr-Dy-W-Yb-Y-Ho-Re-Be-Rb-La-Sn-Cs-Pb-Pr-Bi-Tm-Sr-Ti-Hf-Ir-Nb-Pd-Hg-Th-Np-Lu-Rh-Pu_2_11_5,phimage_Cu-Mn-Ni-Mo-Fe-Pt-Zn-Ca-Er-Au-Cd-Co-Gd-Na-Sm-Eu-Tb-V-Ag-Nd-U-Ba-Ce-K-Ga-Cr-Al-Li-Sc-Ru-In-Mg-Zr-Dy-W-Yb-Y-Ho-Re-Be-Rb-La-Sn-Cs-Pb-Pr-Bi-Tm-Sr-Ti-Hf-Ir-Nb-Pd-Hg-Th-Np-Lu-Rh-Pu_2_11_6,phimage_Cu-Mn-Ni-Mo-Fe-Pt-Zn-Ca-Er-Au-Cd-Co-Gd-Na-Sm-Eu-Tb-V-Ag-Nd-U-Ba-Ce-K-Ga-Cr-Al-Li-Sc-Ru-In-Mg-Zr-Dy-W-Yb-Y-Ho-Re-Be-Rb-La-Sn-Cs-Pb-Pr-Bi-Tm-Sr-Ti-Hf-Ir-Nb-Pd-Hg-Th-Np-Lu-Rh-Pu_2_11_7,phimage_Cu-Mn-Ni-Mo-Fe-Pt-Zn-Ca-Er-Au-Cd-Co-Gd-Na-Sm-Eu-Tb-V-Ag-Nd-U-Ba-Ce-K-Ga-Cr-Al-Li-Sc-Ru-In-Mg-Zr-Dy-W-Yb-Y-Ho-Re-Be-Rb-La-Sn-Cs-Pb-Pr-Bi-Tm-Sr-Ti-Hf-Ir-Nb-Pd-Hg-Th-Np-Lu-Rh-Pu_2_11_8,phimage_Cu-Mn-Ni-Mo-Fe-Pt-Zn-Ca-Er-Au-Cd-Co-Gd-Na-Sm-Eu-Tb-V-Ag-Nd-U-Ba-Ce-K-Ga-Cr-Al-Li-Sc-Ru-In-Mg-Zr-Dy-W-Yb-Y-Ho-Re-Be-Rb-La-Sn-Cs-Pb-Pr-Bi-Tm-Sr-Ti-Hf-Ir-Nb-Pd-Hg-Th-Np-Lu-Rh-Pu_2_11_9,phimage_Cu-Mn-Ni-Mo-Fe-Pt-Zn-Ca-Er-Au-Cd-Co-Gd-Na-Sm-Eu-Tb-V-Ag-Nd-U-Ba-Ce-K-Ga-Cr-Al-Li-Sc-Ru-In-Mg-Zr-Dy-W-Yb-Y-Ho-Re-Be-Rb-La-Sn-Cs-Pb-Pr-Bi-Tm-Sr-Ti-Hf-Ir-Nb-Pd-Hg-Th-Np-Lu-Rh-Pu_2_11_10,phimage_Cu-Mn-Ni-Mo-Fe-Pt-Zn-Ca-Er-Au-Cd-Co-Gd-Na-Sm-Eu-Tb-V-Ag-Nd-U-Ba-Ce-K-Ga-Cr-Al-Li-Sc-Ru-In-Mg-Zr-Dy-W-Yb-Y-Ho-Re-Be-Rb-La-Sn-Cs-Pb-Pr-Bi-Tm-Sr-Ti-Hf-Ir-Nb-Pd-Hg-Th-Np-Lu-Rh-Pu_2_11_11,phimage_Cu-Mn-Ni-Mo-Fe-Pt-Zn-Ca-Er-Au-Cd-Co-Gd-Na-Sm-Eu-Tb-V-Ag-Nd-U-Ba-Ce-K-Ga-Cr-Al-Li-Sc-Ru-In-Mg-Zr-Dy-W-Yb-Y-Ho-Re-Be-Rb-La-Sn-Cs-Pb-Pr-Bi-Tm-Sr-Ti-Hf-Ir-Nb-Pd-Hg-Th-Np-Lu-Rh-Pu_2_11_12,phimage_Cu-Mn-Ni-Mo-Fe-Pt-Zn-Ca-Er-Au-Cd-Co-Gd-Na-Sm-Eu-Tb-V-Ag-Nd-U-Ba-Ce-K-Ga-Cr-Al-Li-Sc-Ru-In-Mg-Zr-Dy-W-Yb-Y-Ho-Re-Be-Rb-La-Sn-Cs-Pb-Pr-Bi-Tm-Sr-Ti-Hf-Ir-Nb-Pd-Hg-Th-Np-Lu-Rh-Pu_2_11_13,phimage_Cu-Mn-Ni-Mo-Fe-Pt-Zn-Ca-Er-Au-Cd-Co-Gd-Na-Sm-Eu-Tb-V-Ag-Nd-U-Ba-Ce-K-Ga-Cr-Al-Li-Sc-Ru-In-Mg-Zr-Dy-W-Yb-Y-Ho-Re-Be-Rb-La-Sn-Cs-Pb-Pr-Bi-Tm-Sr-Ti-Hf-Ir-Nb-Pd-Hg-Th-Np-Lu-Rh-Pu_2_11_14,phimage_Cu-Mn-Ni-Mo-Fe-Pt-Zn-Ca-Er-Au-Cd-Co-Gd-Na-Sm-Eu-Tb-V-Ag-Nd-U-Ba-Ce-K-Ga-Cr-Al-Li-Sc-Ru-In-Mg-Zr-Dy-W-Yb-Y-Ho-Re-Be-Rb-La-Sn-Cs-Pb-Pr-Bi-Tm-Sr-Ti-Hf-Ir-Nb-Pd-Hg-Th-Np-Lu-Rh-Pu_2_11_15,phimage_Cu-Mn-Ni-Mo-Fe-Pt-Zn-Ca-Er-Au-Cd-Co-Gd-Na-Sm-Eu-Tb-V-Ag-Nd-U-Ba-Ce-K-Ga-Cr-Al-Li-Sc-Ru-In-Mg-Zr-Dy-W-Yb-Y-Ho-Re-Be-Rb-La-Sn-Cs-Pb-Pr-Bi-Tm-Sr-Ti-Hf-Ir-Nb-Pd-Hg-Th-Np-Lu-Rh-Pu_2_11_16,phimage_Cu-Mn-Ni-Mo-Fe-Pt-Zn-Ca-Er-Au-Cd-Co-Gd-Na-Sm-Eu-Tb-V-Ag-Nd-U-Ba-Ce-K-Ga-Cr-Al-Li-Sc-Ru-In-Mg-Zr-Dy-W-Yb-Y-Ho-Re-Be-Rb-La-Sn-Cs-Pb-Pr-Bi-Tm-Sr-Ti-Hf-Ir-Nb-Pd-Hg-Th-Np-Lu-Rh-Pu_2_11_17,phimage_Cu-Mn-Ni-Mo-Fe-Pt-Zn-Ca-Er-Au-Cd-Co-Gd-Na-Sm-Eu-Tb-V-Ag-Nd-U-Ba-Ce-K-Ga-Cr-Al-Li-Sc-Ru-In-Mg-Zr-Dy-W-Yb-Y-Ho-Re-Be-Rb-La-Sn-Cs-Pb-Pr-Bi-Tm-Sr-Ti-Hf-Ir-Nb-Pd-Hg-Th-Np-Lu-Rh-Pu_2_11_18,phimage_Cu-Mn-Ni-Mo-Fe-Pt-Zn-Ca-Er-Au-Cd-Co-Gd-Na-Sm-Eu-Tb-V-Ag-Nd-U-Ba-Ce-K-Ga-Cr-Al-Li-Sc-Ru-In-Mg-Zr-Dy-W-Yb-Y-Ho-Re-Be-Rb-La-Sn-Cs-Pb-Pr-Bi-Tm-Sr-Ti-Hf-Ir-Nb-Pd-Hg-Th-Np-Lu-Rh-Pu_2_11_19,phimage_Cu-Mn-Ni-Mo-Fe-Pt-Zn-Ca-Er-Au-Cd-Co-Gd-Na-Sm-Eu-Tb-V-Ag-Nd-U-Ba-Ce-K-Ga-Cr-Al-Li-Sc-Ru-In-Mg-Zr-Dy-W-Yb-Y-Ho-Re-Be-Rb-La-Sn-Cs-Pb-Pr-Bi-Tm-Sr-Ti-Hf-Ir-Nb-Pd-Hg-Th-Np-Lu-Rh-Pu_2_12_0,phimage_Cu-Mn-Ni-Mo-Fe-Pt-Zn-Ca-Er-Au-Cd-Co-Gd-Na-Sm-Eu-Tb-V-Ag-Nd-U-Ba-Ce-K-Ga-Cr-Al-Li-Sc-Ru-In-Mg-Zr-Dy-W-Yb-Y-Ho-Re-Be-Rb-La-Sn-Cs-Pb-Pr-Bi-Tm-Sr-Ti-Hf-Ir-Nb-Pd-Hg-Th-Np-Lu-Rh-Pu_2_12_1,phimage_Cu-Mn-Ni-Mo-Fe-Pt-Zn-Ca-Er-Au-Cd-Co-Gd-Na-Sm-Eu-Tb-V-Ag-Nd-U-Ba-Ce-K-Ga-Cr-Al-Li-Sc-Ru-In-Mg-Zr-Dy-W-Yb-Y-Ho-Re-Be-Rb-La-Sn-Cs-Pb-Pr-Bi-Tm-Sr-Ti-Hf-Ir-Nb-Pd-Hg-Th-Np-Lu-Rh-Pu_2_12_2,phimage_Cu-Mn-Ni-Mo-Fe-Pt-Zn-Ca-Er-Au-Cd-Co-Gd-Na-Sm-Eu-Tb-V-Ag-Nd-U-Ba-Ce-K-Ga-Cr-Al-Li-Sc-Ru-In-Mg-Zr-Dy-W-Yb-Y-Ho-Re-Be-Rb-La-Sn-Cs-Pb-Pr-Bi-Tm-Sr-Ti-Hf-Ir-Nb-Pd-Hg-Th-Np-Lu-Rh-Pu_2_12_3,phimage_Cu-Mn-Ni-Mo-Fe-Pt-Zn-Ca-Er-Au-Cd-Co-Gd-Na-Sm-Eu-Tb-V-Ag-Nd-U-Ba-Ce-K-Ga-Cr-Al-Li-Sc-Ru-In-Mg-Zr-Dy-W-Yb-Y-Ho-Re-Be-Rb-La-Sn-Cs-Pb-Pr-Bi-Tm-Sr-Ti-Hf-Ir-Nb-Pd-Hg-Th-Np-Lu-Rh-Pu_2_12_4,phimage_Cu-Mn-Ni-Mo-Fe-Pt-Zn-Ca-Er-Au-Cd-Co-Gd-Na-Sm-Eu-Tb-V-Ag-Nd-U-Ba-Ce-K-Ga-Cr-Al-Li-Sc-Ru-In-Mg-Zr-Dy-W-Yb-Y-Ho-Re-Be-Rb-La-Sn-Cs-Pb-Pr-Bi-Tm-Sr-Ti-Hf-Ir-Nb-Pd-Hg-Th-Np-Lu-Rh-Pu_2_12_5,phimage_Cu-Mn-Ni-Mo-Fe-Pt-Zn-Ca-Er-Au-Cd-Co-Gd-Na-Sm-Eu-Tb-V-Ag-Nd-U-Ba-Ce-K-Ga-Cr-Al-Li-Sc-Ru-In-Mg-Zr-Dy-W-Yb-Y-Ho-Re-Be-Rb-La-Sn-Cs-Pb-Pr-Bi-Tm-Sr-Ti-Hf-Ir-Nb-Pd-Hg-Th-Np-Lu-Rh-Pu_2_12_6,phimage_Cu-Mn-Ni-Mo-Fe-Pt-Zn-Ca-Er-Au-Cd-Co-Gd-Na-Sm-Eu-Tb-V-Ag-Nd-U-Ba-Ce-K-Ga-Cr-Al-Li-Sc-Ru-In-Mg-Zr-Dy-W-Yb-Y-Ho-Re-Be-Rb-La-Sn-Cs-Pb-Pr-Bi-Tm-Sr-Ti-Hf-Ir-Nb-Pd-Hg-Th-Np-Lu-Rh-Pu_2_12_7,phimage_Cu-Mn-Ni-Mo-Fe-Pt-Zn-Ca-Er-Au-Cd-Co-Gd-Na-Sm-Eu-Tb-V-Ag-Nd-U-Ba-Ce-K-Ga-Cr-Al-Li-Sc-Ru-In-Mg-Zr-Dy-W-Yb-Y-Ho-Re-Be-Rb-La-Sn-Cs-Pb-Pr-Bi-Tm-Sr-Ti-Hf-Ir-Nb-Pd-Hg-Th-Np-Lu-Rh-Pu_2_12_8,phimage_Cu-Mn-Ni-Mo-Fe-Pt-Zn-Ca-Er-Au-Cd-Co-Gd-Na-Sm-Eu-Tb-V-Ag-Nd-U-Ba-Ce-K-Ga-Cr-Al-Li-Sc-Ru-In-Mg-Zr-Dy-W-Yb-Y-Ho-Re-Be-Rb-La-Sn-Cs-Pb-Pr-Bi-Tm-Sr-Ti-Hf-Ir-Nb-Pd-Hg-Th-Np-Lu-Rh-Pu_2_12_9,phimage_Cu-Mn-Ni-Mo-Fe-Pt-Zn-Ca-Er-Au-Cd-Co-Gd-Na-Sm-Eu-Tb-V-Ag-Nd-U-Ba-Ce-K-Ga-Cr-Al-Li-Sc-Ru-In-Mg-Zr-Dy-W-Yb-Y-Ho-Re-Be-Rb-La-Sn-Cs-Pb-Pr-Bi-Tm-Sr-Ti-Hf-Ir-Nb-Pd-Hg-Th-Np-Lu-Rh-Pu_2_12_10,phimage_Cu-Mn-Ni-Mo-Fe-Pt-Zn-Ca-Er-Au-Cd-Co-Gd-Na-Sm-Eu-Tb-V-Ag-Nd-U-Ba-Ce-K-Ga-Cr-Al-Li-Sc-Ru-In-Mg-Zr-Dy-W-Yb-Y-Ho-Re-Be-Rb-La-Sn-Cs-Pb-Pr-Bi-Tm-Sr-Ti-Hf-Ir-Nb-Pd-Hg-Th-Np-Lu-Rh-Pu_2_12_11,phimage_Cu-Mn-Ni-Mo-Fe-Pt-Zn-Ca-Er-Au-Cd-Co-Gd-Na-Sm-Eu-Tb-V-Ag-Nd-U-Ba-Ce-K-Ga-Cr-Al-Li-Sc-Ru-In-Mg-Zr-Dy-W-Yb-Y-Ho-Re-Be-Rb-La-Sn-Cs-Pb-Pr-Bi-Tm-Sr-Ti-Hf-Ir-Nb-Pd-Hg-Th-Np-Lu-Rh-Pu_2_12_12,phimage_Cu-Mn-Ni-Mo-Fe-Pt-Zn-Ca-Er-Au-Cd-Co-Gd-Na-Sm-Eu-Tb-V-Ag-Nd-U-Ba-Ce-K-Ga-Cr-Al-Li-Sc-Ru-In-Mg-Zr-Dy-W-Yb-Y-Ho-Re-Be-Rb-La-Sn-Cs-Pb-Pr-Bi-Tm-Sr-Ti-Hf-Ir-Nb-Pd-Hg-Th-Np-Lu-Rh-Pu_2_12_13,phimage_Cu-Mn-Ni-Mo-Fe-Pt-Zn-Ca-Er-Au-Cd-Co-Gd-Na-Sm-Eu-Tb-V-Ag-Nd-U-Ba-Ce-K-Ga-Cr-Al-Li-Sc-Ru-In-Mg-Zr-Dy-W-Yb-Y-Ho-Re-Be-Rb-La-Sn-Cs-Pb-Pr-Bi-Tm-Sr-Ti-Hf-Ir-Nb-Pd-Hg-Th-Np-Lu-Rh-Pu_2_12_14,phimage_Cu-Mn-Ni-Mo-Fe-Pt-Zn-Ca-Er-Au-Cd-Co-Gd-Na-Sm-Eu-Tb-V-Ag-Nd-U-Ba-Ce-K-Ga-Cr-Al-Li-Sc-Ru-In-Mg-Zr-Dy-W-Yb-Y-Ho-Re-Be-Rb-La-Sn-Cs-Pb-Pr-Bi-Tm-Sr-Ti-Hf-Ir-Nb-Pd-Hg-Th-Np-Lu-Rh-Pu_2_12_15,phimage_Cu-Mn-Ni-Mo-Fe-Pt-Zn-Ca-Er-Au-Cd-Co-Gd-Na-Sm-Eu-Tb-V-Ag-Nd-U-Ba-Ce-K-Ga-Cr-Al-Li-Sc-Ru-In-Mg-Zr-Dy-W-Yb-Y-Ho-Re-Be-Rb-La-Sn-Cs-Pb-Pr-Bi-Tm-Sr-Ti-Hf-Ir-Nb-Pd-Hg-Th-Np-Lu-Rh-Pu_2_12_16,phimage_Cu-Mn-Ni-Mo-Fe-Pt-Zn-Ca-Er-Au-Cd-Co-Gd-Na-Sm-Eu-Tb-V-Ag-Nd-U-Ba-Ce-K-Ga-Cr-Al-Li-Sc-Ru-In-Mg-Zr-Dy-W-Yb-Y-Ho-Re-Be-Rb-La-Sn-Cs-Pb-Pr-Bi-Tm-Sr-Ti-Hf-Ir-Nb-Pd-Hg-Th-Np-Lu-Rh-Pu_2_12_17,phimage_Cu-Mn-Ni-Mo-Fe-Pt-Zn-Ca-Er-Au-Cd-Co-Gd-Na-Sm-Eu-Tb-V-Ag-Nd-U-Ba-Ce-K-Ga-Cr-Al-Li-Sc-Ru-In-Mg-Zr-Dy-W-Yb-Y-Ho-Re-Be-Rb-La-Sn-Cs-Pb-Pr-Bi-Tm-Sr-Ti-Hf-Ir-Nb-Pd-Hg-Th-Np-Lu-Rh-Pu_2_12_18,phimage_Cu-Mn-Ni-Mo-Fe-Pt-Zn-Ca-Er-Au-Cd-Co-Gd-Na-Sm-Eu-Tb-V-Ag-Nd-U-Ba-Ce-K-Ga-Cr-Al-Li-Sc-Ru-In-Mg-Zr-Dy-W-Yb-Y-Ho-Re-Be-Rb-La-Sn-Cs-Pb-Pr-Bi-Tm-Sr-Ti-Hf-Ir-Nb-Pd-Hg-Th-Np-Lu-Rh-Pu_2_12_19,phimage_Cu-Mn-Ni-Mo-Fe-Pt-Zn-Ca-Er-Au-Cd-Co-Gd-Na-Sm-Eu-Tb-V-Ag-Nd-U-Ba-Ce-K-Ga-Cr-Al-Li-Sc-Ru-In-Mg-Zr-Dy-W-Yb-Y-Ho-Re-Be-Rb-La-Sn-Cs-Pb-Pr-Bi-Tm-Sr-Ti-Hf-Ir-Nb-Pd-Hg-Th-Np-Lu-Rh-Pu_2_13_0,phimage_Cu-Mn-Ni-Mo-Fe-Pt-Zn-Ca-Er-Au-Cd-Co-Gd-Na-Sm-Eu-Tb-V-Ag-Nd-U-Ba-Ce-K-Ga-Cr-Al-Li-Sc-Ru-In-Mg-Zr-Dy-W-Yb-Y-Ho-Re-Be-Rb-La-Sn-Cs-Pb-Pr-Bi-Tm-Sr-Ti-Hf-Ir-Nb-Pd-Hg-Th-Np-Lu-Rh-Pu_2_13_1,phimage_Cu-Mn-Ni-Mo-Fe-Pt-Zn-Ca-Er-Au-Cd-Co-Gd-Na-Sm-Eu-Tb-V-Ag-Nd-U-Ba-Ce-K-Ga-Cr-Al-Li-Sc-Ru-In-Mg-Zr-Dy-W-Yb-Y-Ho-Re-Be-Rb-La-Sn-Cs-Pb-Pr-Bi-Tm-Sr-Ti-Hf-Ir-Nb-Pd-Hg-Th-Np-Lu-Rh-Pu_2_13_2,phimage_Cu-Mn-Ni-Mo-Fe-Pt-Zn-Ca-Er-Au-Cd-Co-Gd-Na-Sm-Eu-Tb-V-Ag-Nd-U-Ba-Ce-K-Ga-Cr-Al-Li-Sc-Ru-In-Mg-Zr-Dy-W-Yb-Y-Ho-Re-Be-Rb-La-Sn-Cs-Pb-Pr-Bi-Tm-Sr-Ti-Hf-Ir-Nb-Pd-Hg-Th-Np-Lu-Rh-Pu_2_13_3,phimage_Cu-Mn-Ni-Mo-Fe-Pt-Zn-Ca-Er-Au-Cd-Co-Gd-Na-Sm-Eu-Tb-V-Ag-Nd-U-Ba-Ce-K-Ga-Cr-Al-Li-Sc-Ru-In-Mg-Zr-Dy-W-Yb-Y-Ho-Re-Be-Rb-La-Sn-Cs-Pb-Pr-Bi-Tm-Sr-Ti-Hf-Ir-Nb-Pd-Hg-Th-Np-Lu-Rh-Pu_2_13_4,phimage_Cu-Mn-Ni-Mo-Fe-Pt-Zn-Ca-Er-Au-Cd-Co-Gd-Na-Sm-Eu-Tb-V-Ag-Nd-U-Ba-Ce-K-Ga-Cr-Al-Li-Sc-Ru-In-Mg-Zr-Dy-W-Yb-Y-Ho-Re-Be-Rb-La-Sn-Cs-Pb-Pr-Bi-Tm-Sr-Ti-Hf-Ir-Nb-Pd-Hg-Th-Np-Lu-Rh-Pu_2_13_5,phimage_Cu-Mn-Ni-Mo-Fe-Pt-Zn-Ca-Er-Au-Cd-Co-Gd-Na-Sm-Eu-Tb-V-Ag-Nd-U-Ba-Ce-K-Ga-Cr-Al-Li-Sc-Ru-In-Mg-Zr-Dy-W-Yb-Y-Ho-Re-Be-Rb-La-Sn-Cs-Pb-Pr-Bi-Tm-Sr-Ti-Hf-Ir-Nb-Pd-Hg-Th-Np-Lu-Rh-Pu_2_13_6,phimage_Cu-Mn-Ni-Mo-Fe-Pt-Zn-Ca-Er-Au-Cd-Co-Gd-Na-Sm-Eu-Tb-V-Ag-Nd-U-Ba-Ce-K-Ga-Cr-Al-Li-Sc-Ru-In-Mg-Zr-Dy-W-Yb-Y-Ho-Re-Be-Rb-La-Sn-Cs-Pb-Pr-Bi-Tm-Sr-Ti-Hf-Ir-Nb-Pd-Hg-Th-Np-Lu-Rh-Pu_2_13_7,phimage_Cu-Mn-Ni-Mo-Fe-Pt-Zn-Ca-Er-Au-Cd-Co-Gd-Na-Sm-Eu-Tb-V-Ag-Nd-U-Ba-Ce-K-Ga-Cr-Al-Li-Sc-Ru-In-Mg-Zr-Dy-W-Yb-Y-Ho-Re-Be-Rb-La-Sn-Cs-Pb-Pr-Bi-Tm-Sr-Ti-Hf-Ir-Nb-Pd-Hg-Th-Np-Lu-Rh-Pu_2_13_8,phimage_Cu-Mn-Ni-Mo-Fe-Pt-Zn-Ca-Er-Au-Cd-Co-Gd-Na-Sm-Eu-Tb-V-Ag-Nd-U-Ba-Ce-K-Ga-Cr-Al-Li-Sc-Ru-In-Mg-Zr-Dy-W-Yb-Y-Ho-Re-Be-Rb-La-Sn-Cs-Pb-Pr-Bi-Tm-Sr-Ti-Hf-Ir-Nb-Pd-Hg-Th-Np-Lu-Rh-Pu_2_13_9,phimage_Cu-Mn-Ni-Mo-Fe-Pt-Zn-Ca-Er-Au-Cd-Co-Gd-Na-Sm-Eu-Tb-V-Ag-Nd-U-Ba-Ce-K-Ga-Cr-Al-Li-Sc-Ru-In-Mg-Zr-Dy-W-Yb-Y-Ho-Re-Be-Rb-La-Sn-Cs-Pb-Pr-Bi-Tm-Sr-Ti-Hf-Ir-Nb-Pd-Hg-Th-Np-Lu-Rh-Pu_2_13_10,phimage_Cu-Mn-Ni-Mo-Fe-Pt-Zn-Ca-Er-Au-Cd-Co-Gd-Na-Sm-Eu-Tb-V-Ag-Nd-U-Ba-Ce-K-Ga-Cr-Al-Li-Sc-Ru-In-Mg-Zr-Dy-W-Yb-Y-Ho-Re-Be-Rb-La-Sn-Cs-Pb-Pr-Bi-Tm-Sr-Ti-Hf-Ir-Nb-Pd-Hg-Th-Np-Lu-Rh-Pu_2_13_11,phimage_Cu-Mn-Ni-Mo-Fe-Pt-Zn-Ca-Er-Au-Cd-Co-Gd-Na-Sm-Eu-Tb-V-Ag-Nd-U-Ba-Ce-K-Ga-Cr-Al-Li-Sc-Ru-In-Mg-Zr-Dy-W-Yb-Y-Ho-Re-Be-Rb-La-Sn-Cs-Pb-Pr-Bi-Tm-Sr-Ti-Hf-Ir-Nb-Pd-Hg-Th-Np-Lu-Rh-Pu_2_13_12,phimage_Cu-Mn-Ni-Mo-Fe-Pt-Zn-Ca-Er-Au-Cd-Co-Gd-Na-Sm-Eu-Tb-V-Ag-Nd-U-Ba-Ce-K-Ga-Cr-Al-Li-Sc-Ru-In-Mg-Zr-Dy-W-Yb-Y-Ho-Re-Be-Rb-La-Sn-Cs-Pb-Pr-Bi-Tm-Sr-Ti-Hf-Ir-Nb-Pd-Hg-Th-Np-Lu-Rh-Pu_2_13_13,phimage_Cu-Mn-Ni-Mo-Fe-Pt-Zn-Ca-Er-Au-Cd-Co-Gd-Na-Sm-Eu-Tb-V-Ag-Nd-U-Ba-Ce-K-Ga-Cr-Al-Li-Sc-Ru-In-Mg-Zr-Dy-W-Yb-Y-Ho-Re-Be-Rb-La-Sn-Cs-Pb-Pr-Bi-Tm-Sr-Ti-Hf-Ir-Nb-Pd-Hg-Th-Np-Lu-Rh-Pu_2_13_14,phimage_Cu-Mn-Ni-Mo-Fe-Pt-Zn-Ca-Er-Au-Cd-Co-Gd-Na-Sm-Eu-Tb-V-Ag-Nd-U-Ba-Ce-K-Ga-Cr-Al-Li-Sc-Ru-In-Mg-Zr-Dy-W-Yb-Y-Ho-Re-Be-Rb-La-Sn-Cs-Pb-Pr-Bi-Tm-Sr-Ti-Hf-Ir-Nb-Pd-Hg-Th-Np-Lu-Rh-Pu_2_13_15,phimage_Cu-Mn-Ni-Mo-Fe-Pt-Zn-Ca-Er-Au-Cd-Co-Gd-Na-Sm-Eu-Tb-V-Ag-Nd-U-Ba-Ce-K-Ga-Cr-Al-Li-Sc-Ru-In-Mg-Zr-Dy-W-Yb-Y-Ho-Re-Be-Rb-La-Sn-Cs-Pb-Pr-Bi-Tm-Sr-Ti-Hf-Ir-Nb-Pd-Hg-Th-Np-Lu-Rh-Pu_2_13_16,phimage_Cu-Mn-Ni-Mo-Fe-Pt-Zn-Ca-Er-Au-Cd-Co-Gd-Na-Sm-Eu-Tb-V-Ag-Nd-U-Ba-Ce-K-Ga-Cr-Al-Li-Sc-Ru-In-Mg-Zr-Dy-W-Yb-Y-Ho-Re-Be-Rb-La-Sn-Cs-Pb-Pr-Bi-Tm-Sr-Ti-Hf-Ir-Nb-Pd-Hg-Th-Np-Lu-Rh-Pu_2_13_17,phimage_Cu-Mn-Ni-Mo-Fe-Pt-Zn-Ca-Er-Au-Cd-Co-Gd-Na-Sm-Eu-Tb-V-Ag-Nd-U-Ba-Ce-K-Ga-Cr-Al-Li-Sc-Ru-In-Mg-Zr-Dy-W-Yb-Y-Ho-Re-Be-Rb-La-Sn-Cs-Pb-Pr-Bi-Tm-Sr-Ti-Hf-Ir-Nb-Pd-Hg-Th-Np-Lu-Rh-Pu_2_13_18,phimage_Cu-Mn-Ni-Mo-Fe-Pt-Zn-Ca-Er-Au-Cd-Co-Gd-Na-Sm-Eu-Tb-V-Ag-Nd-U-Ba-Ce-K-Ga-Cr-Al-Li-Sc-Ru-In-Mg-Zr-Dy-W-Yb-Y-Ho-Re-Be-Rb-La-Sn-Cs-Pb-Pr-Bi-Tm-Sr-Ti-Hf-Ir-Nb-Pd-Hg-Th-Np-Lu-Rh-Pu_2_13_19,phimage_Cu-Mn-Ni-Mo-Fe-Pt-Zn-Ca-Er-Au-Cd-Co-Gd-Na-Sm-Eu-Tb-V-Ag-Nd-U-Ba-Ce-K-Ga-Cr-Al-Li-Sc-Ru-In-Mg-Zr-Dy-W-Yb-Y-Ho-Re-Be-Rb-La-Sn-Cs-Pb-Pr-Bi-Tm-Sr-Ti-Hf-Ir-Nb-Pd-Hg-Th-Np-Lu-Rh-Pu_2_14_0,phimage_Cu-Mn-Ni-Mo-Fe-Pt-Zn-Ca-Er-Au-Cd-Co-Gd-Na-Sm-Eu-Tb-V-Ag-Nd-U-Ba-Ce-K-Ga-Cr-Al-Li-Sc-Ru-In-Mg-Zr-Dy-W-Yb-Y-Ho-Re-Be-Rb-La-Sn-Cs-Pb-Pr-Bi-Tm-Sr-Ti-Hf-Ir-Nb-Pd-Hg-Th-Np-Lu-Rh-Pu_2_14_1,phimage_Cu-Mn-Ni-Mo-Fe-Pt-Zn-Ca-Er-Au-Cd-Co-Gd-Na-Sm-Eu-Tb-V-Ag-Nd-U-Ba-Ce-K-Ga-Cr-Al-Li-Sc-Ru-In-Mg-Zr-Dy-W-Yb-Y-Ho-Re-Be-Rb-La-Sn-Cs-Pb-Pr-Bi-Tm-Sr-Ti-Hf-Ir-Nb-Pd-Hg-Th-Np-Lu-Rh-Pu_2_14_2,phimage_Cu-Mn-Ni-Mo-Fe-Pt-Zn-Ca-Er-Au-Cd-Co-Gd-Na-Sm-Eu-Tb-V-Ag-Nd-U-Ba-Ce-K-Ga-Cr-Al-Li-Sc-Ru-In-Mg-Zr-Dy-W-Yb-Y-Ho-Re-Be-Rb-La-Sn-Cs-Pb-Pr-Bi-Tm-Sr-Ti-Hf-Ir-Nb-Pd-Hg-Th-Np-Lu-Rh-Pu_2_14_3,phimage_Cu-Mn-Ni-Mo-Fe-Pt-Zn-Ca-Er-Au-Cd-Co-Gd-Na-Sm-Eu-Tb-V-Ag-Nd-U-Ba-Ce-K-Ga-Cr-Al-Li-Sc-Ru-In-Mg-Zr-Dy-W-Yb-Y-Ho-Re-Be-Rb-La-Sn-Cs-Pb-Pr-Bi-Tm-Sr-Ti-Hf-Ir-Nb-Pd-Hg-Th-Np-Lu-Rh-Pu_2_14_4,phimage_Cu-Mn-Ni-Mo-Fe-Pt-Zn-Ca-Er-Au-Cd-Co-Gd-Na-Sm-Eu-Tb-V-Ag-Nd-U-Ba-Ce-K-Ga-Cr-Al-Li-Sc-Ru-In-Mg-Zr-Dy-W-Yb-Y-Ho-Re-Be-Rb-La-Sn-Cs-Pb-Pr-Bi-Tm-Sr-Ti-Hf-Ir-Nb-Pd-Hg-Th-Np-Lu-Rh-Pu_2_14_5,phimage_Cu-Mn-Ni-Mo-Fe-Pt-Zn-Ca-Er-Au-Cd-Co-Gd-Na-Sm-Eu-Tb-V-Ag-Nd-U-Ba-Ce-K-Ga-Cr-Al-Li-Sc-Ru-In-Mg-Zr-Dy-W-Yb-Y-Ho-Re-Be-Rb-La-Sn-Cs-Pb-Pr-Bi-Tm-Sr-Ti-Hf-Ir-Nb-Pd-Hg-Th-Np-Lu-Rh-Pu_2_14_6,phimage_Cu-Mn-Ni-Mo-Fe-Pt-Zn-Ca-Er-Au-Cd-Co-Gd-Na-Sm-Eu-Tb-V-Ag-Nd-U-Ba-Ce-K-Ga-Cr-Al-Li-Sc-Ru-In-Mg-Zr-Dy-W-Yb-Y-Ho-Re-Be-Rb-La-Sn-Cs-Pb-Pr-Bi-Tm-Sr-Ti-Hf-Ir-Nb-Pd-Hg-Th-Np-Lu-Rh-Pu_2_14_7,phimage_Cu-Mn-Ni-Mo-Fe-Pt-Zn-Ca-Er-Au-Cd-Co-Gd-Na-Sm-Eu-Tb-V-Ag-Nd-U-Ba-Ce-K-Ga-Cr-Al-Li-Sc-Ru-In-Mg-Zr-Dy-W-Yb-Y-Ho-Re-Be-Rb-La-Sn-Cs-Pb-Pr-Bi-Tm-Sr-Ti-Hf-Ir-Nb-Pd-Hg-Th-Np-Lu-Rh-Pu_2_14_8,phimage_Cu-Mn-Ni-Mo-Fe-Pt-Zn-Ca-Er-Au-Cd-Co-Gd-Na-Sm-Eu-Tb-V-Ag-Nd-U-Ba-Ce-K-Ga-Cr-Al-Li-Sc-Ru-In-Mg-Zr-Dy-W-Yb-Y-Ho-Re-Be-Rb-La-Sn-Cs-Pb-Pr-Bi-Tm-Sr-Ti-Hf-Ir-Nb-Pd-Hg-Th-Np-Lu-Rh-Pu_2_14_9,phimage_Cu-Mn-Ni-Mo-Fe-Pt-Zn-Ca-Er-Au-Cd-Co-Gd-Na-Sm-Eu-Tb-V-Ag-Nd-U-Ba-Ce-K-Ga-Cr-Al-Li-Sc-Ru-In-Mg-Zr-Dy-W-Yb-Y-Ho-Re-Be-Rb-La-Sn-Cs-Pb-Pr-Bi-Tm-Sr-Ti-Hf-Ir-Nb-Pd-Hg-Th-Np-Lu-Rh-Pu_2_14_10,phimage_Cu-Mn-Ni-Mo-Fe-Pt-Zn-Ca-Er-Au-Cd-Co-Gd-Na-Sm-Eu-Tb-V-Ag-Nd-U-Ba-Ce-K-Ga-Cr-Al-Li-Sc-Ru-In-Mg-Zr-Dy-W-Yb-Y-Ho-Re-Be-Rb-La-Sn-Cs-Pb-Pr-Bi-Tm-Sr-Ti-Hf-Ir-Nb-Pd-Hg-Th-Np-Lu-Rh-Pu_2_14_11,phimage_Cu-Mn-Ni-Mo-Fe-Pt-Zn-Ca-Er-Au-Cd-Co-Gd-Na-Sm-Eu-Tb-V-Ag-Nd-U-Ba-Ce-K-Ga-Cr-Al-Li-Sc-Ru-In-Mg-Zr-Dy-W-Yb-Y-Ho-Re-Be-Rb-La-Sn-Cs-Pb-Pr-Bi-Tm-Sr-Ti-Hf-Ir-Nb-Pd-Hg-Th-Np-Lu-Rh-Pu_2_14_12,phimage_Cu-Mn-Ni-Mo-Fe-Pt-Zn-Ca-Er-Au-Cd-Co-Gd-Na-Sm-Eu-Tb-V-Ag-Nd-U-Ba-Ce-K-Ga-Cr-Al-Li-Sc-Ru-In-Mg-Zr-Dy-W-Yb-Y-Ho-Re-Be-Rb-La-Sn-Cs-Pb-Pr-Bi-Tm-Sr-Ti-Hf-Ir-Nb-Pd-Hg-Th-Np-Lu-Rh-Pu_2_14_13,phimage_Cu-Mn-Ni-Mo-Fe-Pt-Zn-Ca-Er-Au-Cd-Co-Gd-Na-Sm-Eu-Tb-V-Ag-Nd-U-Ba-Ce-K-Ga-Cr-Al-Li-Sc-Ru-In-Mg-Zr-Dy-W-Yb-Y-Ho-Re-Be-Rb-La-Sn-Cs-Pb-Pr-Bi-Tm-Sr-Ti-Hf-Ir-Nb-Pd-Hg-Th-Np-Lu-Rh-Pu_2_14_14,phimage_Cu-Mn-Ni-Mo-Fe-Pt-Zn-Ca-Er-Au-Cd-Co-Gd-Na-Sm-Eu-Tb-V-Ag-Nd-U-Ba-Ce-K-Ga-Cr-Al-Li-Sc-Ru-In-Mg-Zr-Dy-W-Yb-Y-Ho-Re-Be-Rb-La-Sn-Cs-Pb-Pr-Bi-Tm-Sr-Ti-Hf-Ir-Nb-Pd-Hg-Th-Np-Lu-Rh-Pu_2_14_15,phimage_Cu-Mn-Ni-Mo-Fe-Pt-Zn-Ca-Er-Au-Cd-Co-Gd-Na-Sm-Eu-Tb-V-Ag-Nd-U-Ba-Ce-K-Ga-Cr-Al-Li-Sc-Ru-In-Mg-Zr-Dy-W-Yb-Y-Ho-Re-Be-Rb-La-Sn-Cs-Pb-Pr-Bi-Tm-Sr-Ti-Hf-Ir-Nb-Pd-Hg-Th-Np-Lu-Rh-Pu_2_14_16,phimage_Cu-Mn-Ni-Mo-Fe-Pt-Zn-Ca-Er-Au-Cd-Co-Gd-Na-Sm-Eu-Tb-V-Ag-Nd-U-Ba-Ce-K-Ga-Cr-Al-Li-Sc-Ru-In-Mg-Zr-Dy-W-Yb-Y-Ho-Re-Be-Rb-La-Sn-Cs-Pb-Pr-Bi-Tm-Sr-Ti-Hf-Ir-Nb-Pd-Hg-Th-Np-Lu-Rh-Pu_2_14_17,phimage_Cu-Mn-Ni-Mo-Fe-Pt-Zn-Ca-Er-Au-Cd-Co-Gd-Na-Sm-Eu-Tb-V-Ag-Nd-U-Ba-Ce-K-Ga-Cr-Al-Li-Sc-Ru-In-Mg-Zr-Dy-W-Yb-Y-Ho-Re-Be-Rb-La-Sn-Cs-Pb-Pr-Bi-Tm-Sr-Ti-Hf-Ir-Nb-Pd-Hg-Th-Np-Lu-Rh-Pu_2_14_18,phimage_Cu-Mn-Ni-Mo-Fe-Pt-Zn-Ca-Er-Au-Cd-Co-Gd-Na-Sm-Eu-Tb-V-Ag-Nd-U-Ba-Ce-K-Ga-Cr-Al-Li-Sc-Ru-In-Mg-Zr-Dy-W-Yb-Y-Ho-Re-Be-Rb-La-Sn-Cs-Pb-Pr-Bi-Tm-Sr-Ti-Hf-Ir-Nb-Pd-Hg-Th-Np-Lu-Rh-Pu_2_14_19,phimage_Cu-Mn-Ni-Mo-Fe-Pt-Zn-Ca-Er-Au-Cd-Co-Gd-Na-Sm-Eu-Tb-V-Ag-Nd-U-Ba-Ce-K-Ga-Cr-Al-Li-Sc-Ru-In-Mg-Zr-Dy-W-Yb-Y-Ho-Re-Be-Rb-La-Sn-Cs-Pb-Pr-Bi-Tm-Sr-Ti-Hf-Ir-Nb-Pd-Hg-Th-Np-Lu-Rh-Pu_2_15_0,phimage_Cu-Mn-Ni-Mo-Fe-Pt-Zn-Ca-Er-Au-Cd-Co-Gd-Na-Sm-Eu-Tb-V-Ag-Nd-U-Ba-Ce-K-Ga-Cr-Al-Li-Sc-Ru-In-Mg-Zr-Dy-W-Yb-Y-Ho-Re-Be-Rb-La-Sn-Cs-Pb-Pr-Bi-Tm-Sr-Ti-Hf-Ir-Nb-Pd-Hg-Th-Np-Lu-Rh-Pu_2_15_1,phimage_Cu-Mn-Ni-Mo-Fe-Pt-Zn-Ca-Er-Au-Cd-Co-Gd-Na-Sm-Eu-Tb-V-Ag-Nd-U-Ba-Ce-K-Ga-Cr-Al-Li-Sc-Ru-In-Mg-Zr-Dy-W-Yb-Y-Ho-Re-Be-Rb-La-Sn-Cs-Pb-Pr-Bi-Tm-Sr-Ti-Hf-Ir-Nb-Pd-Hg-Th-Np-Lu-Rh-Pu_2_15_2,phimage_Cu-Mn-Ni-Mo-Fe-Pt-Zn-Ca-Er-Au-Cd-Co-Gd-Na-Sm-Eu-Tb-V-Ag-Nd-U-Ba-Ce-K-Ga-Cr-Al-Li-Sc-Ru-In-Mg-Zr-Dy-W-Yb-Y-Ho-Re-Be-Rb-La-Sn-Cs-Pb-Pr-Bi-Tm-Sr-Ti-Hf-Ir-Nb-Pd-Hg-Th-Np-Lu-Rh-Pu_2_15_3,phimage_Cu-Mn-Ni-Mo-Fe-Pt-Zn-Ca-Er-Au-Cd-Co-Gd-Na-Sm-Eu-Tb-V-Ag-Nd-U-Ba-Ce-K-Ga-Cr-Al-Li-Sc-Ru-In-Mg-Zr-Dy-W-Yb-Y-Ho-Re-Be-Rb-La-Sn-Cs-Pb-Pr-Bi-Tm-Sr-Ti-Hf-Ir-Nb-Pd-Hg-Th-Np-Lu-Rh-Pu_2_15_4,phimage_Cu-Mn-Ni-Mo-Fe-Pt-Zn-Ca-Er-Au-Cd-Co-Gd-Na-Sm-Eu-Tb-V-Ag-Nd-U-Ba-Ce-K-Ga-Cr-Al-Li-Sc-Ru-In-Mg-Zr-Dy-W-Yb-Y-Ho-Re-Be-Rb-La-Sn-Cs-Pb-Pr-Bi-Tm-Sr-Ti-Hf-Ir-Nb-Pd-Hg-Th-Np-Lu-Rh-Pu_2_15_5,phimage_Cu-Mn-Ni-Mo-Fe-Pt-Zn-Ca-Er-Au-Cd-Co-Gd-Na-Sm-Eu-Tb-V-Ag-Nd-U-Ba-Ce-K-Ga-Cr-Al-Li-Sc-Ru-In-Mg-Zr-Dy-W-Yb-Y-Ho-Re-Be-Rb-La-Sn-Cs-Pb-Pr-Bi-Tm-Sr-Ti-Hf-Ir-Nb-Pd-Hg-Th-Np-Lu-Rh-Pu_2_15_6,phimage_Cu-Mn-Ni-Mo-Fe-Pt-Zn-Ca-Er-Au-Cd-Co-Gd-Na-Sm-Eu-Tb-V-Ag-Nd-U-Ba-Ce-K-Ga-Cr-Al-Li-Sc-Ru-In-Mg-Zr-Dy-W-Yb-Y-Ho-Re-Be-Rb-La-Sn-Cs-Pb-Pr-Bi-Tm-Sr-Ti-Hf-Ir-Nb-Pd-Hg-Th-Np-Lu-Rh-Pu_2_15_7,phimage_Cu-Mn-Ni-Mo-Fe-Pt-Zn-Ca-Er-Au-Cd-Co-Gd-Na-Sm-Eu-Tb-V-Ag-Nd-U-Ba-Ce-K-Ga-Cr-Al-Li-Sc-Ru-In-Mg-Zr-Dy-W-Yb-Y-Ho-Re-Be-Rb-La-Sn-Cs-Pb-Pr-Bi-Tm-Sr-Ti-Hf-Ir-Nb-Pd-Hg-Th-Np-Lu-Rh-Pu_2_15_8,phimage_Cu-Mn-Ni-Mo-Fe-Pt-Zn-Ca-Er-Au-Cd-Co-Gd-Na-Sm-Eu-Tb-V-Ag-Nd-U-Ba-Ce-K-Ga-Cr-Al-Li-Sc-Ru-In-Mg-Zr-Dy-W-Yb-Y-Ho-Re-Be-Rb-La-Sn-Cs-Pb-Pr-Bi-Tm-Sr-Ti-Hf-Ir-Nb-Pd-Hg-Th-Np-Lu-Rh-Pu_2_15_9,phimage_Cu-Mn-Ni-Mo-Fe-Pt-Zn-Ca-Er-Au-Cd-Co-Gd-Na-Sm-Eu-Tb-V-Ag-Nd-U-Ba-Ce-K-Ga-Cr-Al-Li-Sc-Ru-In-Mg-Zr-Dy-W-Yb-Y-Ho-Re-Be-Rb-La-Sn-Cs-Pb-Pr-Bi-Tm-Sr-Ti-Hf-Ir-Nb-Pd-Hg-Th-Np-Lu-Rh-Pu_2_15_10,phimage_Cu-Mn-Ni-Mo-Fe-Pt-Zn-Ca-Er-Au-Cd-Co-Gd-Na-Sm-Eu-Tb-V-Ag-Nd-U-Ba-Ce-K-Ga-Cr-Al-Li-Sc-Ru-In-Mg-Zr-Dy-W-Yb-Y-Ho-Re-Be-Rb-La-Sn-Cs-Pb-Pr-Bi-Tm-Sr-Ti-Hf-Ir-Nb-Pd-Hg-Th-Np-Lu-Rh-Pu_2_15_11,phimage_Cu-Mn-Ni-Mo-Fe-Pt-Zn-Ca-Er-Au-Cd-Co-Gd-Na-Sm-Eu-Tb-V-Ag-Nd-U-Ba-Ce-K-Ga-Cr-Al-Li-Sc-Ru-In-Mg-Zr-Dy-W-Yb-Y-Ho-Re-Be-Rb-La-Sn-Cs-Pb-Pr-Bi-Tm-Sr-Ti-Hf-Ir-Nb-Pd-Hg-Th-Np-Lu-Rh-Pu_2_15_12,phimage_Cu-Mn-Ni-Mo-Fe-Pt-Zn-Ca-Er-Au-Cd-Co-Gd-Na-Sm-Eu-Tb-V-Ag-Nd-U-Ba-Ce-K-Ga-Cr-Al-Li-Sc-Ru-In-Mg-Zr-Dy-W-Yb-Y-Ho-Re-Be-Rb-La-Sn-Cs-Pb-Pr-Bi-Tm-Sr-Ti-Hf-Ir-Nb-Pd-Hg-Th-Np-Lu-Rh-Pu_2_15_13,phimage_Cu-Mn-Ni-Mo-Fe-Pt-Zn-Ca-Er-Au-Cd-Co-Gd-Na-Sm-Eu-Tb-V-Ag-Nd-U-Ba-Ce-K-Ga-Cr-Al-Li-Sc-Ru-In-Mg-Zr-Dy-W-Yb-Y-Ho-Re-Be-Rb-La-Sn-Cs-Pb-Pr-Bi-Tm-Sr-Ti-Hf-Ir-Nb-Pd-Hg-Th-Np-Lu-Rh-Pu_2_15_14,phimage_Cu-Mn-Ni-Mo-Fe-Pt-Zn-Ca-Er-Au-Cd-Co-Gd-Na-Sm-Eu-Tb-V-Ag-Nd-U-Ba-Ce-K-Ga-Cr-Al-Li-Sc-Ru-In-Mg-Zr-Dy-W-Yb-Y-Ho-Re-Be-Rb-La-Sn-Cs-Pb-Pr-Bi-Tm-Sr-Ti-Hf-Ir-Nb-Pd-Hg-Th-Np-Lu-Rh-Pu_2_15_15,phimage_Cu-Mn-Ni-Mo-Fe-Pt-Zn-Ca-Er-Au-Cd-Co-Gd-Na-Sm-Eu-Tb-V-Ag-Nd-U-Ba-Ce-K-Ga-Cr-Al-Li-Sc-Ru-In-Mg-Zr-Dy-W-Yb-Y-Ho-Re-Be-Rb-La-Sn-Cs-Pb-Pr-Bi-Tm-Sr-Ti-Hf-Ir-Nb-Pd-Hg-Th-Np-Lu-Rh-Pu_2_15_16,phimage_Cu-Mn-Ni-Mo-Fe-Pt-Zn-Ca-Er-Au-Cd-Co-Gd-Na-Sm-Eu-Tb-V-Ag-Nd-U-Ba-Ce-K-Ga-Cr-Al-Li-Sc-Ru-In-Mg-Zr-Dy-W-Yb-Y-Ho-Re-Be-Rb-La-Sn-Cs-Pb-Pr-Bi-Tm-Sr-Ti-Hf-Ir-Nb-Pd-Hg-Th-Np-Lu-Rh-Pu_2_15_17,phimage_Cu-Mn-Ni-Mo-Fe-Pt-Zn-Ca-Er-Au-Cd-Co-Gd-Na-Sm-Eu-Tb-V-Ag-Nd-U-Ba-Ce-K-Ga-Cr-Al-Li-Sc-Ru-In-Mg-Zr-Dy-W-Yb-Y-Ho-Re-Be-Rb-La-Sn-Cs-Pb-Pr-Bi-Tm-Sr-Ti-Hf-Ir-Nb-Pd-Hg-Th-Np-Lu-Rh-Pu_2_15_18,phimage_Cu-Mn-Ni-Mo-Fe-Pt-Zn-Ca-Er-Au-Cd-Co-Gd-Na-Sm-Eu-Tb-V-Ag-Nd-U-Ba-Ce-K-Ga-Cr-Al-Li-Sc-Ru-In-Mg-Zr-Dy-W-Yb-Y-Ho-Re-Be-Rb-La-Sn-Cs-Pb-Pr-Bi-Tm-Sr-Ti-Hf-Ir-Nb-Pd-Hg-Th-Np-Lu-Rh-Pu_2_15_19,phimage_Cu-Mn-Ni-Mo-Fe-Pt-Zn-Ca-Er-Au-Cd-Co-Gd-Na-Sm-Eu-Tb-V-Ag-Nd-U-Ba-Ce-K-Ga-Cr-Al-Li-Sc-Ru-In-Mg-Zr-Dy-W-Yb-Y-Ho-Re-Be-Rb-La-Sn-Cs-Pb-Pr-Bi-Tm-Sr-Ti-Hf-Ir-Nb-Pd-Hg-Th-Np-Lu-Rh-Pu_2_16_0,phimage_Cu-Mn-Ni-Mo-Fe-Pt-Zn-Ca-Er-Au-Cd-Co-Gd-Na-Sm-Eu-Tb-V-Ag-Nd-U-Ba-Ce-K-Ga-Cr-Al-Li-Sc-Ru-In-Mg-Zr-Dy-W-Yb-Y-Ho-Re-Be-Rb-La-Sn-Cs-Pb-Pr-Bi-Tm-Sr-Ti-Hf-Ir-Nb-Pd-Hg-Th-Np-Lu-Rh-Pu_2_16_1,phimage_Cu-Mn-Ni-Mo-Fe-Pt-Zn-Ca-Er-Au-Cd-Co-Gd-Na-Sm-Eu-Tb-V-Ag-Nd-U-Ba-Ce-K-Ga-Cr-Al-Li-Sc-Ru-In-Mg-Zr-Dy-W-Yb-Y-Ho-Re-Be-Rb-La-Sn-Cs-Pb-Pr-Bi-Tm-Sr-Ti-Hf-Ir-Nb-Pd-Hg-Th-Np-Lu-Rh-Pu_2_16_2,phimage_Cu-Mn-Ni-Mo-Fe-Pt-Zn-Ca-Er-Au-Cd-Co-Gd-Na-Sm-Eu-Tb-V-Ag-Nd-U-Ba-Ce-K-Ga-Cr-Al-Li-Sc-Ru-In-Mg-Zr-Dy-W-Yb-Y-Ho-Re-Be-Rb-La-Sn-Cs-Pb-Pr-Bi-Tm-Sr-Ti-Hf-Ir-Nb-Pd-Hg-Th-Np-Lu-Rh-Pu_2_16_3,phimage_Cu-Mn-Ni-Mo-Fe-Pt-Zn-Ca-Er-Au-Cd-Co-Gd-Na-Sm-Eu-Tb-V-Ag-Nd-U-Ba-Ce-K-Ga-Cr-Al-Li-Sc-Ru-In-Mg-Zr-Dy-W-Yb-Y-Ho-Re-Be-Rb-La-Sn-Cs-Pb-Pr-Bi-Tm-Sr-Ti-Hf-Ir-Nb-Pd-Hg-Th-Np-Lu-Rh-Pu_2_16_4,phimage_Cu-Mn-Ni-Mo-Fe-Pt-Zn-Ca-Er-Au-Cd-Co-Gd-Na-Sm-Eu-Tb-V-Ag-Nd-U-Ba-Ce-K-Ga-Cr-Al-Li-Sc-Ru-In-Mg-Zr-Dy-W-Yb-Y-Ho-Re-Be-Rb-La-Sn-Cs-Pb-Pr-Bi-Tm-Sr-Ti-Hf-Ir-Nb-Pd-Hg-Th-Np-Lu-Rh-Pu_2_16_5,phimage_Cu-Mn-Ni-Mo-Fe-Pt-Zn-Ca-Er-Au-Cd-Co-Gd-Na-Sm-Eu-Tb-V-Ag-Nd-U-Ba-Ce-K-Ga-Cr-Al-Li-Sc-Ru-In-Mg-Zr-Dy-W-Yb-Y-Ho-Re-Be-Rb-La-Sn-Cs-Pb-Pr-Bi-Tm-Sr-Ti-Hf-Ir-Nb-Pd-Hg-Th-Np-Lu-Rh-Pu_2_16_6,phimage_Cu-Mn-Ni-Mo-Fe-Pt-Zn-Ca-Er-Au-Cd-Co-Gd-Na-Sm-Eu-Tb-V-Ag-Nd-U-Ba-Ce-K-Ga-Cr-Al-Li-Sc-Ru-In-Mg-Zr-Dy-W-Yb-Y-Ho-Re-Be-Rb-La-Sn-Cs-Pb-Pr-Bi-Tm-Sr-Ti-Hf-Ir-Nb-Pd-Hg-Th-Np-Lu-Rh-Pu_2_16_7,phimage_Cu-Mn-Ni-Mo-Fe-Pt-Zn-Ca-Er-Au-Cd-Co-Gd-Na-Sm-Eu-Tb-V-Ag-Nd-U-Ba-Ce-K-Ga-Cr-Al-Li-Sc-Ru-In-Mg-Zr-Dy-W-Yb-Y-Ho-Re-Be-Rb-La-Sn-Cs-Pb-Pr-Bi-Tm-Sr-Ti-Hf-Ir-Nb-Pd-Hg-Th-Np-Lu-Rh-Pu_2_16_8,phimage_Cu-Mn-Ni-Mo-Fe-Pt-Zn-Ca-Er-Au-Cd-Co-Gd-Na-Sm-Eu-Tb-V-Ag-Nd-U-Ba-Ce-K-Ga-Cr-Al-Li-Sc-Ru-In-Mg-Zr-Dy-W-Yb-Y-Ho-Re-Be-Rb-La-Sn-Cs-Pb-Pr-Bi-Tm-Sr-Ti-Hf-Ir-Nb-Pd-Hg-Th-Np-Lu-Rh-Pu_2_16_9,phimage_Cu-Mn-Ni-Mo-Fe-Pt-Zn-Ca-Er-Au-Cd-Co-Gd-Na-Sm-Eu-Tb-V-Ag-Nd-U-Ba-Ce-K-Ga-Cr-Al-Li-Sc-Ru-In-Mg-Zr-Dy-W-Yb-Y-Ho-Re-Be-Rb-La-Sn-Cs-Pb-Pr-Bi-Tm-Sr-Ti-Hf-Ir-Nb-Pd-Hg-Th-Np-Lu-Rh-Pu_2_16_10,phimage_Cu-Mn-Ni-Mo-Fe-Pt-Zn-Ca-Er-Au-Cd-Co-Gd-Na-Sm-Eu-Tb-V-Ag-Nd-U-Ba-Ce-K-Ga-Cr-Al-Li-Sc-Ru-In-Mg-Zr-Dy-W-Yb-Y-Ho-Re-Be-Rb-La-Sn-Cs-Pb-Pr-Bi-Tm-Sr-Ti-Hf-Ir-Nb-Pd-Hg-Th-Np-Lu-Rh-Pu_2_16_11,phimage_Cu-Mn-Ni-Mo-Fe-Pt-Zn-Ca-Er-Au-Cd-Co-Gd-Na-Sm-Eu-Tb-V-Ag-Nd-U-Ba-Ce-K-Ga-Cr-Al-Li-Sc-Ru-In-Mg-Zr-Dy-W-Yb-Y-Ho-Re-Be-Rb-La-Sn-Cs-Pb-Pr-Bi-Tm-Sr-Ti-Hf-Ir-Nb-Pd-Hg-Th-Np-Lu-Rh-Pu_2_16_12,phimage_Cu-Mn-Ni-Mo-Fe-Pt-Zn-Ca-Er-Au-Cd-Co-Gd-Na-Sm-Eu-Tb-V-Ag-Nd-U-Ba-Ce-K-Ga-Cr-Al-Li-Sc-Ru-In-Mg-Zr-Dy-W-Yb-Y-Ho-Re-Be-Rb-La-Sn-Cs-Pb-Pr-Bi-Tm-Sr-Ti-Hf-Ir-Nb-Pd-Hg-Th-Np-Lu-Rh-Pu_2_16_13,phimage_Cu-Mn-Ni-Mo-Fe-Pt-Zn-Ca-Er-Au-Cd-Co-Gd-Na-Sm-Eu-Tb-V-Ag-Nd-U-Ba-Ce-K-Ga-Cr-Al-Li-Sc-Ru-In-Mg-Zr-Dy-W-Yb-Y-Ho-Re-Be-Rb-La-Sn-Cs-Pb-Pr-Bi-Tm-Sr-Ti-Hf-Ir-Nb-Pd-Hg-Th-Np-Lu-Rh-Pu_2_16_14,phimage_Cu-Mn-Ni-Mo-Fe-Pt-Zn-Ca-Er-Au-Cd-Co-Gd-Na-Sm-Eu-Tb-V-Ag-Nd-U-Ba-Ce-K-Ga-Cr-Al-Li-Sc-Ru-In-Mg-Zr-Dy-W-Yb-Y-Ho-Re-Be-Rb-La-Sn-Cs-Pb-Pr-Bi-Tm-Sr-Ti-Hf-Ir-Nb-Pd-Hg-Th-Np-Lu-Rh-Pu_2_16_15,phimage_Cu-Mn-Ni-Mo-Fe-Pt-Zn-Ca-Er-Au-Cd-Co-Gd-Na-Sm-Eu-Tb-V-Ag-Nd-U-Ba-Ce-K-Ga-Cr-Al-Li-Sc-Ru-In-Mg-Zr-Dy-W-Yb-Y-Ho-Re-Be-Rb-La-Sn-Cs-Pb-Pr-Bi-Tm-Sr-Ti-Hf-Ir-Nb-Pd-Hg-Th-Np-Lu-Rh-Pu_2_16_16,phimage_Cu-Mn-Ni-Mo-Fe-Pt-Zn-Ca-Er-Au-Cd-Co-Gd-Na-Sm-Eu-Tb-V-Ag-Nd-U-Ba-Ce-K-Ga-Cr-Al-Li-Sc-Ru-In-Mg-Zr-Dy-W-Yb-Y-Ho-Re-Be-Rb-La-Sn-Cs-Pb-Pr-Bi-Tm-Sr-Ti-Hf-Ir-Nb-Pd-Hg-Th-Np-Lu-Rh-Pu_2_16_17,phimage_Cu-Mn-Ni-Mo-Fe-Pt-Zn-Ca-Er-Au-Cd-Co-Gd-Na-Sm-Eu-Tb-V-Ag-Nd-U-Ba-Ce-K-Ga-Cr-Al-Li-Sc-Ru-In-Mg-Zr-Dy-W-Yb-Y-Ho-Re-Be-Rb-La-Sn-Cs-Pb-Pr-Bi-Tm-Sr-Ti-Hf-Ir-Nb-Pd-Hg-Th-Np-Lu-Rh-Pu_2_16_18,phimage_Cu-Mn-Ni-Mo-Fe-Pt-Zn-Ca-Er-Au-Cd-Co-Gd-Na-Sm-Eu-Tb-V-Ag-Nd-U-Ba-Ce-K-Ga-Cr-Al-Li-Sc-Ru-In-Mg-Zr-Dy-W-Yb-Y-Ho-Re-Be-Rb-La-Sn-Cs-Pb-Pr-Bi-Tm-Sr-Ti-Hf-Ir-Nb-Pd-Hg-Th-Np-Lu-Rh-Pu_2_16_19,phimage_Cu-Mn-Ni-Mo-Fe-Pt-Zn-Ca-Er-Au-Cd-Co-Gd-Na-Sm-Eu-Tb-V-Ag-Nd-U-Ba-Ce-K-Ga-Cr-Al-Li-Sc-Ru-In-Mg-Zr-Dy-W-Yb-Y-Ho-Re-Be-Rb-La-Sn-Cs-Pb-Pr-Bi-Tm-Sr-Ti-Hf-Ir-Nb-Pd-Hg-Th-Np-Lu-Rh-Pu_2_17_0,phimage_Cu-Mn-Ni-Mo-Fe-Pt-Zn-Ca-Er-Au-Cd-Co-Gd-Na-Sm-Eu-Tb-V-Ag-Nd-U-Ba-Ce-K-Ga-Cr-Al-Li-Sc-Ru-In-Mg-Zr-Dy-W-Yb-Y-Ho-Re-Be-Rb-La-Sn-Cs-Pb-Pr-Bi-Tm-Sr-Ti-Hf-Ir-Nb-Pd-Hg-Th-Np-Lu-Rh-Pu_2_17_1,phimage_Cu-Mn-Ni-Mo-Fe-Pt-Zn-Ca-Er-Au-Cd-Co-Gd-Na-Sm-Eu-Tb-V-Ag-Nd-U-Ba-Ce-K-Ga-Cr-Al-Li-Sc-Ru-In-Mg-Zr-Dy-W-Yb-Y-Ho-Re-Be-Rb-La-Sn-Cs-Pb-Pr-Bi-Tm-Sr-Ti-Hf-Ir-Nb-Pd-Hg-Th-Np-Lu-Rh-Pu_2_17_2,phimage_Cu-Mn-Ni-Mo-Fe-Pt-Zn-Ca-Er-Au-Cd-Co-Gd-Na-Sm-Eu-Tb-V-Ag-Nd-U-Ba-Ce-K-Ga-Cr-Al-Li-Sc-Ru-In-Mg-Zr-Dy-W-Yb-Y-Ho-Re-Be-Rb-La-Sn-Cs-Pb-Pr-Bi-Tm-Sr-Ti-Hf-Ir-Nb-Pd-Hg-Th-Np-Lu-Rh-Pu_2_17_3,phimage_Cu-Mn-Ni-Mo-Fe-Pt-Zn-Ca-Er-Au-Cd-Co-Gd-Na-Sm-Eu-Tb-V-Ag-Nd-U-Ba-Ce-K-Ga-Cr-Al-Li-Sc-Ru-In-Mg-Zr-Dy-W-Yb-Y-Ho-Re-Be-Rb-La-Sn-Cs-Pb-Pr-Bi-Tm-Sr-Ti-Hf-Ir-Nb-Pd-Hg-Th-Np-Lu-Rh-Pu_2_17_4,phimage_Cu-Mn-Ni-Mo-Fe-Pt-Zn-Ca-Er-Au-Cd-Co-Gd-Na-Sm-Eu-Tb-V-Ag-Nd-U-Ba-Ce-K-Ga-Cr-Al-Li-Sc-Ru-In-Mg-Zr-Dy-W-Yb-Y-Ho-Re-Be-Rb-La-Sn-Cs-Pb-Pr-Bi-Tm-Sr-Ti-Hf-Ir-Nb-Pd-Hg-Th-Np-Lu-Rh-Pu_2_17_5,phimage_Cu-Mn-Ni-Mo-Fe-Pt-Zn-Ca-Er-Au-Cd-Co-Gd-Na-Sm-Eu-Tb-V-Ag-Nd-U-Ba-Ce-K-Ga-Cr-Al-Li-Sc-Ru-In-Mg-Zr-Dy-W-Yb-Y-Ho-Re-Be-Rb-La-Sn-Cs-Pb-Pr-Bi-Tm-Sr-Ti-Hf-Ir-Nb-Pd-Hg-Th-Np-Lu-Rh-Pu_2_17_6,phimage_Cu-Mn-Ni-Mo-Fe-Pt-Zn-Ca-Er-Au-Cd-Co-Gd-Na-Sm-Eu-Tb-V-Ag-Nd-U-Ba-Ce-K-Ga-Cr-Al-Li-Sc-Ru-In-Mg-Zr-Dy-W-Yb-Y-Ho-Re-Be-Rb-La-Sn-Cs-Pb-Pr-Bi-Tm-Sr-Ti-Hf-Ir-Nb-Pd-Hg-Th-Np-Lu-Rh-Pu_2_17_7,phimage_Cu-Mn-Ni-Mo-Fe-Pt-Zn-Ca-Er-Au-Cd-Co-Gd-Na-Sm-Eu-Tb-V-Ag-Nd-U-Ba-Ce-K-Ga-Cr-Al-Li-Sc-Ru-In-Mg-Zr-Dy-W-Yb-Y-Ho-Re-Be-Rb-La-Sn-Cs-Pb-Pr-Bi-Tm-Sr-Ti-Hf-Ir-Nb-Pd-Hg-Th-Np-Lu-Rh-Pu_2_17_8,phimage_Cu-Mn-Ni-Mo-Fe-Pt-Zn-Ca-Er-Au-Cd-Co-Gd-Na-Sm-Eu-Tb-V-Ag-Nd-U-Ba-Ce-K-Ga-Cr-Al-Li-Sc-Ru-In-Mg-Zr-Dy-W-Yb-Y-Ho-Re-Be-Rb-La-Sn-Cs-Pb-Pr-Bi-Tm-Sr-Ti-Hf-Ir-Nb-Pd-Hg-Th-Np-Lu-Rh-Pu_2_17_9,phimage_Cu-Mn-Ni-Mo-Fe-Pt-Zn-Ca-Er-Au-Cd-Co-Gd-Na-Sm-Eu-Tb-V-Ag-Nd-U-Ba-Ce-K-Ga-Cr-Al-Li-Sc-Ru-In-Mg-Zr-Dy-W-Yb-Y-Ho-Re-Be-Rb-La-Sn-Cs-Pb-Pr-Bi-Tm-Sr-Ti-Hf-Ir-Nb-Pd-Hg-Th-Np-Lu-Rh-Pu_2_17_10,phimage_Cu-Mn-Ni-Mo-Fe-Pt-Zn-Ca-Er-Au-Cd-Co-Gd-Na-Sm-Eu-Tb-V-Ag-Nd-U-Ba-Ce-K-Ga-Cr-Al-Li-Sc-Ru-In-Mg-Zr-Dy-W-Yb-Y-Ho-Re-Be-Rb-La-Sn-Cs-Pb-Pr-Bi-Tm-Sr-Ti-Hf-Ir-Nb-Pd-Hg-Th-Np-Lu-Rh-Pu_2_17_11,phimage_Cu-Mn-Ni-Mo-Fe-Pt-Zn-Ca-Er-Au-Cd-Co-Gd-Na-Sm-Eu-Tb-V-Ag-Nd-U-Ba-Ce-K-Ga-Cr-Al-Li-Sc-Ru-In-Mg-Zr-Dy-W-Yb-Y-Ho-Re-Be-Rb-La-Sn-Cs-Pb-Pr-Bi-Tm-Sr-Ti-Hf-Ir-Nb-Pd-Hg-Th-Np-Lu-Rh-Pu_2_17_12,phimage_Cu-Mn-Ni-Mo-Fe-Pt-Zn-Ca-Er-Au-Cd-Co-Gd-Na-Sm-Eu-Tb-V-Ag-Nd-U-Ba-Ce-K-Ga-Cr-Al-Li-Sc-Ru-In-Mg-Zr-Dy-W-Yb-Y-Ho-Re-Be-Rb-La-Sn-Cs-Pb-Pr-Bi-Tm-Sr-Ti-Hf-Ir-Nb-Pd-Hg-Th-Np-Lu-Rh-Pu_2_17_13,phimage_Cu-Mn-Ni-Mo-Fe-Pt-Zn-Ca-Er-Au-Cd-Co-Gd-Na-Sm-Eu-Tb-V-Ag-Nd-U-Ba-Ce-K-Ga-Cr-Al-Li-Sc-Ru-In-Mg-Zr-Dy-W-Yb-Y-Ho-Re-Be-Rb-La-Sn-Cs-Pb-Pr-Bi-Tm-Sr-Ti-Hf-Ir-Nb-Pd-Hg-Th-Np-Lu-Rh-Pu_2_17_14,phimage_Cu-Mn-Ni-Mo-Fe-Pt-Zn-Ca-Er-Au-Cd-Co-Gd-Na-Sm-Eu-Tb-V-Ag-Nd-U-Ba-Ce-K-Ga-Cr-Al-Li-Sc-Ru-In-Mg-Zr-Dy-W-Yb-Y-Ho-Re-Be-Rb-La-Sn-Cs-Pb-Pr-Bi-Tm-Sr-Ti-Hf-Ir-Nb-Pd-Hg-Th-Np-Lu-Rh-Pu_2_17_15,phimage_Cu-Mn-Ni-Mo-Fe-Pt-Zn-Ca-Er-Au-Cd-Co-Gd-Na-Sm-Eu-Tb-V-Ag-Nd-U-Ba-Ce-K-Ga-Cr-Al-Li-Sc-Ru-In-Mg-Zr-Dy-W-Yb-Y-Ho-Re-Be-Rb-La-Sn-Cs-Pb-Pr-Bi-Tm-Sr-Ti-Hf-Ir-Nb-Pd-Hg-Th-Np-Lu-Rh-Pu_2_17_16,phimage_Cu-Mn-Ni-Mo-Fe-Pt-Zn-Ca-Er-Au-Cd-Co-Gd-Na-Sm-Eu-Tb-V-Ag-Nd-U-Ba-Ce-K-Ga-Cr-Al-Li-Sc-Ru-In-Mg-Zr-Dy-W-Yb-Y-Ho-Re-Be-Rb-La-Sn-Cs-Pb-Pr-Bi-Tm-Sr-Ti-Hf-Ir-Nb-Pd-Hg-Th-Np-Lu-Rh-Pu_2_17_17,phimage_Cu-Mn-Ni-Mo-Fe-Pt-Zn-Ca-Er-Au-Cd-Co-Gd-Na-Sm-Eu-Tb-V-Ag-Nd-U-Ba-Ce-K-Ga-Cr-Al-Li-Sc-Ru-In-Mg-Zr-Dy-W-Yb-Y-Ho-Re-Be-Rb-La-Sn-Cs-Pb-Pr-Bi-Tm-Sr-Ti-Hf-Ir-Nb-Pd-Hg-Th-Np-Lu-Rh-Pu_2_17_18,phimage_Cu-Mn-Ni-Mo-Fe-Pt-Zn-Ca-Er-Au-Cd-Co-Gd-Na-Sm-Eu-Tb-V-Ag-Nd-U-Ba-Ce-K-Ga-Cr-Al-Li-Sc-Ru-In-Mg-Zr-Dy-W-Yb-Y-Ho-Re-Be-Rb-La-Sn-Cs-Pb-Pr-Bi-Tm-Sr-Ti-Hf-Ir-Nb-Pd-Hg-Th-Np-Lu-Rh-Pu_2_17_19,phimage_Cu-Mn-Ni-Mo-Fe-Pt-Zn-Ca-Er-Au-Cd-Co-Gd-Na-Sm-Eu-Tb-V-Ag-Nd-U-Ba-Ce-K-Ga-Cr-Al-Li-Sc-Ru-In-Mg-Zr-Dy-W-Yb-Y-Ho-Re-Be-Rb-La-Sn-Cs-Pb-Pr-Bi-Tm-Sr-Ti-Hf-Ir-Nb-Pd-Hg-Th-Np-Lu-Rh-Pu_2_18_0,phimage_Cu-Mn-Ni-Mo-Fe-Pt-Zn-Ca-Er-Au-Cd-Co-Gd-Na-Sm-Eu-Tb-V-Ag-Nd-U-Ba-Ce-K-Ga-Cr-Al-Li-Sc-Ru-In-Mg-Zr-Dy-W-Yb-Y-Ho-Re-Be-Rb-La-Sn-Cs-Pb-Pr-Bi-Tm-Sr-Ti-Hf-Ir-Nb-Pd-Hg-Th-Np-Lu-Rh-Pu_2_18_1,phimage_Cu-Mn-Ni-Mo-Fe-Pt-Zn-Ca-Er-Au-Cd-Co-Gd-Na-Sm-Eu-Tb-V-Ag-Nd-U-Ba-Ce-K-Ga-Cr-Al-Li-Sc-Ru-In-Mg-Zr-Dy-W-Yb-Y-Ho-Re-Be-Rb-La-Sn-Cs-Pb-Pr-Bi-Tm-Sr-Ti-Hf-Ir-Nb-Pd-Hg-Th-Np-Lu-Rh-Pu_2_18_2,phimage_Cu-Mn-Ni-Mo-Fe-Pt-Zn-Ca-Er-Au-Cd-Co-Gd-Na-Sm-Eu-Tb-V-Ag-Nd-U-Ba-Ce-K-Ga-Cr-Al-Li-Sc-Ru-In-Mg-Zr-Dy-W-Yb-Y-Ho-Re-Be-Rb-La-Sn-Cs-Pb-Pr-Bi-Tm-Sr-Ti-Hf-Ir-Nb-Pd-Hg-Th-Np-Lu-Rh-Pu_2_18_3,phimage_Cu-Mn-Ni-Mo-Fe-Pt-Zn-Ca-Er-Au-Cd-Co-Gd-Na-Sm-Eu-Tb-V-Ag-Nd-U-Ba-Ce-K-Ga-Cr-Al-Li-Sc-Ru-In-Mg-Zr-Dy-W-Yb-Y-Ho-Re-Be-Rb-La-Sn-Cs-Pb-Pr-Bi-Tm-Sr-Ti-Hf-Ir-Nb-Pd-Hg-Th-Np-Lu-Rh-Pu_2_18_4,phimage_Cu-Mn-Ni-Mo-Fe-Pt-Zn-Ca-Er-Au-Cd-Co-Gd-Na-Sm-Eu-Tb-V-Ag-Nd-U-Ba-Ce-K-Ga-Cr-Al-Li-Sc-Ru-In-Mg-Zr-Dy-W-Yb-Y-Ho-Re-Be-Rb-La-Sn-Cs-Pb-Pr-Bi-Tm-Sr-Ti-Hf-Ir-Nb-Pd-Hg-Th-Np-Lu-Rh-Pu_2_18_5,phimage_Cu-Mn-Ni-Mo-Fe-Pt-Zn-Ca-Er-Au-Cd-Co-Gd-Na-Sm-Eu-Tb-V-Ag-Nd-U-Ba-Ce-K-Ga-Cr-Al-Li-Sc-Ru-In-Mg-Zr-Dy-W-Yb-Y-Ho-Re-Be-Rb-La-Sn-Cs-Pb-Pr-Bi-Tm-Sr-Ti-Hf-Ir-Nb-Pd-Hg-Th-Np-Lu-Rh-Pu_2_18_6,phimage_Cu-Mn-Ni-Mo-Fe-Pt-Zn-Ca-Er-Au-Cd-Co-Gd-Na-Sm-Eu-Tb-V-Ag-Nd-U-Ba-Ce-K-Ga-Cr-Al-Li-Sc-Ru-In-Mg-Zr-Dy-W-Yb-Y-Ho-Re-Be-Rb-La-Sn-Cs-Pb-Pr-Bi-Tm-Sr-Ti-Hf-Ir-Nb-Pd-Hg-Th-Np-Lu-Rh-Pu_2_18_7,phimage_Cu-Mn-Ni-Mo-Fe-Pt-Zn-Ca-Er-Au-Cd-Co-Gd-Na-Sm-Eu-Tb-V-Ag-Nd-U-Ba-Ce-K-Ga-Cr-Al-Li-Sc-Ru-In-Mg-Zr-Dy-W-Yb-Y-Ho-Re-Be-Rb-La-Sn-Cs-Pb-Pr-Bi-Tm-Sr-Ti-Hf-Ir-Nb-Pd-Hg-Th-Np-Lu-Rh-Pu_2_18_8,phimage_Cu-Mn-Ni-Mo-Fe-Pt-Zn-Ca-Er-Au-Cd-Co-Gd-Na-Sm-Eu-Tb-V-Ag-Nd-U-Ba-Ce-K-Ga-Cr-Al-Li-Sc-Ru-In-Mg-Zr-Dy-W-Yb-Y-Ho-Re-Be-Rb-La-Sn-Cs-Pb-Pr-Bi-Tm-Sr-Ti-Hf-Ir-Nb-Pd-Hg-Th-Np-Lu-Rh-Pu_2_18_9,phimage_Cu-Mn-Ni-Mo-Fe-Pt-Zn-Ca-Er-Au-Cd-Co-Gd-Na-Sm-Eu-Tb-V-Ag-Nd-U-Ba-Ce-K-Ga-Cr-Al-Li-Sc-Ru-In-Mg-Zr-Dy-W-Yb-Y-Ho-Re-Be-Rb-La-Sn-Cs-Pb-Pr-Bi-Tm-Sr-Ti-Hf-Ir-Nb-Pd-Hg-Th-Np-Lu-Rh-Pu_2_18_10,phimage_Cu-Mn-Ni-Mo-Fe-Pt-Zn-Ca-Er-Au-Cd-Co-Gd-Na-Sm-Eu-Tb-V-Ag-Nd-U-Ba-Ce-K-Ga-Cr-Al-Li-Sc-Ru-In-Mg-Zr-Dy-W-Yb-Y-Ho-Re-Be-Rb-La-Sn-Cs-Pb-Pr-Bi-Tm-Sr-Ti-Hf-Ir-Nb-Pd-Hg-Th-Np-Lu-Rh-Pu_2_18_11,phimage_Cu-Mn-Ni-Mo-Fe-Pt-Zn-Ca-Er-Au-Cd-Co-Gd-Na-Sm-Eu-Tb-V-Ag-Nd-U-Ba-Ce-K-Ga-Cr-Al-Li-Sc-Ru-In-Mg-Zr-Dy-W-Yb-Y-Ho-Re-Be-Rb-La-Sn-Cs-Pb-Pr-Bi-Tm-Sr-Ti-Hf-Ir-Nb-Pd-Hg-Th-Np-Lu-Rh-Pu_2_18_12,phimage_Cu-Mn-Ni-Mo-Fe-Pt-Zn-Ca-Er-Au-Cd-Co-Gd-Na-Sm-Eu-Tb-V-Ag-Nd-U-Ba-Ce-K-Ga-Cr-Al-Li-Sc-Ru-In-Mg-Zr-Dy-W-Yb-Y-Ho-Re-Be-Rb-La-Sn-Cs-Pb-Pr-Bi-Tm-Sr-Ti-Hf-Ir-Nb-Pd-Hg-Th-Np-Lu-Rh-Pu_2_18_13,phimage_Cu-Mn-Ni-Mo-Fe-Pt-Zn-Ca-Er-Au-Cd-Co-Gd-Na-Sm-Eu-Tb-V-Ag-Nd-U-Ba-Ce-K-Ga-Cr-Al-Li-Sc-Ru-In-Mg-Zr-Dy-W-Yb-Y-Ho-Re-Be-Rb-La-Sn-Cs-Pb-Pr-Bi-Tm-Sr-Ti-Hf-Ir-Nb-Pd-Hg-Th-Np-Lu-Rh-Pu_2_18_14,phimage_Cu-Mn-Ni-Mo-Fe-Pt-Zn-Ca-Er-Au-Cd-Co-Gd-Na-Sm-Eu-Tb-V-Ag-Nd-U-Ba-Ce-K-Ga-Cr-Al-Li-Sc-Ru-In-Mg-Zr-Dy-W-Yb-Y-Ho-Re-Be-Rb-La-Sn-Cs-Pb-Pr-Bi-Tm-Sr-Ti-Hf-Ir-Nb-Pd-Hg-Th-Np-Lu-Rh-Pu_2_18_15,phimage_Cu-Mn-Ni-Mo-Fe-Pt-Zn-Ca-Er-Au-Cd-Co-Gd-Na-Sm-Eu-Tb-V-Ag-Nd-U-Ba-Ce-K-Ga-Cr-Al-Li-Sc-Ru-In-Mg-Zr-Dy-W-Yb-Y-Ho-Re-Be-Rb-La-Sn-Cs-Pb-Pr-Bi-Tm-Sr-Ti-Hf-Ir-Nb-Pd-Hg-Th-Np-Lu-Rh-Pu_2_18_16,phimage_Cu-Mn-Ni-Mo-Fe-Pt-Zn-Ca-Er-Au-Cd-Co-Gd-Na-Sm-Eu-Tb-V-Ag-Nd-U-Ba-Ce-K-Ga-Cr-Al-Li-Sc-Ru-In-Mg-Zr-Dy-W-Yb-Y-Ho-Re-Be-Rb-La-Sn-Cs-Pb-Pr-Bi-Tm-Sr-Ti-Hf-Ir-Nb-Pd-Hg-Th-Np-Lu-Rh-Pu_2_18_17,phimage_Cu-Mn-Ni-Mo-Fe-Pt-Zn-Ca-Er-Au-Cd-Co-Gd-Na-Sm-Eu-Tb-V-Ag-Nd-U-Ba-Ce-K-Ga-Cr-Al-Li-Sc-Ru-In-Mg-Zr-Dy-W-Yb-Y-Ho-Re-Be-Rb-La-Sn-Cs-Pb-Pr-Bi-Tm-Sr-Ti-Hf-Ir-Nb-Pd-Hg-Th-Np-Lu-Rh-Pu_2_18_18,phimage_Cu-Mn-Ni-Mo-Fe-Pt-Zn-Ca-Er-Au-Cd-Co-Gd-Na-Sm-Eu-Tb-V-Ag-Nd-U-Ba-Ce-K-Ga-Cr-Al-Li-Sc-Ru-In-Mg-Zr-Dy-W-Yb-Y-Ho-Re-Be-Rb-La-Sn-Cs-Pb-Pr-Bi-Tm-Sr-Ti-Hf-Ir-Nb-Pd-Hg-Th-Np-Lu-Rh-Pu_2_18_19,phimage_Cu-Mn-Ni-Mo-Fe-Pt-Zn-Ca-Er-Au-Cd-Co-Gd-Na-Sm-Eu-Tb-V-Ag-Nd-U-Ba-Ce-K-Ga-Cr-Al-Li-Sc-Ru-In-Mg-Zr-Dy-W-Yb-Y-Ho-Re-Be-Rb-La-Sn-Cs-Pb-Pr-Bi-Tm-Sr-Ti-Hf-Ir-Nb-Pd-Hg-Th-Np-Lu-Rh-Pu_2_19_0,phimage_Cu-Mn-Ni-Mo-Fe-Pt-Zn-Ca-Er-Au-Cd-Co-Gd-Na-Sm-Eu-Tb-V-Ag-Nd-U-Ba-Ce-K-Ga-Cr-Al-Li-Sc-Ru-In-Mg-Zr-Dy-W-Yb-Y-Ho-Re-Be-Rb-La-Sn-Cs-Pb-Pr-Bi-Tm-Sr-Ti-Hf-Ir-Nb-Pd-Hg-Th-Np-Lu-Rh-Pu_2_19_1,phimage_Cu-Mn-Ni-Mo-Fe-Pt-Zn-Ca-Er-Au-Cd-Co-Gd-Na-Sm-Eu-Tb-V-Ag-Nd-U-Ba-Ce-K-Ga-Cr-Al-Li-Sc-Ru-In-Mg-Zr-Dy-W-Yb-Y-Ho-Re-Be-Rb-La-Sn-Cs-Pb-Pr-Bi-Tm-Sr-Ti-Hf-Ir-Nb-Pd-Hg-Th-Np-Lu-Rh-Pu_2_19_2,phimage_Cu-Mn-Ni-Mo-Fe-Pt-Zn-Ca-Er-Au-Cd-Co-Gd-Na-Sm-Eu-Tb-V-Ag-Nd-U-Ba-Ce-K-Ga-Cr-Al-Li-Sc-Ru-In-Mg-Zr-Dy-W-Yb-Y-Ho-Re-Be-Rb-La-Sn-Cs-Pb-Pr-Bi-Tm-Sr-Ti-Hf-Ir-Nb-Pd-Hg-Th-Np-Lu-Rh-Pu_2_19_3,phimage_Cu-Mn-Ni-Mo-Fe-Pt-Zn-Ca-Er-Au-Cd-Co-Gd-Na-Sm-Eu-Tb-V-Ag-Nd-U-Ba-Ce-K-Ga-Cr-Al-Li-Sc-Ru-In-Mg-Zr-Dy-W-Yb-Y-Ho-Re-Be-Rb-La-Sn-Cs-Pb-Pr-Bi-Tm-Sr-Ti-Hf-Ir-Nb-Pd-Hg-Th-Np-Lu-Rh-Pu_2_19_4,phimage_Cu-Mn-Ni-Mo-Fe-Pt-Zn-Ca-Er-Au-Cd-Co-Gd-Na-Sm-Eu-Tb-V-Ag-Nd-U-Ba-Ce-K-Ga-Cr-Al-Li-Sc-Ru-In-Mg-Zr-Dy-W-Yb-Y-Ho-Re-Be-Rb-La-Sn-Cs-Pb-Pr-Bi-Tm-Sr-Ti-Hf-Ir-Nb-Pd-Hg-Th-Np-Lu-Rh-Pu_2_19_5,phimage_Cu-Mn-Ni-Mo-Fe-Pt-Zn-Ca-Er-Au-Cd-Co-Gd-Na-Sm-Eu-Tb-V-Ag-Nd-U-Ba-Ce-K-Ga-Cr-Al-Li-Sc-Ru-In-Mg-Zr-Dy-W-Yb-Y-Ho-Re-Be-Rb-La-Sn-Cs-Pb-Pr-Bi-Tm-Sr-Ti-Hf-Ir-Nb-Pd-Hg-Th-Np-Lu-Rh-Pu_2_19_6,phimage_Cu-Mn-Ni-Mo-Fe-Pt-Zn-Ca-Er-Au-Cd-Co-Gd-Na-Sm-Eu-Tb-V-Ag-Nd-U-Ba-Ce-K-Ga-Cr-Al-Li-Sc-Ru-In-Mg-Zr-Dy-W-Yb-Y-Ho-Re-Be-Rb-La-Sn-Cs-Pb-Pr-Bi-Tm-Sr-Ti-Hf-Ir-Nb-Pd-Hg-Th-Np-Lu-Rh-Pu_2_19_7,phimage_Cu-Mn-Ni-Mo-Fe-Pt-Zn-Ca-Er-Au-Cd-Co-Gd-Na-Sm-Eu-Tb-V-Ag-Nd-U-Ba-Ce-K-Ga-Cr-Al-Li-Sc-Ru-In-Mg-Zr-Dy-W-Yb-Y-Ho-Re-Be-Rb-La-Sn-Cs-Pb-Pr-Bi-Tm-Sr-Ti-Hf-Ir-Nb-Pd-Hg-Th-Np-Lu-Rh-Pu_2_19_8,phimage_Cu-Mn-Ni-Mo-Fe-Pt-Zn-Ca-Er-Au-Cd-Co-Gd-Na-Sm-Eu-Tb-V-Ag-Nd-U-Ba-Ce-K-Ga-Cr-Al-Li-Sc-Ru-In-Mg-Zr-Dy-W-Yb-Y-Ho-Re-Be-Rb-La-Sn-Cs-Pb-Pr-Bi-Tm-Sr-Ti-Hf-Ir-Nb-Pd-Hg-Th-Np-Lu-Rh-Pu_2_19_9,phimage_Cu-Mn-Ni-Mo-Fe-Pt-Zn-Ca-Er-Au-Cd-Co-Gd-Na-Sm-Eu-Tb-V-Ag-Nd-U-Ba-Ce-K-Ga-Cr-Al-Li-Sc-Ru-In-Mg-Zr-Dy-W-Yb-Y-Ho-Re-Be-Rb-La-Sn-Cs-Pb-Pr-Bi-Tm-Sr-Ti-Hf-Ir-Nb-Pd-Hg-Th-Np-Lu-Rh-Pu_2_19_10,phimage_Cu-Mn-Ni-Mo-Fe-Pt-Zn-Ca-Er-Au-Cd-Co-Gd-Na-Sm-Eu-Tb-V-Ag-Nd-U-Ba-Ce-K-Ga-Cr-Al-Li-Sc-Ru-In-Mg-Zr-Dy-W-Yb-Y-Ho-Re-Be-Rb-La-Sn-Cs-Pb-Pr-Bi-Tm-Sr-Ti-Hf-Ir-Nb-Pd-Hg-Th-Np-Lu-Rh-Pu_2_19_11,phimage_Cu-Mn-Ni-Mo-Fe-Pt-Zn-Ca-Er-Au-Cd-Co-Gd-Na-Sm-Eu-Tb-V-Ag-Nd-U-Ba-Ce-K-Ga-Cr-Al-Li-Sc-Ru-In-Mg-Zr-Dy-W-Yb-Y-Ho-Re-Be-Rb-La-Sn-Cs-Pb-Pr-Bi-Tm-Sr-Ti-Hf-Ir-Nb-Pd-Hg-Th-Np-Lu-Rh-Pu_2_19_12,phimage_Cu-Mn-Ni-Mo-Fe-Pt-Zn-Ca-Er-Au-Cd-Co-Gd-Na-Sm-Eu-Tb-V-Ag-Nd-U-Ba-Ce-K-Ga-Cr-Al-Li-Sc-Ru-In-Mg-Zr-Dy-W-Yb-Y-Ho-Re-Be-Rb-La-Sn-Cs-Pb-Pr-Bi-Tm-Sr-Ti-Hf-Ir-Nb-Pd-Hg-Th-Np-Lu-Rh-Pu_2_19_13,phimage_Cu-Mn-Ni-Mo-Fe-Pt-Zn-Ca-Er-Au-Cd-Co-Gd-Na-Sm-Eu-Tb-V-Ag-Nd-U-Ba-Ce-K-Ga-Cr-Al-Li-Sc-Ru-In-Mg-Zr-Dy-W-Yb-Y-Ho-Re-Be-Rb-La-Sn-Cs-Pb-Pr-Bi-Tm-Sr-Ti-Hf-Ir-Nb-Pd-Hg-Th-Np-Lu-Rh-Pu_2_19_14,phimage_Cu-Mn-Ni-Mo-Fe-Pt-Zn-Ca-Er-Au-Cd-Co-Gd-Na-Sm-Eu-Tb-V-Ag-Nd-U-Ba-Ce-K-Ga-Cr-Al-Li-Sc-Ru-In-Mg-Zr-Dy-W-Yb-Y-Ho-Re-Be-Rb-La-Sn-Cs-Pb-Pr-Bi-Tm-Sr-Ti-Hf-Ir-Nb-Pd-Hg-Th-Np-Lu-Rh-Pu_2_19_15,phimage_Cu-Mn-Ni-Mo-Fe-Pt-Zn-Ca-Er-Au-Cd-Co-Gd-Na-Sm-Eu-Tb-V-Ag-Nd-U-Ba-Ce-K-Ga-Cr-Al-Li-Sc-Ru-In-Mg-Zr-Dy-W-Yb-Y-Ho-Re-Be-Rb-La-Sn-Cs-Pb-Pr-Bi-Tm-Sr-Ti-Hf-Ir-Nb-Pd-Hg-Th-Np-Lu-Rh-Pu_2_19_16,phimage_Cu-Mn-Ni-Mo-Fe-Pt-Zn-Ca-Er-Au-Cd-Co-Gd-Na-Sm-Eu-Tb-V-Ag-Nd-U-Ba-Ce-K-Ga-Cr-Al-Li-Sc-Ru-In-Mg-Zr-Dy-W-Yb-Y-Ho-Re-Be-Rb-La-Sn-Cs-Pb-Pr-Bi-Tm-Sr-Ti-Hf-Ir-Nb-Pd-Hg-Th-Np-Lu-Rh-Pu_2_19_17,phimage_Cu-Mn-Ni-Mo-Fe-Pt-Zn-Ca-Er-Au-Cd-Co-Gd-Na-Sm-Eu-Tb-V-Ag-Nd-U-Ba-Ce-K-Ga-Cr-Al-Li-Sc-Ru-In-Mg-Zr-Dy-W-Yb-Y-Ho-Re-Be-Rb-La-Sn-Cs-Pb-Pr-Bi-Tm-Sr-Ti-Hf-Ir-Nb-Pd-Hg-Th-Np-Lu-Rh-Pu_2_19_18,phimage_Cu-Mn-Ni-Mo-Fe-Pt-Zn-Ca-Er-Au-Cd-Co-Gd-Na-Sm-Eu-Tb-V-Ag-Nd-U-Ba-Ce-K-Ga-Cr-Al-Li-Sc-Ru-In-Mg-Zr-Dy-W-Yb-Y-Ho-Re-Be-Rb-La-Sn-Cs-Pb-Pr-Bi-Tm-Sr-Ti-Hf-Ir-Nb-Pd-Hg-Th-Np-Lu-Rh-Pu_2_19_19,phimage_all_0_0_0,phimage_all_0_0_1,phimage_all_0_0_2,phimage_all_0_0_3,phimage_all_0_0_4,phimage_all_0_0_5,phimage_all_0_0_6,phimage_all_0_0_7,phimage_all_0_0_8,phimage_all_0_0_9,phimage_all_0_0_10,phimage_all_0_0_11,phimage_all_0_0_12,phimage_all_0_0_13,phimage_all_0_0_14,phimage_all_0_0_15,phimage_all_0_0_16,phimage_all_0_0_17,phimage_all_0_0_18,phimage_all_0_0_19,phimage_all_0_1_0,phimage_all_0_1_1,phimage_all_0_1_2,phimage_all_0_1_3,phimage_all_0_1_4,phimage_all_0_1_5,phimage_all_0_1_6,phimage_all_0_1_7,phimage_all_0_1_8,phimage_all_0_1_9,phimage_all_0_1_10,phimage_all_0_1_11,phimage_all_0_1_12,phimage_all_0_1_13,phimage_all_0_1_14,phimage_all_0_1_15,phimage_all_0_1_16,phimage_all_0_1_17,phimage_all_0_1_18,phimage_all_0_1_19,phimage_all_0_2_0,phimage_all_0_2_1,phimage_all_0_2_2,phimage_all_0_2_3,phimage_all_0_2_4,phimage_all_0_2_5,phimage_all_0_2_6,phimage_all_0_2_7,phimage_all_0_2_8,phimage_all_0_2_9,phimage_all_0_2_10,phimage_all_0_2_11,phimage_all_0_2_12,phimage_all_0_2_13,phimage_all_0_2_14,phimage_all_0_2_15,phimage_all_0_2_16,phimage_all_0_2_17,phimage_all_0_2_18,phimage_all_0_2_19,phimage_all_0_3_0,phimage_all_0_3_1,phimage_all_0_3_2,phimage_all_0_3_3,phimage_all_0_3_4,phimage_all_0_3_5,phimage_all_0_3_6,phimage_all_0_3_7,phimage_all_0_3_8,phimage_all_0_3_9,phimage_all_0_3_10,phimage_all_0_3_11,phimage_all_0_3_12,phimage_all_0_3_13,phimage_all_0_3_14,phimage_all_0_3_15,phimage_all_0_3_16,phimage_all_0_3_17,phimage_all_0_3_18,phimage_all_0_3_19,phimage_all_0_4_0,phimage_all_0_4_1,phimage_all_0_4_2,phimage_all_0_4_3,phimage_all_0_4_4,phimage_all_0_4_5,phimage_all_0_4_6,phimage_all_0_4_7,phimage_all_0_4_8,phimage_all_0_4_9,phimage_all_0_4_10,phimage_all_0_4_11,phimage_all_0_4_12,phimage_all_0_4_13,phimage_all_0_4_14,phimage_all_0_4_15,phimage_all_0_4_16,phimage_all_0_4_17,phimage_all_0_4_18,phimage_all_0_4_19,phimage_all_0_5_0,phimage_all_0_5_1,phimage_all_0_5_2,phimage_all_0_5_3,phimage_all_0_5_4,phimage_all_0_5_5,phimage_all_0_5_6,phimage_all_0_5_7,phimage_all_0_5_8,phimage_all_0_5_9,phimage_all_0_5_10,phimage_all_0_5_11,phimage_all_0_5_12,phimage_all_0_5_13,phimage_all_0_5_14,phimage_all_0_5_15,phimage_all_0_5_16,phimage_all_0_5_17,phimage_all_0_5_18,phimage_all_0_5_19,phimage_all_0_6_0,phimage_all_0_6_1,phimage_all_0_6_2,phimage_all_0_6_3,phimage_all_0_6_4,phimage_all_0_6_5,phimage_all_0_6_6,phimage_all_0_6_7,phimage_all_0_6_8,phimage_all_0_6_9,phimage_all_0_6_10,phimage_all_0_6_11,phimage_all_0_6_12,phimage_all_0_6_13,phimage_all_0_6_14,phimage_all_0_6_15,phimage_all_0_6_16,phimage_all_0_6_17,phimage_all_0_6_18,phimage_all_0_6_19,phimage_all_0_7_0,phimage_all_0_7_1,phimage_all_0_7_2,phimage_all_0_7_3,phimage_all_0_7_4,phimage_all_0_7_5,phimage_all_0_7_6,phimage_all_0_7_7,phimage_all_0_7_8,phimage_all_0_7_9,phimage_all_0_7_10,phimage_all_0_7_11,phimage_all_0_7_12,phimage_all_0_7_13,phimage_all_0_7_14,phimage_all_0_7_15,phimage_all_0_7_16,phimage_all_0_7_17,phimage_all_0_7_18,phimage_all_0_7_19,phimage_all_0_8_0,phimage_all_0_8_1,phimage_all_0_8_2,phimage_all_0_8_3,phimage_all_0_8_4,phimage_all_0_8_5,phimage_all_0_8_6,phimage_all_0_8_7,phimage_all_0_8_8,phimage_all_0_8_9,phimage_all_0_8_10,phimage_all_0_8_11,phimage_all_0_8_12,phimage_all_0_8_13,phimage_all_0_8_14,phimage_all_0_8_15,phimage_all_0_8_16,phimage_all_0_8_17,phimage_all_0_8_18,phimage_all_0_8_19,phimage_all_0_9_0,phimage_all_0_9_1,phimage_all_0_9_2,phimage_all_0_9_3,phimage_all_0_9_4,phimage_all_0_9_5,phimage_all_0_9_6,phimage_all_0_9_7,phimage_all_0_9_8,phimage_all_0_9_9,phimage_all_0_9_10,phimage_all_0_9_11,phimage_all_0_9_12,phimage_all_0_9_13,phimage_all_0_9_14,phimage_all_0_9_15,phimage_all_0_9_16,phimage_all_0_9_17,phimage_all_0_9_18,phimage_all_0_9_19,phimage_all_0_10_0,phimage_all_0_10_1,phimage_all_0_10_2,phimage_all_0_10_3,phimage_all_0_10_4,phimage_all_0_10_5,phimage_all_0_10_6,phimage_all_0_10_7,phimage_all_0_10_8,phimage_all_0_10_9,phimage_all_0_10_10,phimage_all_0_10_11,phimage_all_0_10_12,phimage_all_0_10_13,phimage_all_0_10_14,phimage_all_0_10_15,phimage_all_0_10_16,phimage_all_0_10_17,phimage_all_0_10_18,phimage_all_0_10_19,phimage_all_0_11_0,phimage_all_0_11_1,phimage_all_0_11_2,phimage_all_0_11_3,phimage_all_0_11_4,phimage_all_0_11_5,phimage_all_0_11_6,phimage_all_0_11_7,phimage_all_0_11_8,phimage_all_0_11_9,phimage_all_0_11_10,phimage_all_0_11_11,phimage_all_0_11_12,phimage_all_0_11_13,phimage_all_0_11_14,phimage_all_0_11_15,phimage_all_0_11_16,phimage_all_0_11_17,phimage_all_0_11_18,phimage_all_0_11_19,phimage_all_0_12_0,phimage_all_0_12_1,phimage_all_0_12_2,phimage_all_0_12_3,phimage_all_0_12_4,phimage_all_0_12_5,phimage_all_0_12_6,phimage_all_0_12_7,phimage_all_0_12_8,phimage_all_0_12_9,phimage_all_0_12_10,phimage_all_0_12_11,phimage_all_0_12_12,phimage_all_0_12_13,phimage_all_0_12_14,phimage_all_0_12_15,phimage_all_0_12_16,phimage_all_0_12_17,phimage_all_0_12_18,phimage_all_0_12_19,phimage_all_0_13_0,phimage_all_0_13_1,phimage_all_0_13_2,phimage_all_0_13_3,phimage_all_0_13_4,phimage_all_0_13_5,phimage_all_0_13_6,phimage_all_0_13_7,phimage_all_0_13_8,phimage_all_0_13_9,phimage_all_0_13_10,phimage_all_0_13_11,phimage_all_0_13_12,phimage_all_0_13_13,phimage_all_0_13_14,phimage_all_0_13_15,phimage_all_0_13_16,phimage_all_0_13_17,phimage_all_0_13_18,phimage_all_0_13_19,phimage_all_0_14_0,phimage_all_0_14_1,phimage_all_0_14_2,phimage_all_0_14_3,phimage_all_0_14_4,phimage_all_0_14_5,phimage_all_0_14_6,phimage_all_0_14_7,phimage_all_0_14_8,phimage_all_0_14_9,phimage_all_0_14_10,phimage_all_0_14_11,phimage_all_0_14_12,phimage_all_0_14_13,phimage_all_0_14_14,phimage_all_0_14_15,phimage_all_0_14_16,phimage_all_0_14_17,phimage_all_0_14_18,phimage_all_0_14_19,phimage_all_0_15_0,phimage_all_0_15_1,phimage_all_0_15_2,phimage_all_0_15_3,phimage_all_0_15_4,phimage_all_0_15_5,phimage_all_0_15_6,phimage_all_0_15_7,phimage_all_0_15_8,phimage_all_0_15_9,phimage_all_0_15_10,phimage_all_0_15_11,phimage_all_0_15_12,phimage_all_0_15_13,phimage_all_0_15_14,phimage_all_0_15_15,phimage_all_0_15_16,phimage_all_0_15_17,phimage_all_0_15_18,phimage_all_0_15_19,phimage_all_0_16_0,phimage_all_0_16_1,phimage_all_0_16_2,phimage_all_0_16_3,phimage_all_0_16_4,phimage_all_0_16_5,phimage_all_0_16_6,phimage_all_0_16_7,phimage_all_0_16_8,phimage_all_0_16_9,phimage_all_0_16_10,phimage_all_0_16_11,phimage_all_0_16_12,phimage_all_0_16_13,phimage_all_0_16_14,phimage_all_0_16_15,phimage_all_0_16_16,phimage_all_0_16_17,phimage_all_0_16_18,phimage_all_0_16_19,phimage_all_0_17_0,phimage_all_0_17_1,phimage_all_0_17_2,phimage_all_0_17_3,phimage_all_0_17_4,phimage_all_0_17_5,phimage_all_0_17_6,phimage_all_0_17_7,phimage_all_0_17_8,phimage_all_0_17_9,phimage_all_0_17_10,phimage_all_0_17_11,phimage_all_0_17_12,phimage_all_0_17_13,phimage_all_0_17_14,phimage_all_0_17_15,phimage_all_0_17_16,phimage_all_0_17_17,phimage_all_0_17_18,phimage_all_0_17_19,phimage_all_0_18_0,phimage_all_0_18_1,phimage_all_0_18_2,phimage_all_0_18_3,phimage_all_0_18_4,phimage_all_0_18_5,phimage_all_0_18_6,phimage_all_0_18_7,phimage_all_0_18_8,phimage_all_0_18_9,phimage_all_0_18_10,phimage_all_0_18_11,phimage_all_0_18_12,phimage_all_0_18_13,phimage_all_0_18_14,phimage_all_0_18_15,phimage_all_0_18_16,phimage_all_0_18_17,phimage_all_0_18_18,phimage_all_0_18_19,phimage_all_0_19_0,phimage_all_0_19_1,phimage_all_0_19_2,phimage_all_0_19_3,phimage_all_0_19_4,phimage_all_0_19_5,phimage_all_0_19_6,phimage_all_0_19_7,phimage_all_0_19_8,phimage_all_0_19_9,phimage_all_0_19_10,phimage_all_0_19_11,phimage_all_0_19_12,phimage_all_0_19_13,phimage_all_0_19_14,phimage_all_0_19_15,phimage_all_0_19_16,phimage_all_0_19_17,phimage_all_0_19_18,phimage_all_0_19_19,phimage_all_1_0_0,phimage_all_1_0_1,phimage_all_1_0_2,phimage_all_1_0_3,phimage_all_1_0_4,phimage_all_1_0_5,phimage_all_1_0_6,phimage_all_1_0_7,phimage_all_1_0_8,phimage_all_1_0_9,phimage_all_1_0_10,phimage_all_1_0_11,phimage_all_1_0_12,phimage_all_1_0_13,phimage_all_1_0_14,phimage_all_1_0_15,phimage_all_1_0_16,phimage_all_1_0_17,phimage_all_1_0_18,phimage_all_1_0_19,phimage_all_1_1_0,phimage_all_1_1_1,phimage_all_1_1_2,phimage_all_1_1_3,phimage_all_1_1_4,phimage_all_1_1_5,phimage_all_1_1_6,phimage_all_1_1_7,phimage_all_1_1_8,phimage_all_1_1_9,phimage_all_1_1_10,phimage_all_1_1_11,phimage_all_1_1_12,phimage_all_1_1_13,phimage_all_1_1_14,phimage_all_1_1_15,phimage_all_1_1_16,phimage_all_1_1_17,phimage_all_1_1_18,phimage_all_1_1_19,phimage_all_1_2_0,phimage_all_1_2_1,phimage_all_1_2_2,phimage_all_1_2_3,phimage_all_1_2_4,phimage_all_1_2_5,phimage_all_1_2_6,phimage_all_1_2_7,phimage_all_1_2_8,phimage_all_1_2_9,phimage_all_1_2_10,phimage_all_1_2_11,phimage_all_1_2_12,phimage_all_1_2_13,phimage_all_1_2_14,phimage_all_1_2_15,phimage_all_1_2_16,phimage_all_1_2_17,phimage_all_1_2_18,phimage_all_1_2_19,phimage_all_1_3_0,phimage_all_1_3_1,phimage_all_1_3_2,phimage_all_1_3_3,phimage_all_1_3_4,phimage_all_1_3_5,phimage_all_1_3_6,phimage_all_1_3_7,phimage_all_1_3_8,phimage_all_1_3_9,phimage_all_1_3_10,phimage_all_1_3_11,phimage_all_1_3_12,phimage_all_1_3_13,phimage_all_1_3_14,phimage_all_1_3_15,phimage_all_1_3_16,phimage_all_1_3_17,phimage_all_1_3_18,phimage_all_1_3_19,phimage_all_1_4_0,phimage_all_1_4_1,phimage_all_1_4_2,phimage_all_1_4_3,phimage_all_1_4_4,phimage_all_1_4_5,phimage_all_1_4_6,phimage_all_1_4_7,phimage_all_1_4_8,phimage_all_1_4_9,phimage_all_1_4_10,phimage_all_1_4_11,phimage_all_1_4_12,phimage_all_1_4_13,phimage_all_1_4_14,phimage_all_1_4_15,phimage_all_1_4_16,phimage_all_1_4_17,phimage_all_1_4_18,phimage_all_1_4_19,phimage_all_1_5_0,phimage_all_1_5_1,phimage_all_1_5_2,phimage_all_1_5_3,phimage_all_1_5_4,phimage_all_1_5_5,phimage_all_1_5_6,phimage_all_1_5_7,phimage_all_1_5_8,phimage_all_1_5_9,phimage_all_1_5_10,phimage_all_1_5_11,phimage_all_1_5_12,phimage_all_1_5_13,phimage_all_1_5_14,phimage_all_1_5_15,phimage_all_1_5_16,phimage_all_1_5_17,phimage_all_1_5_18,phimage_all_1_5_19,phimage_all_1_6_0,phimage_all_1_6_1,phimage_all_1_6_2,phimage_all_1_6_3,phimage_all_1_6_4,phimage_all_1_6_5,phimage_all_1_6_6,phimage_all_1_6_7,phimage_all_1_6_8,phimage_all_1_6_9,phimage_all_1_6_10,phimage_all_1_6_11,phimage_all_1_6_12,phimage_all_1_6_13,phimage_all_1_6_14,phimage_all_1_6_15,phimage_all_1_6_16,phimage_all_1_6_17,phimage_all_1_6_18,phimage_all_1_6_19,phimage_all_1_7_0,phimage_all_1_7_1,phimage_all_1_7_2,phimage_all_1_7_3,phimage_all_1_7_4,phimage_all_1_7_5,phimage_all_1_7_6,phimage_all_1_7_7,phimage_all_1_7_8,phimage_all_1_7_9,phimage_all_1_7_10,phimage_all_1_7_11,phimage_all_1_7_12,phimage_all_1_7_13,phimage_all_1_7_14,phimage_all_1_7_15,phimage_all_1_7_16,phimage_all_1_7_17,phimage_all_1_7_18,phimage_all_1_7_19,phimage_all_1_8_0,phimage_all_1_8_1,phimage_all_1_8_2,phimage_all_1_8_3,phimage_all_1_8_4,phimage_all_1_8_5,phimage_all_1_8_6,phimage_all_1_8_7,phimage_all_1_8_8,phimage_all_1_8_9,phimage_all_1_8_10,phimage_all_1_8_11,phimage_all_1_8_12,phimage_all_1_8_13,phimage_all_1_8_14,phimage_all_1_8_15,phimage_all_1_8_16,phimage_all_1_8_17,phimage_all_1_8_18,phimage_all_1_8_19,phimage_all_1_9_0,phimage_all_1_9_1,phimage_all_1_9_2,phimage_all_1_9_3,phimage_all_1_9_4,phimage_all_1_9_5,phimage_all_1_9_6,phimage_all_1_9_7,phimage_all_1_9_8,phimage_all_1_9_9,phimage_all_1_9_10,phimage_all_1_9_11,phimage_all_1_9_12,phimage_all_1_9_13,phimage_all_1_9_14,phimage_all_1_9_15,phimage_all_1_9_16,phimage_all_1_9_17,phimage_all_1_9_18,phimage_all_1_9_19,phimage_all_1_10_0,phimage_all_1_10_1,phimage_all_1_10_2,phimage_all_1_10_3,phimage_all_1_10_4,phimage_all_1_10_5,phimage_all_1_10_6,phimage_all_1_10_7,phimage_all_1_10_8,phimage_all_1_10_9,phimage_all_1_10_10,phimage_all_1_10_11,phimage_all_1_10_12,phimage_all_1_10_13,phimage_all_1_10_14,phimage_all_1_10_15,phimage_all_1_10_16,phimage_all_1_10_17,phimage_all_1_10_18,phimage_all_1_10_19,phimage_all_1_11_0,phimage_all_1_11_1,phimage_all_1_11_2,phimage_all_1_11_3,phimage_all_1_11_4,phimage_all_1_11_5,phimage_all_1_11_6,phimage_all_1_11_7,phimage_all_1_11_8,phimage_all_1_11_9,phimage_all_1_11_10,phimage_all_1_11_11,phimage_all_1_11_12,phimage_all_1_11_13,phimage_all_1_11_14,phimage_all_1_11_15,phimage_all_1_11_16,phimage_all_1_11_17,phimage_all_1_11_18,phimage_all_1_11_19,phimage_all_1_12_0,phimage_all_1_12_1,phimage_all_1_12_2,phimage_all_1_12_3,phimage_all_1_12_4,phimage_all_1_12_5,phimage_all_1_12_6,phimage_all_1_12_7,phimage_all_1_12_8,phimage_all_1_12_9,phimage_all_1_12_10,phimage_all_1_12_11,phimage_all_1_12_12,phimage_all_1_12_13,phimage_all_1_12_14,phimage_all_1_12_15,phimage_all_1_12_16,phimage_all_1_12_17,phimage_all_1_12_18,phimage_all_1_12_19,phimage_all_1_13_0,phimage_all_1_13_1,phimage_all_1_13_2,phimage_all_1_13_3,phimage_all_1_13_4,phimage_all_1_13_5,phimage_all_1_13_6,phimage_all_1_13_7,phimage_all_1_13_8,phimage_all_1_13_9,phimage_all_1_13_10,phimage_all_1_13_11,phimage_all_1_13_12,phimage_all_1_13_13,phimage_all_1_13_14,phimage_all_1_13_15,phimage_all_1_13_16,phimage_all_1_13_17,phimage_all_1_13_18,phimage_all_1_13_19,phimage_all_1_14_0,phimage_all_1_14_1,phimage_all_1_14_2,phimage_all_1_14_3,phimage_all_1_14_4,phimage_all_1_14_5,phimage_all_1_14_6,phimage_all_1_14_7,phimage_all_1_14_8,phimage_all_1_14_9,phimage_all_1_14_10,phimage_all_1_14_11,phimage_all_1_14_12,phimage_all_1_14_13,phimage_all_1_14_14,phimage_all_1_14_15,phimage_all_1_14_16,phimage_all_1_14_17,phimage_all_1_14_18,phimage_all_1_14_19,phimage_all_1_15_0,phimage_all_1_15_1,phimage_all_1_15_2,phimage_all_1_15_3,phimage_all_1_15_4,phimage_all_1_15_5,phimage_all_1_15_6,phimage_all_1_15_7,phimage_all_1_15_8,phimage_all_1_15_9,phimage_all_1_15_10,phimage_all_1_15_11,phimage_all_1_15_12,phimage_all_1_15_13,phimage_all_1_15_14,phimage_all_1_15_15,phimage_all_1_15_16,phimage_all_1_15_17,phimage_all_1_15_18,phimage_all_1_15_19,phimage_all_1_16_0,phimage_all_1_16_1,phimage_all_1_16_2,phimage_all_1_16_3,phimage_all_1_16_4,phimage_all_1_16_5,phimage_all_1_16_6,phimage_all_1_16_7,phimage_all_1_16_8,phimage_all_1_16_9,phimage_all_1_16_10,phimage_all_1_16_11,phimage_all_1_16_12,phimage_all_1_16_13,phimage_all_1_16_14,phimage_all_1_16_15,phimage_all_1_16_16,phimage_all_1_16_17,phimage_all_1_16_18,phimage_all_1_16_19,phimage_all_1_17_0,phimage_all_1_17_1,phimage_all_1_17_2,phimage_all_1_17_3,phimage_all_1_17_4,phimage_all_1_17_5,phimage_all_1_17_6,phimage_all_1_17_7,phimage_all_1_17_8,phimage_all_1_17_9,phimage_all_1_17_10,phimage_all_1_17_11,phimage_all_1_17_12,phimage_all_1_17_13,phimage_all_1_17_14,phimage_all_1_17_15,phimage_all_1_17_16,phimage_all_1_17_17,phimage_all_1_17_18,phimage_all_1_17_19,phimage_all_1_18_0,phimage_all_1_18_1,phimage_all_1_18_2,phimage_all_1_18_3,phimage_all_1_18_4,phimage_all_1_18_5,phimage_all_1_18_6,phimage_all_1_18_7,phimage_all_1_18_8,phimage_all_1_18_9,phimage_all_1_18_10,phimage_all_1_18_11,phimage_all_1_18_12,phimage_all_1_18_13,phimage_all_1_18_14,phimage_all_1_18_15,phimage_all_1_18_16,phimage_all_1_18_17,phimage_all_1_18_18,phimage_all_1_18_19,phimage_all_1_19_0,phimage_all_1_19_1,phimage_all_1_19_2,phimage_all_1_19_3,phimage_all_1_19_4,phimage_all_1_19_5,phimage_all_1_19_6,phimage_all_1_19_7,phimage_all_1_19_8,phimage_all_1_19_9,phimage_all_1_19_10,phimage_all_1_19_11,phimage_all_1_19_12,phimage_all_1_19_13,phimage_all_1_19_14,phimage_all_1_19_15,phimage_all_1_19_16,phimage_all_1_19_17,phimage_all_1_19_18,phimage_all_1_19_19,phimage_all_2_0_0,phimage_all_2_0_1,phimage_all_2_0_2,phimage_all_2_0_3,phimage_all_2_0_4,phimage_all_2_0_5,phimage_all_2_0_6,phimage_all_2_0_7,phimage_all_2_0_8,phimage_all_2_0_9,phimage_all_2_0_10,phimage_all_2_0_11,phimage_all_2_0_12,phimage_all_2_0_13,phimage_all_2_0_14,phimage_all_2_0_15,phimage_all_2_0_16,phimage_all_2_0_17,phimage_all_2_0_18,phimage_all_2_0_19,phimage_all_2_1_0,phimage_all_2_1_1,phimage_all_2_1_2,phimage_all_2_1_3,phimage_all_2_1_4,phimage_all_2_1_5,phimage_all_2_1_6,phimage_all_2_1_7,phimage_all_2_1_8,phimage_all_2_1_9,phimage_all_2_1_10,phimage_all_2_1_11,phimage_all_2_1_12,phimage_all_2_1_13,phimage_all_2_1_14,phimage_all_2_1_15,phimage_all_2_1_16,phimage_all_2_1_17,phimage_all_2_1_18,phimage_all_2_1_19,phimage_all_2_2_0,phimage_all_2_2_1,phimage_all_2_2_2,phimage_all_2_2_3,phimage_all_2_2_4,phimage_all_2_2_5,phimage_all_2_2_6,phimage_all_2_2_7,phimage_all_2_2_8,phimage_all_2_2_9,phimage_all_2_2_10,phimage_all_2_2_11,phimage_all_2_2_12,phimage_all_2_2_13,phimage_all_2_2_14,phimage_all_2_2_15,phimage_all_2_2_16,phimage_all_2_2_17,phimage_all_2_2_18,phimage_all_2_2_19,phimage_all_2_3_0,phimage_all_2_3_1,phimage_all_2_3_2,phimage_all_2_3_3,phimage_all_2_3_4,phimage_all_2_3_5,phimage_all_2_3_6,phimage_all_2_3_7,phimage_all_2_3_8,phimage_all_2_3_9,phimage_all_2_3_10,phimage_all_2_3_11,phimage_all_2_3_12,phimage_all_2_3_13,phimage_all_2_3_14,phimage_all_2_3_15,phimage_all_2_3_16,phimage_all_2_3_17,phimage_all_2_3_18,phimage_all_2_3_19,phimage_all_2_4_0,phimage_all_2_4_1,phimage_all_2_4_2,phimage_all_2_4_3,phimage_all_2_4_4,phimage_all_2_4_5,phimage_all_2_4_6,phimage_all_2_4_7,phimage_all_2_4_8,phimage_all_2_4_9,phimage_all_2_4_10,phimage_all_2_4_11,phimage_all_2_4_12,phimage_all_2_4_13,phimage_all_2_4_14,phimage_all_2_4_15,phimage_all_2_4_16,phimage_all_2_4_17,phimage_all_2_4_18,phimage_all_2_4_19,phimage_all_2_5_0,phimage_all_2_5_1,phimage_all_2_5_2,phimage_all_2_5_3,phimage_all_2_5_4,phimage_all_2_5_5,phimage_all_2_5_6,phimage_all_2_5_7,phimage_all_2_5_8,phimage_all_2_5_9,phimage_all_2_5_10,phimage_all_2_5_11,phimage_all_2_5_12,phimage_all_2_5_13,phimage_all_2_5_14,phimage_all_2_5_15,phimage_all_2_5_16,phimage_all_2_5_17,phimage_all_2_5_18,phimage_all_2_5_19,phimage_all_2_6_0,phimage_all_2_6_1,phimage_all_2_6_2,phimage_all_2_6_3,phimage_all_2_6_4,phimage_all_2_6_5,phimage_all_2_6_6,phimage_all_2_6_7,phimage_all_2_6_8,phimage_all_2_6_9,phimage_all_2_6_10,phimage_all_2_6_11,phimage_all_2_6_12,phimage_all_2_6_13,phimage_all_2_6_14,phimage_all_2_6_15,phimage_all_2_6_16,phimage_all_2_6_17,phimage_all_2_6_18,phimage_all_2_6_19,phimage_all_2_7_0,phimage_all_2_7_1,phimage_all_2_7_2,phimage_all_2_7_3,phimage_all_2_7_4,phimage_all_2_7_5,phimage_all_2_7_6,phimage_all_2_7_7,phimage_all_2_7_8,phimage_all_2_7_9,phimage_all_2_7_10,phimage_all_2_7_11,phimage_all_2_7_12,phimage_all_2_7_13,phimage_all_2_7_14,phimage_all_2_7_15,phimage_all_2_7_16,phimage_all_2_7_17,phimage_all_2_7_18,phimage_all_2_7_19,phimage_all_2_8_0,phimage_all_2_8_1,phimage_all_2_8_2,phimage_all_2_8_3,phimage_all_2_8_4,phimage_all_2_8_5,phimage_all_2_8_6,phimage_all_2_8_7,phimage_all_2_8_8,phimage_all_2_8_9,phimage_all_2_8_10,phimage_all_2_8_11,phimage_all_2_8_12,phimage_all_2_8_13,phimage_all_2_8_14,phimage_all_2_8_15,phimage_all_2_8_16,phimage_all_2_8_17,phimage_all_2_8_18,phimage_all_2_8_19,phimage_all_2_9_0,phimage_all_2_9_1,phimage_all_2_9_2,phimage_all_2_9_3,phimage_all_2_9_4,phimage_all_2_9_5,phimage_all_2_9_6,phimage_all_2_9_7,phimage_all_2_9_8,phimage_all_2_9_9,phimage_all_2_9_10,phimage_all_2_9_11,phimage_all_2_9_12,phimage_all_2_9_13,phimage_all_2_9_14,phimage_all_2_9_15,phimage_all_2_9_16,phimage_all_2_9_17,phimage_all_2_9_18,phimage_all_2_9_19,phimage_all_2_10_0,phimage_all_2_10_1,phimage_all_2_10_2,phimage_all_2_10_3,phimage_all_2_10_4,phimage_all_2_10_5,phimage_all_2_10_6,phimage_all_2_10_7,phimage_all_2_10_8,phimage_all_2_10_9,phimage_all_2_10_10,phimage_all_2_10_11,phimage_all_2_10_12,phimage_all_2_10_13,phimage_all_2_10_14,phimage_all_2_10_15,phimage_all_2_10_16,phimage_all_2_10_17,phimage_all_2_10_18,phimage_all_2_10_19,phimage_all_2_11_0,phimage_all_2_11_1,phimage_all_2_11_2,phimage_all_2_11_3,phimage_all_2_11_4,phimage_all_2_11_5,phimage_all_2_11_6,phimage_all_2_11_7,phimage_all_2_11_8,phimage_all_2_11_9,phimage_all_2_11_10,phimage_all_2_11_11,phimage_all_2_11_12,phimage_all_2_11_13,phimage_all_2_11_14,phimage_all_2_11_15,phimage_all_2_11_16,phimage_all_2_11_17,phimage_all_2_11_18,phimage_all_2_11_19,phimage_all_2_12_0,phimage_all_2_12_1,phimage_all_2_12_2,phimage_all_2_12_3,phimage_all_2_12_4,phimage_all_2_12_5,phimage_all_2_12_6,phimage_all_2_12_7,phimage_all_2_12_8,phimage_all_2_12_9,phimage_all_2_12_10,phimage_all_2_12_11,phimage_all_2_12_12,phimage_all_2_12_13,phimage_all_2_12_14,phimage_all_2_12_15,phimage_all_2_12_16,phimage_all_2_12_17,phimage_all_2_12_18,phimage_all_2_12_19,phimage_all_2_13_0,phimage_all_2_13_1,phimage_all_2_13_2,phimage_all_2_13_3,phimage_all_2_13_4,phimage_all_2_13_5,phimage_all_2_13_6,phimage_all_2_13_7,phimage_all_2_13_8,phimage_all_2_13_9,phimage_all_2_13_10,phimage_all_2_13_11,phimage_all_2_13_12,phimage_all_2_13_13,phimage_all_2_13_14,phimage_all_2_13_15,phimage_all_2_13_16,phimage_all_2_13_17,phimage_all_2_13_18,phimage_all_2_13_19,phimage_all_2_14_0,phimage_all_2_14_1,phimage_all_2_14_2,phimage_all_2_14_3,phimage_all_2_14_4,phimage_all_2_14_5,phimage_all_2_14_6,phimage_all_2_14_7,phimage_all_2_14_8,phimage_all_2_14_9,phimage_all_2_14_10,phimage_all_2_14_11,phimage_all_2_14_12,phimage_all_2_14_13,phimage_all_2_14_14,phimage_all_2_14_15,phimage_all_2_14_16,phimage_all_2_14_17,phimage_all_2_14_18,phimage_all_2_14_19,phimage_all_2_15_0,phimage_all_2_15_1,phimage_all_2_15_2,phimage_all_2_15_3,phimage_all_2_15_4,phimage_all_2_15_5,phimage_all_2_15_6,phimage_all_2_15_7,phimage_all_2_15_8,phimage_all_2_15_9,phimage_all_2_15_10,phimage_all_2_15_11,phimage_all_2_15_12,phimage_all_2_15_13,phimage_all_2_15_14,phimage_all_2_15_15,phimage_all_2_15_16,phimage_all_2_15_17,phimage_all_2_15_18,phimage_all_2_15_19,phimage_all_2_16_0,phimage_all_2_16_1,phimage_all_2_16_2,phimage_all_2_16_3,phimage_all_2_16_4,phimage_all_2_16_5,phimage_all_2_16_6,phimage_all_2_16_7,phimage_all_2_16_8,phimage_all_2_16_9,phimage_all_2_16_10,phimage_all_2_16_11,phimage_all_2_16_12,phimage_all_2_16_13,phimage_all_2_16_14,phimage_all_2_16_15,phimage_all_2_16_16,phimage_all_2_16_17,phimage_all_2_16_18,phimage_all_2_16_19,phimage_all_2_17_0,phimage_all_2_17_1,phimage_all_2_17_2,phimage_all_2_17_3,phimage_all_2_17_4,phimage_all_2_17_5,phimage_all_2_17_6,phimage_all_2_17_7,phimage_all_2_17_8,phimage_all_2_17_9,phimage_all_2_17_10,phimage_all_2_17_11,phimage_all_2_17_12,phimage_all_2_17_13,phimage_all_2_17_14,phimage_all_2_17_15,phimage_all_2_17_16,phimage_all_2_17_17,phimage_all_2_17_18,phimage_all_2_17_19,phimage_all_2_18_0,phimage_all_2_18_1,phimage_all_2_18_2,phimage_all_2_18_3,phimage_all_2_18_4,phimage_all_2_18_5,phimage_all_2_18_6,phimage_all_2_18_7,phimage_all_2_18_8,phimage_all_2_18_9,phimage_all_2_18_10,phimage_all_2_18_11,phimage_all_2_18_12,phimage_all_2_18_13,phimage_all_2_18_14,phimage_all_2_18_15,phimage_all_2_18_16,phimage_all_2_18_17,phimage_all_2_18_18,phimage_all_2_18_19,phimage_all_2_19_0,phimage_all_2_19_1,phimage_all_2_19_2,phimage_all_2_19_3,phimage_all_2_19_4,phimage_all_2_19_5,phimage_all_2_19_6,phimage_all_2_19_7,phimage_all_2_19_8,phimage_all_2_19_9,phimage_all_2_19_10,phimage_all_2_19_11,phimage_all_2_19_12,phimage_all_2_19_13,phimage_all_2_19_14,phimage_all_2_19_15,phimage_all_2_19_16,phimage_all_2_19_17,phimage_all_2_19_18,phimage_all_2_19_19,lsop_cn,lsop_tet,lsop_oct,lsop_bcc,lsop_sq_pyr,lsop_sq_pyr_legacy,lsop_tri_bipyr,lsop_sq_bipyr,lsop_oct_legacy,lsop_tri_plan,lsop_sq_plan,lsop_pent_plan,lsop_tri_pyr,lsop_pent_pyr,lsop_hex_pyr,lsop_pent_bipyr,lsop_hex_bipyr,lsop_T,lsop_cuboct,lsop_oct_max,lsop_tet_max,lsop_tri_plan_max,lsop_sq_plan_max,lsop_pent_plan_max,lsop_cuboct_max,lsop_bent,lsop_see_saw_rect,lsop_hex_plan_max,lsop_sq_face_cap_trig_pris
0,0.0,0.0,0.0,0.0,1.0,2.0,59.0,118.0,0.0,0.0,0.0,0.0,1.0,2.0,110.0,220.0,0.0,0.0,0.0,0.0,1.0,2.0,150.0,300.0,1.1694915254237288,2.3389830508474576,69.0,138.0,7.288135593220339,14.576271186440678,430.0,860.0,2.7181818181818183,5.4363636363636365,299.0,598.0,12.227272727272727,24.454545454545453,1345.0,2690.0,3.98,7.96,597.0,1194.0,16.986666666666668,33.973333333333336,2548.0,5096.0,0.4725423728813559,0.9450847457627118,27.880000000000003,55.760000000000005,7.0412067796610165,14.082413559322033,415.4312,830.8624,0.36918181818181817,0.7383636363636363,40.61,81.22,7.942514545454545,15.88502909090909,873.6765999999998,1747.3531999999996,0.631,1.262,94.65,189.3,7.2931306666666655,14.586261333333331,1093.9696,2187.9392,8.135593220338983,16.271186440677965,480.0,960.0,7841.9152542372885,15683.830508474577,462673.0,925346.0,6.418181818181818,12.836363636363636,706.0,1412.0,8247.836363636363,16495.672727272726,907262.0,1814524.0,10.573333333333334,21.14666666666667,1586.0,3172.0,8125.473333333333,16250.946666666667,1218821.0,2437642.0,0.0,0.0,0.0,0.0,1.0,2.0,11.0,22.0,0.0,0.0,0.0,0.0,1.0,2.0,33.0,66.0,0.0,0.0,0.0,0.0,1.0,2.0,37.0,74.0,1.9090909090909092,3.8181818181818183,21.0,42.0,9.454545454545455,18.90909090909091,104.0,208.0,4.515151515151516,9.030303030303031,149.0,298.0,15.93939393939394,31.87878787878788,526.0,1052.0,4.27027027027027,8.54054054054054,158.0,316.0,24.0,48.0,888.0,1776.0,1.0854545454545457,2.1709090909090913,11.940000000000001,23.880000000000003,7.470545454545453,14.941090909090907,82.17599999999999,164.35199999999998,0.2678787878787879,0.5357575757575758,8.84,17.68,10.618278787878786,21.236557575757573,350.40319999999997,700.8063999999999,0.9156756756756759,1.8313513513513517,33.88000000000001,67.76000000000002,8.302378378378378,16.604756756756757,307.188,614.376,15.272727272727273,30.545454545454547,168.0,336.0,7317.0,14634.0,80487.0,160974.0,4.575757575757576,9.151515151515152,151.0,302.0,8743.454545454546,17486.909090909092,288534.0,577068.0,10.837837837837839,21.675675675675677,401.0,802.0,7914.081081081081,15828.162162162162,292821.0,585642.0,0.0,0.0,0.0,0.0,1.0,2.0,7.0,14.0,0.0,0.0,0.0,0.0,1.0,2.0,15.0,30.0,0.0,0.0,0.0,0.0,1.0,2.0,14.0,28.0,1.0,2.0,7.0,14.0,7.571428571428571,15.142857142857142,53.0,106.0,2.933333333333333,5.866666666666666,44.0,88.0,11.0,22.0,165.0,330.0,3.142857142857143,6.285714285714286,44.0,88.0,11.642857142857142,23.285714285714285,163.0,326.0,0.4642857142857144,0.9285714285714288,3.250000000000001,6.500000000000002,8.46902857142857,16.93805714285714,59.283199999999994,118.56639999999999,0.6593333333333334,1.3186666666666669,9.890000000000002,19.780000000000005,8.139093333333332,16.278186666666663,122.08639999999997,244.17279999999994,0.8657142857142859,1.7314285714285718,12.120000000000003,24.240000000000006,7.73582857142857,15.47165714285714,108.30159999999998,216.60319999999996,3.2857142857142856,6.571428571428571,23.0,46.0,7728.0,15456.0,54096.0,108192.0,7.533333333333333,15.066666666666666,113.0,226.0,8392.0,16784.0,125880.0,251760.0,11.214285714285714,22.428571428571427,157.0,314.0,8288.57142857143,16577.14285714286,116040.0,232080.0,0.0,0.0,0.0,0.0,1.0,2.0,41.0,82.0,0.0,0.0,0.0,0.0,1.0,2.0,62.0,124.0,0.0,0.0,0.0,0.0,1.0,2.0,99.0,198.0,1.0,2.0,41.0,82.0,6.658536585365853,13.317073170731707,273.0,546.0,1.7096774193548387,3.4193548387096775,106.0,212.0,10.548387096774194,21.096774193548388,654.0,1308.0,3.98989898989899,7.97979797979798,395.0,790.0,15.121212121212121,30.242424242424242,1497.0,2994.0,0.3095121951219511,0.6190243902439022,12.689999999999996,25.379999999999992,6.6822439024390246,13.364487804878049,273.972,547.944,0.35290322580645156,0.7058064516129031,21.879999999999995,43.75999999999999,6.470758064516128,12.941516129032255,401.1869999999999,802.3739999999998,0.4914141414141414,0.9828282828282828,48.65,97.3,6.853333333333332,13.706666666666663,678.4799999999999,1356.9599999999998,7.048780487804878,14.097560975609756,289.0,578.0,8002.195121951219,16004.390243902439,328090.0,656180.0,7.129032258064516,14.258064516129032,442.0,884.0,7949.1612903225805,15898.322580645161,492848.0,985696.0,10.383838383838384,20.767676767676768,1028.0,2056.0,8181.414141414141,16362.828282828283,809960.0,1619920.0,0.0,0.0,0.0,0.0,1.0,4.0,5.0,20.0,0.0,0.0,0.0,0.0,1.0,4.0,6.5,26.0,0.0,0.0,0.0,0.0,1.0,4.0,12.5,50.0,2.583333333333333,10.333333333333332,14.0,56.0,12.0,48.0,62.0,248.0,3.178571428571429,12.714285714285715,21.0,84.0,21.5,86.0,140.0,560.0,10.298076923076923,41.19230769230769,129.0,516.0,27.5,110.0,344.0,1376.0,1.4766666666666666,5.906666666666666,7.4,29.6,6.310533333333332,25.242133333333328,31.583999999999996,126.33599999999998,0.5663095238095237,2.265238095238095,3.6849999999999996,14.739999999999998,4.599061904761905,18.39624761904762,29.901400000000002,119.60560000000001,1.014102564102564,4.056410256410256,12.705,50.82,5.440912820512819,21.763651282051278,68.06539999999998,272.26159999999993,25.125,100.5,126.0,504.0,6494.625,25978.5,32499.0,129996.0,14.369047619047619,57.476190476190474,93.5,374.0,5752.464285714286,23009.857142857145,37398.0,149592.0,22.977564102564102,91.91025641025641,287.5,1150.0,6346.451923076922,25385.807692307688,79350.0,317400.0,0.7027372350629247,3.7485160434598876,1.7442166744161827,0.5948698602101772,1.1192401622027155,3.7769195728742937,1.8491686460309655,0.5874310737578147,1.1708033609281188e-07,1.4225736284013615,0.10495197161478305,0.2033837584123299,1.37387884554543,3.789686517357512,2.3041291366381893,0.8043111595339777,1.3743690430224544,3.8082024789000246,2.315438764114884,0.8038534451594044,2.0426186253530432e-07,0.10727082292975987,0.011309627476695127,0.019358591894125286,0.7027372350629247,2.961962680939584,1.9414170439373548,0.565900806961203,1.3936936456893865,3.8214071066932203,2.127319017253309,0.6152176868896307,0.004573372396188047,0.918251530146255,0.18590197331595412,0.2723028706533129,3.8922956319188913,3.8945952843516416,3.8934454581352664,0.0011498262163751605,3.8958036588194855,3.8982422804640127,3.897022969641749,0.001219310822263564,0.0035080269005942633,0.0036469961123710704,0.003577511506482667,6.948460588840355e-05,0.7027372350629247,3.976903155111922,1.9071442023996819,0.6906085113900444,1.1192401622027155,3.982374459471286,2.008966923831464,0.6904361298315188,6.3740195408446e-06,1.4262691788626318,0.10182272143178211,0.2255746542252568,1.4024730824626066,3.9891072014867706,2.3505206293815464,0.8102499065497253,1.4026956355822682,4.006671824988812,2.361410275398855,0.8173432594583606,0.00022255311966157265,0.05873407134315878,0.010889646017308723,0.014662378570485367,0.7027372350629247,3.7485160434598876,1.7178053967494686,0.6316654753947382,1.1192401622027155,3.7769195728742937,1.8300432330072707,0.616133248091114,1.1708033609281188e-07,1.4225736284013615,0.11223783625780197,0.22688747312087676,1.37387884554543,3.789686517357512,2.258369907976568,0.7987892484715811,1.3743690430224544,3.8082024789000246,2.264552637766442,0.8006479006455987,2.0426186253530432e-07,0.04147351410870326,0.006182729789874763,0.008993761296734692,0.0,0.0,0.0,0.0,0.3496898171896798,0.0,0.0,0.0,0.0,0.0,2.7975185375174383,0.3496898171896798,0.3496898171896798,0.0,0.0,0.0,0.0,0.0,0.0,0.0,4.545967623465841,1.0490694515690402,1.0490694515690402,0.17484490859484003,0.0,0.0,0.0,0.0,0.0,0.0,6.64410652660392,0.6993796343793601,0.0,0.0,0.0,0.0,0.0,0.0,0.0,0.3496898171896799,2.972363446112278,0.0,0.0,0.0,0.0,0.0,0.0,0.0,0.0,0.0,0.0,0.0,0.0,0.0,0.0,0.0,0.0,0.0,0.0,0.0,0.0,0.0,0.0,0.0,0.0,0.0,0.0,0.0,0.0,0.0,0.0,0.0,0.0,0.0,0.0,0.0,0.0,0.0,0.0,0.0,0.6993796343793596,0.0,0.0,0.0,0.0,0.0,0.0,0.0,0.0,0.0,1.0490694515690393,0.0,0.0,0.0,0.0,0.0,0.0,0.0,0.0,0.0,34.556783029255534,0.0,0.0,0.0,0.0,0.0,0.0,0.0,0.0,0.0,69.11356605851107,11.518927676418512,0.0,0.0,0.0,0.0,0.0,0.0,0.0,11.518927676418512,74.87302989672045,23.037855352837067,46.07571070567413,0.0,0.0,0.0,0.0,0.0,0.0,0.0,11.518927676418512,0.0,0.0,0.0,0.0,0.0,0.0,0.0,0.0,0.0,0.0,0.0,0.0,0.0,0.0,0.0,0.0,0.0,0.0,0.0,0.0,0.0,0.0,0.0,0.0,0.0,0.0,0.0,0.0,0.0,0.0,0.0,0.0,0.0,0.0,0.0,0.0,0.0,0.0,0.0,0.0,0.0,11.518927676418512,0.0,0.0,0.0,0.0,0.0,0.0,0.0,46.07571070567405,0.0,0.0,0.0,0.0,0.0,0.0,0.0,0.0,0.0,23.037855352837024,23.037855352837024,0.0,0.0,0.0,0.0,0.0,0.0,0.0,0.0,0.0,0.0,0.0,0.0,0.0,0.0,0.0,3.4603430080600015,0.0,0.0,0.0,0.0,0.0,0.0,0.0,0.0,0.0,0.0,0.0,0.0,0.0,3.4603430080600046,0.0,0.0,0.0,0.0,0.0,0.0,0.0,0.0,0.0,0.0,0.0,0.0,0.0,0.0,0.0,0.0,0.0,0.0,10.381029024180004,3.460343008060001,0.0,0.0,0.0,0.0,0.0,0.0,0.0,0.0,3.4603430080600046,0.0,0.0,0.0,1.7301715040300025,0.0,0.0,0.0,0.0,0.0,6.920686016120009,3.4603430080600046,1.7301715040300019,0.0,0.0,0.0,0.0,0.0,0.0,0.0,3.4603430080599975,0.0,0.0,0.0,0.0,0.0,0.0,0.0,0.0,0.0,0.0,0.0,0.0,0.0,0.0,0.0,0.0,0.0,0.0,0.0,3.4603430080600046,0.0,0.0,0.0,0.0,0.0,0.0,0.0,0.0,3.4603430080600073,156454913.91928485,0.0,0.0,0.0,0.0,0.0,0.0,0.0,0.0,0.0,0.0,0.0,0.0,0.0,0.0,0.0,0.0,0.0,0.0,0.0,0.0,0.0,0.0,0.0,0.0,0.0,0.0,0.0,0.0,0.0,0.0,0.0,0.0,0.0,0.0,0.0,0.0,0.0,0.0,0.0,0.0,0.0,0.0,0.0,0.0,0.0,0.0,0.0,0.0,0.0,0.0,0.0,0.0,0.0,0.0,0.0,0.0,0.0,0.0,0.0,0.0,0.0,0.0,0.0,0.0,0.0,0.0,0.0,0.0,0.0,0.0,0.0,0.0,0.0,0.0,0.0,0.0,0.0,0.0,0.0,0.0,0.0,0.0,0.0,0.0,0.0,0.0,0.0,0.0,0.0,0.0,0.0,0.0,0.0,0.0,0.0,0.0,0.0,0.0,156454913.91928485,0.0,0.0,0.0,0.0,0.43702238191329,0.0,0.0,0.0,0.0,0.0,1.7480895276531596,0.8740447638265798,0.0,0.0,0.0,0.0,0.0,0.0,0.0,0.0,5.681290964872766,0.0,0.4370223819132897,0.0,0.0,0.0,0.0,0.0,0.0,0.0,5.244268582959479,0.4370223819132899,0.4370223819132899,0.0,0.0,0.0,0.0,0.0,0.0,0.4370223819132894,2.1851119095664497,0.0,0.0,0.0,0.0,0.0,0.0,0.0,0.0,0.0,0.8740447638265798,0.4370223819132899,0.0,0.0,0.0,0.0,0.0,0.0,0.0,0.0,0.4370223819132899,0.0,0.0,0.0,0.0,0.0,0.0,0.0,0.0,0.0,0.0,0.0,0.0,0.0,0.0,0.0,0.0,0.0,0.0,0.0,0.0,0.0,0.0,0.0,0.0,0.0,0.0,0.0,0.0,0.0,1.7480895276531596,0.0,0.0,0.0,0.0,0.0,0.0,0.0,0.0,0.0,165.1823497526023,0.0,0.0,0.0,0.0,0.0,0.0,0.0,0.0,0.0,33.0364699505205,49.55470492578074,16.518234975260253,0.0,0.0,0.0,0.0,0.0,0.0,0.0,66.072939901041,0.0,33.036469950520505,0.0,0.0,0.0,0.0,0.0,0.0,0.0,33.03646995052047,0.0,0.0,0.0,0.0,0.0,33.036469950520456,0.0,0.0,0.0,0.0,0.0,0.0,0.0,0.0,0.0,0.0,0.0,0.0,0.0,66.07293990104094,33.03646995052047,0.0,0.0,0.0,0.0,0.0,0.0,0.0,0.0,0.0,0.0,0.0,0.0,0.0,0.0,0.0,0.0,0.0,0.0,0.0,0.0,0.0,0.0,33.036469950520456,0.0,0.0,0.0,0.0,0.0,0.0,0.0,0.0,0.0,0.0,0.0,0.0,0.0,0.0,33.036469950520456,33.03646995052047,0.0,0.0,33.036469950520456,0.0,0.0,0.0,0.0,0.0,0.0,0.0,0.0,0.0,0.0,0.37835291695932566,0.0,0.0,0.0,0.0,0.0,3.0268233356746053,0.37835291695932566,0.7567058339186513,0.37835291695932566,0.3783529169593255,0.0,0.0,0.0,0.0,0.0,5.296940837430562,0.0,0.37835291695932594,0.0,0.18917645847966288,0.0,0.0,0.0,0.0,0.0,6.431999588308541,0.7567058339186519,0.0,0.0,0.0,0.0,0.0,0.0,0.0,0.37835291695932577,2.4592939602356165,0.0,0.0,0.0,0.0,0.0,0.0,0.0,0.0,0.0,0.0,0.0,0.0,0.0,0.0,0.0,0.0,0.0,0.0,0.0,0.0,0.0,0.0,0.0,0.0,0.0,0.0,0.0,0.0,0.0,0.0,0.0,0.0,0.0,0.0,0.0,0.0,0.0,0.0,0.0,0.7567058339186513,0.0,0.0,0.0,0.0,0.0,0.0,0.0,0.0,0.0,1.135058750877977,0.0,0.0,0.0,0.0,0.0,0.0,0.0,0.0,0.0,84.34548682081974,0.0,0.0,0.0,0.0,0.0,0.0,0.0,0.0,0.0,168.6909736416395,56.23032454721316,56.23032454721315,0.0,0.0,0.0,0.0,0.0,0.0,28.11516227360661,238.97887932565638,28.115162273606636,0.0,28.115162273606643,0.0,28.115162273606618,0.0,0.0,0.0,0.0,28.11516227360658,0.0,0.0,0.0,0.0,0.0,0.0,0.0,0.0,0.0,0.0,0.0,0.0,0.0,0.0,0.0,0.0,0.0,0.0,0.0,0.0,0.0,0.0,0.0,0.0,0.0,0.0,0.0,0.0,0.0,0.0,0.0,0.0,0.0,0.0,0.0,0.0,0.0,0.0,0.0,0.0,0.0,0.0,0.0,0.0,14.057581136803282,14.057581136803293,0.0,0.0,0.0,84.34548682081974,0.0,28.115162273606575,0.0,0.0,0.0,0.0,0.0,0.0,0.0,28.11516227360658,28.11516227360658,0.0,0.0,56.23032454721317,0.0,0.0,0.0,0.0,0.0,4.88423,3.365,4.88423,205.7359620082925,205.5011174553979,163.641846995359,199.9747971250625,249.8510914496203,291.4029630875486,268.1763429336215,402.8280253241859,451.33388043658186,546.8341595625232,388.05465866760846,700.8600755037817,640.6300239996207,628.6698920813893,500.6462129445836,506.4774729887597,654.9675971498791,504.5900789057124,566.7399028123592,577.9550736212957,645.7458422963194,590.7595831722581,571.2657139645052,521.8772060667754,497.6899890762652,475.32047572124486,427.8020184647174,357.334028953802,280.0195748223219,279.70556031567014,126.04894222383045,95.28824210800033,18.46095159848951,0.0,0.0,0.0,0.0,0.0,0.0,0.0,0.0,0.0,0.0,0.0,0.0,0.0,0.0,0.0,0.0,0.0,0.0,0.0,0.0,0.0,0.0,0.0,0.0,0.0,0.0,0.0,0.0,0.0,0.0,0.0,0.0,0.0,0.0,0.0,0.0,0.0,0.0,0.0,528.7352524536896,575.3713670110322,407.5668995714092,547.8533181238779,674.9505578792995,768.6892960141261,709.7936817879603,1044.8899005328253,1221.8475631421677,1413.4011857370017,1000.2623617930172,1931.8616273508776,1738.49709920671,1635.9648936584279,1318.0753372287259,1337.9130372377851,1742.6271244665497,1343.384996174176,1495.5882967774426,1506.8163237635238,1706.3653416947927,1541.138420737448,1538.2806266615985,1409.4162747130651,1308.8548187055903,1253.3759201570556,1141.9114160715192,953.794597269012,765.4403424644987,736.0268591931342,330.1453362744592,255.9654361493149,45.58411814260687,0.0,0.0,0.0,0.0,0.0,0.0,0.0,0.0,0.0,0.0,0.0,0.0,0.0,0.0,0.0,0.0,0.0,0.0,0.0,0.0,0.0,0.0,0.0,0.0,0.0,0.0,0.0,0.0,0.0,0.0,0.0,0.0,0.0,0.0,0.0,0.0,0.0,0.0,0.0,58.84405982629224,34.656178009537776,35.600563129413715,33.15469313196475,48.60342103770852,63.20634548336633,57.26118481604007,69.55687899207882,94.49111133820168,84.65139858655375,70.17992276549144,142.1566727443553,124.29041975022463,126.23264777478218,95.45492349297801,81.0736591759357,125.81420135213325,82.77296417164092,117.67755785945857,102.04606669143575,114.01495226496517,95.62161018724971,113.81550407961467,94.47595824034258,88.24112509872647,85.68408927115368,80.52806926329245,80.05333288902372,50.59919379834266,62.63737235735585,20.971552993150993,16.136115427981334,1.537353631279232,0.0,0.0,0.0,0.0,0.0,0.0,0.0,0.0,0.0,0.0,0.0,0.0,0.0,0.0,0.0,0.0,0.0,0.0,0.0,0.0,0.0,0.0,0.0,0.0,0.0,0.0,0.0,0.0,0.0,0.0,0.0,0.0,0.0,0.0,0.0,0.0,0.0,0.0,0.0,60.813819420097786,83.16014811683797,64.3895700047509,81.54632171810438,88.80920660862216,108.99579293712102,106.51384570378019,158.45727978264037,168.28502787802236,198.00291118013484,140.1946510009127,254.0389071845218,249.86294029906497,235.51716633810773,188.62100049814242,181.66470914608416,237.56113358308946,183.440037554461,206.3622697989979,218.96611876734698,257.000998317665,217.39825833632116,216.4941648611477,198.9337376176519,195.964298248723,179.6972233050124,165.4802465036208,132.36114423459932,107.67346068260663,103.45631283655344,51.88846806508254,36.78604284481551,6.737353936211254,0.0,0.0,0.0,0.0,0.0,0.0,0.0,0.0,0.0,0.0,0.0,0.0,0.0,0.0,0.0,0.0,0.0,0.0,0.0,0.0,0.0,0.0,0.0,0.0,0.0,0.0,0.0,0.0,0.0,0.0,0.0,0.0,0.0,0.0,0.0,0.0,0.0,0.0,0.0,48.241084817367,99.20615603479662,63.57096656169329,90.12235335763745,79.76982968650441,106.36267565889838,111.4028204855978,159.15643167661196,167.2705988205346,181.07124446001953,129.19718122935376,248.71626014716074,256.29306670160366,226.83024404761886,192.1907294332057,170.870611972611,230.20335700161976,174.71772395845284,195.37211038152205,214.48205998837898,270.73983624308613,207.51995335337443,220.85862825652575,210.02333182055207,206.24598019547156,180.36020974003608,175.18756677584807,131.241202871572,110.40965211815646,98.743462771992,55.03755966278349,37.24356666408867,6.867861447583814,0.0,0.0,0.0,0.0,0.0,0.0,0.0,0.0,0.0,0.0,0.0,0.0,0.0,0.0,0.0,0.0,0.0,0.0,0.0,0.0,0.0,0.0,0.0,0.0,0.0,0.0,0.0,0.0,0.0,0.0,0.0,0.0,0.0,0.0,0.0,0.0,0.0,0.0,0.0,51.59901564891555,21.005875230585428,30.05047755984709,28.30431232835674,55.91418309853694,58.59247155983139,45.38526232392179,67.11016231263662,86.29072680749321,97.7630012434773,73.39288167176332,143.51730231477976,117.839530944591,121.24455412706702,83.10364223349534,96.88799858787692,124.65699241724838,92.37309708667888,114.3446634341371,105.82481361206386,100.25518533695687,105.03874909934567,102.44701205567523,85.02441715034989,73.78394922741306,78.84152513547943,67.79071687055401,68.85158866269612,48.49128654958795,56.67279794294883,20.494278428589528,16.439974061079194,1.5091651543399907,0.0,0.0,0.0,0.0,0.0,0.0,0.0,0.0,0.0,0.0,0.0,0.0,0.0,0.0,0.0,0.0,0.0,0.0,0.0,0.0,0.0,0.0,0.0,0.0,0.0,0.0,0.0,0.0,0.0,0.0,0.0,0.0,0.0,0.0,0.0,0.0,0.0,0.0,0.0,1636.19,1.29956,191.743,1171.89,901.758,0.0,0.0,0.0,0.0,0.0,0.0,0.0,0.0,0.0,0.0,0.0,0.0,0.0,0.0,0.0,0.0,0.0,0.0,0.0,0.0,0.0,0.0,0.0,0.0,0.0,0.0,0.0,0.0,0.0,0.0,0.0,0.0,0.0,0.0,0.0,0.0,0.0,0.0,0.0,0.0,0.0,0.0,0.0,0.0,0.0,0.0,0.0,0.0,0.0,0.0,0.0,0.0,0.0,0.0,0.0,0.0,0.0,0.0,0.0,0.0,0.0,0.0,0.0,0.0,0.0,0.0,0.0,0.0,0.0,0.0,0.0,0.0,0.0,0.0,0.0,0.0,0.0,0.0,0.0,0.0,0.0,0.0,0.0,0.0,0.0,0.0,0.0,0.0,0.0,0.0,0.0,0.0,0.0,0.0,0.0,0.0,0.0,0.0,0.0,0.0,0.0,0.0,0.0,0.0,0.0,0.0,0.0,0.0,0.0,0.0,0.0,0.0,0.0,0.0,0.0,0.0,0.0,0.0,0.0,0.0,0.0,0.0,0.0,0.0,0.0,0.0,0.0,0.0,0.0,0.0,0.0,0.0,0.0,0.0,0.0,0.0,0.0,0.0,0.0,0.0,0.0,0.0,0.0,0.0,0.0,0.0,0.0,0.0,0.0,0.0,0.0,0.0,0.0,0.0,0.0,0.0,0.0,0.0,0.0,0.0,0.0,0.0,0.0,0.0,0.0,0.0,0.0,0.0,0.0,0.0,0.0,0.0,0.0,0.0,0.0,0.0,0.0,0.0,0.0,0.0,0.0,0.0,0.0,0.0,0.0,0.0,0.0,0.0,0.0,0.0,0.0,0.0,0.0,0.0,0.0,0.0,0.0,0.0,0.0,0.0,0.0,0.0,0.0,0.0,0.0,0.0,0.0,0.0,0.0,0.0,0.0,0.0,0.0,0.0,0.0,0.0,0.0,0.0,0.0,0.0,0.0,0.0,0.0,0.0,0.0,0.0,0.0,0.0,0.0,0.0,0.0,0.0,0.0,0.0,0.0,0.0,0.0,0.0,0.0,0.0,0.0,0.0,0.0,0.0,0.0,0.0,0.0,0.0,0.0,0.0,0.0,0.0,0.0,0.0,0.0,0.0,0.0,0.0,0.0,0.0,0.0,0.0,0.0,0.0,0.0,0.0,0.0,0.0,0.0,0.0,0.0,0.0,0.0,0.0,0.0,0.0,0.0,0.0,0.0,0.0,0.0,0.0,0.0,0.0,0.0,0.0,0.0,0.0,0.0,0.0,0.0,0.0,0.0,0.0,0.0,0.0,0.0,0.0,0.0,0.0,0.0,0.0,0.0,0.0,0.0,0.0,0.0,0.0,0.0,0.0,0.0,0.0,0.0,0.0,0.0,0.0,0.0,0.0,0.0,0.0,0.0,0.0,0.0,1.1288448960343094e-11,2.4504472023718363e-17,0.0,0.0,0.0,0.0,0.0,0.0,0.0,0.0,0.0,0.0,0.0,0.0,0.0,0.0,0.0,0.0,0.0,0.0,0.06470539496797736,1.4045964563835496e-07,0.0,0.0,0.0,0.0,0.0,0.0,0.0,0.0,0.0,0.0,0.0,0.0,0.0,0.0,0.0,0.0,0.0,0.0,11.089312898603408,2.4072196157391978e-05,0.0,0.0,0.0,0.0,0.0,0.0,0.0,0.0,0.0,0.0,0.0,0.0,0.0,0.0,0.0,0.0,0.0,0.0,38.3244893517624,8.319312781080343e-05,0.0,0.0,0.0,0.0,0.0,0.0,0.0,0.0,0.0,0.0,0.0,0.0,0.0,0.0,0.0,0.0,0.0,0.0,0.0,0.0,0.0,0.0,0.0,0.0,0.0,0.0,0.0,0.0,0.0,0.0,0.0,0.0,0.0,0.0,0.0,0.0,0.0,0.0,0.0,0.0,0.0,0.0,0.0,0.0,0.0,0.0,0.0,0.0,0.0,0.0,0.0,0.0,0.0,0.0,0.0,0.0,0.0,0.0,0.0,0.0,0.0,0.0,0.0,0.0,0.0,0.0,0.0,0.0,0.0,0.0,0.0,0.0,0.0,0.0,0.0,0.0,0.0,0.0,0.0,0.0,0.0,0.0,0.0,0.0,0.0,0.0,0.0,0.0,0.0,0.0,0.0,0.0,0.0,0.0,0.0,0.0,0.0,0.0,0.0,0.0,0.0,0.0,0.0,0.0,0.0,0.0,0.0,0.0,0.0,0.0,0.0,0.0,0.0,0.0,0.0,0.0,0.0,0.0,0.0,0.0,0.0,0.0,0.0,0.0,0.0,0.0,0.0,0.0,0.0,0.0,0.0,0.0,0.0,0.0,0.0,0.0,0.0,0.0,0.0,0.0,0.0,0.0,0.0,0.0,0.0,0.0,0.0,0.0,0.0,0.0,0.0,0.0,0.0,0.0,0.0,0.0,0.0,0.0,0.0,0.0,0.0,0.0,0.0,0.0,0.0,0.0,0.0,0.0,0.0,0.0,0.0,0.0,0.0,0.0,0.0,0.0,0.0,0.0,0.0,0.0,0.0,0.0,0.0,0.0,0.0,0.0,0.0,0.0,0.0,0.0,0.0,0.0,0.0,0.0,0.0,0.0,0.0,0.0,0.0,0.0,0.0,0.0,0.0,0.0,0.0,0.0,0.0,0.0,0.0,0.0,0.0,0.0,0.0,0.0,0.0,0.0,0.0,0.0,0.0,0.0,0.0,0.0,0.0,0.0,0.0,0.0,0.0,0.0,0.0,0.0,0.0,0.0,0.0,0.0,0.0,0.0,0.0,0.0,0.0,0.0,0.0,0.0,0.0,0.0,0.0,0.0,0.0,0.0,0.0,0.0,0.0,0.0,0.0,0.0,0.0,0.0,0.0,0.0,0.0,0.0,0.0,0.0,0.0,0.0,0.0,0.0,0.0,0.0,0.0,0.0,0.0,0.0,0.0,0.0,0.0,0.0,0.0,0.0,0.0,0.0,0.0,0.0,0.0,0.0,0.0,0.0,0.0,0.0,0.0,0.0,0.0,0.0,0.0,0.0,0.0,0.0,0.0,0.0,0.0,0.0,0.0,0.0,0.0,0.0,0.0,0.0,0.0,0.0,0.0,0.0,0.0,0.0,0.0,0.0,0.0,0.0,0.0,0.0,0.0,0.0,0.0,0.0,0.0,0.0,0.0,0.0,0.0,0.0,0.0,0.0,0.0,0.0,0.0,0.0,0.0,0.0,0.0,0.0,1.1248277766430055e-18,6.116115123152668e-13,5.332838660008901e-13,5.102758103308096e-19,0.0,0.0,0.0,0.0,0.0,0.0,0.0,0.0,0.0,0.0,0.0,0.0,0.0,0.0,0.0,0.0,1.7757590992749766e-08,0.00881185226569878,0.0076835163905836,7.352424810017715e-09,0.0,0.0,0.0,0.0,0.0,0.0,0.0,0.0,0.0,0.0,0.0,0.0,0.0,0.0,0.0,0.0,0.17034688934112957,0.9902008040997633,0.8230056350234364,1.108390000455017e-05,4.931118438012118e-06,4.242615312418191e-12,0.0,0.0,0.0,0.0,0.0,0.0,0.0,0.0,0.0,0.0,0.0,0.0,0.0,0.0,2.559218385095541,57.97185959090827,12.399039724267942,3.5585494776463986,1.4016629670629959,1.1928862516536776e-06,0.0,0.0,0.0,0.0,0.0,0.0,0.0,0.0,0.0,0.0,0.0,0.0,0.0,0.0,0.0,0.0,0.0,0.0,0.0,0.0,0.0,0.0,0.0,0.0,0.0,0.0,0.0,0.0,0.0,0.0,0.0,0.0,0.0,0.0,0.0,0.0,0.0,0.0,0.0,0.0,0.0,0.0,0.0,0.0,0.0,0.0,0.0,0.0,0.0,0.0,0.0,0.0,0.0,0.0,0.0,0.0,0.0,0.0,0.0,0.0,0.0,0.0,0.0,0.0,0.0,0.0,0.0,0.0,0.0,0.0,0.0,0.0,0.0,0.0,0.0,0.0,0.0,0.0,0.0,0.0,0.0,0.0,0.0,0.0,0.0,0.0,0.0,0.0,0.0,0.0,0.0,0.0,0.0,0.0,0.0,0.0,0.0,0.0,0.0,0.0,0.0,0.0,0.0,0.0,0.0,0.0,0.0,0.0,0.0,0.0,0.0,0.0,0.0,0.0,0.0,0.0,0.0,0.0,0.0,0.0,0.0,0.0,0.0,0.0,0.0,0.0,0.0,0.0,0.0,0.0,0.0,0.0,0.0,0.0,0.0,0.0,0.0,0.0,0.0,0.0,0.0,0.0,0.0,0.0,0.0,0.0,0.0,0.0,0.0,0.0,0.0,0.0,0.0,0.0,0.0,0.0,0.0,0.0,0.0,0.0,0.0,0.0,0.0,0.0,0.0,0.0,0.0,0.0,0.0,0.0,0.0,0.0,0.0,0.0,0.0,0.0,0.0,0.0,0.0,0.0,0.0,0.0,0.0,0.0,0.0,0.0,0.0,0.0,0.0,0.0,0.0,0.0,0.0,0.0,0.0,0.0,0.0,0.0,0.0,0.0,0.0,0.0,0.0,0.0,0.0,0.0,0.0,0.0,0.0,0.0,0.0,0.0,0.0,0.0,0.0,0.0,0.0,0.0,0.0,0.0,0.0,0.0,0.0,0.0,0.0,0.0,0.0,0.0,0.0,0.0,0.0,0.0,0.0,0.0,0.0,0.0,0.0,0.0,0.0,0.0,0.0,0.0,0.0,0.0,0.0,0.0,0.0,0.0,0.0,0.0,0.0,0.0,0.0,0.0,0.0,0.0,0.0,0.0,0.0,0.0,0.0,0.0,0.0,0.0,0.0,0.0,0.0,0.0,0.0,0.0,0.0,0.0,0.0,0.0,0.0,0.0,0.0,0.0,0.0,0.0,0.0,0.0,0.0,0.0,0.0,0.0,0.0,0.0,0.0,0.0,0.0,0.0,0.0,0.0,0.0,0.0,0.0,0.0,0.0,0.0,0.0,0.0,0.0,0.0,0.0,0.0,0.0,0.0,0.0,0.0,0.0,0.0,0.0,0.0,0.0,0.0,0.0,0.0,0.0,0.0,0.0,0.0,0.0,0.0,0.0,0.0,0.0,0.0,0.0,0.0,0.0,0.0,0.0,0.0,0.0,0.0,0.0,0.0,0.0,0.0,0.0,0.0,0.0,0.0,0.0,0.0,0.0,0.0,0.0,0.0,0.0,0.0,0.0,0.0,0.0,0.0,0.0,0.0,0.0,0.0,0.0,0.0,0.0,0.0,0.0,0.0,0.0,0.0,0.0,0.0,0.0,0.0,0.0,0.0,4.202433176368001e-08,4.4884047578242696e-05,3.9146734003043405e-05,1.7372034552246663e-05,6.1528019148226745e-06,9.881833313595958e-12,0.0,0.0,0.0,0.0,0.0,0.0,0.0,0.0,0.0,0.0,0.0,0.0,0.0,0.0,0.018982131962158266,12.531404848166611,11.421298787040122,6.54675339347879,2.2294399849665996,3.422696345250648e-06,0.0,0.0,0.0,0.0,0.0,0.0,0.0,0.0,0.0,0.0,0.0,0.0,0.0,0.0,0.0,0.0,0.0,0.0,0.0,0.0,0.0,0.0,0.0,0.0,0.0,0.0,0.0,0.0,0.0,0.0,0.0,0.0,0.0,0.0,0.0,0.0,0.0,0.0,0.0,0.0,0.0,0.0,0.0,0.0,0.0,0.0,0.0,0.0,0.0,0.0,0.0,0.0,0.0,0.0,0.0,0.0,0.0,0.0,0.0,0.0,0.0,0.0,0.0,0.0,0.0,0.0,0.0,0.0,0.0,0.0,0.0,0.0,0.0,0.0,0.0,0.0,0.0,0.0,0.0,0.0,0.0,0.0,0.0,0.0,0.0,0.0,0.0,0.0,0.0,0.0,0.0,0.0,0.0,0.0,0.0,0.0,0.0,0.0,0.0,0.0,0.0,0.0,0.0,0.0,0.0,0.0,0.0,0.0,0.0,0.0,0.0,0.0,0.0,0.0,0.0,0.0,0.0,0.0,0.0,0.0,0.0,0.0,0.0,0.0,0.0,0.0,0.0,0.0,0.0,0.0,0.0,0.0,0.0,0.0,0.0,0.0,0.0,0.0,0.0,0.0,0.0,0.0,0.0,0.0,0.0,0.0,0.0,0.0,0.0,0.0,0.0,0.0,0.0,0.0,0.0,0.0,0.0,0.0,0.0,0.0,0.0,0.0,0.0,0.0,0.0,0.0,0.0,0.0,0.0,0.0,0.0,0.0,0.0,0.0,0.0,0.0,0.0,0.0,0.0,0.0,0.0,0.0,0.0,0.0,0.0,0.0,0.0,0.0,0.0,0.0,0.0,0.0,0.0,0.0,0.0,0.0,0.0,0.0,0.0,0.0,0.0,0.0,0.0,0.0,0.0,0.0,0.0,0.0,0.0,0.0,0.0,0.0,0.0,0.0,0.0,0.0,0.0,0.0,0.0,0.0,0.0,0.0,0.0,0.0,0.0,0.0,0.0,0.0,0.0,0.0,0.0,0.0,0.0,0.0,0.0,0.0,0.0,0.0,0.0,0.0,0.0,0.0,0.0,0.0,0.0,0.0,0.0,0.0,0.0,0.0,0.0,0.0,0.0,0.0,0.0,0.0,0.0,0.0,0.0,0.0,0.0,0.0,0.0,0.0,0.0,0.0,0.0,0.0,0.0,0.0,0.0,0.0,0.0,0.0,0.0,0.0,0.0,0.0,0.0,0.0,0.0,0.0,0.0,0.0,0.0,0.0,0.0,0.0,0.0,0.0,0.0,0.0,0.0,0.0,0.0,0.0,0.0,0.0,0.0,0.0,0.0,0.0,0.0,0.0,0.0,0.0,0.0,0.0,0.0,0.0,0.0,0.0,0.0,0.0,3.33064644082587e-16,7.230021840629742e-22,0.0,0.0,0.0,0.0,0.0,0.0,0.0,0.0,0.0,0.0,0.0,0.0,0.0,0.0,0.0,0.0,0.0,0.0,0.00042154206338154313,9.150651019677007e-10,0.0,0.0,0.0,0.0,0.0,0.0,0.0,0.0,0.0,0.0,0.0,0.0,0.0,0.0,0.0,0.0,0.0,0.0,1.8501355826114172,4.016193525209456e-06,0.0,0.0,0.0,0.0,0.0,0.0,0.0,0.0,0.0,0.0,0.0,0.0,0.0,0.0,0.0,0.0,0.0,0.0,7.471903458214885,1.6219681720577696e-05,0.0,0.0,0.0,0.0,0.0,0.0,0.0,0.0,0.0,0.0,0.0,0.0,0.0,0.0,0.0,0.0,0.0,0.0,11.091286658030798,2.4076480708160636e-05,0.0,0.0,0.0,0.0,0.0,0.0,0.0,0.0,0.0,0.0,0.0,0.0,0.0,0.0,0.0,0.0,0.0,0.0,0.0,0.0,0.0,0.0,0.0,0.0,0.0,0.0,0.0,0.0,0.0,0.0,0.0,0.0,0.0,0.0,0.0,0.0,0.0,0.0,0.0,0.0,0.0,0.0,0.0,0.0,0.0,0.0,0.0,0.0,0.0,0.0,0.0,0.0,0.0,0.0,0.0,0.0,0.0,0.0,0.0,0.0,0.0,0.0,0.0,0.0,0.0,0.0,0.0,0.0,0.0,0.0,0.0,0.0,0.0,0.0,0.0,0.0,0.0,0.0,0.0,0.0,0.0,0.0,0.0,0.0,0.0,0.0,0.0,0.0,0.0,0.0,0.0,0.0,0.0,0.0,0.0,0.0,0.0,0.0,0.0,0.0,0.0,0.0,0.0,0.0,0.0,0.0,0.0,0.0,0.0,0.0,0.0,0.0,0.0,0.0,0.0,0.0,0.0,0.0,0.0,0.0,0.0,0.0,0.0,0.0,0.0,0.0,0.0,0.0,0.0,0.0,0.0,0.0,0.0,0.0,0.0,0.0,0.0,0.0,0.0,0.0,0.0,0.0,0.0,0.0,0.0,0.0,0.0,0.0,0.0,0.0,0.0,0.0,0.0,0.0,0.0,0.0,0.0,0.0,0.0,0.0,0.0,0.0,0.0,0.0,0.0,0.0,0.0,0.0,0.0,0.0,0.0,0.0,0.0,0.0,0.0,0.0,0.0,0.0,0.0,0.0,0.0,0.0,0.0,0.0,0.0,0.0,0.0,0.0,0.0,0.0,0.0,0.0,0.0,0.0,0.0,0.0,0.0,0.0,0.0,0.0,0.0,0.0,0.0,0.0,0.0,0.0,0.0,0.0,0.0,0.0,0.0,0.0,0.0,0.0,0.0,0.0,0.0,0.0,0.0,0.0,0.0,0.0,0.0,0.0,0.0,0.0,0.0,0.0,0.0,0.0,0.0,0.0,0.0,0.0,0.0,0.0,0.0,0.0,0.0,0.0,0.0,0.0,0.0,0.0,0.0,0.0,0.0,0.0,0.0,0.0,0.0,0.0,0.0,0.0,0.0,0.0,0.0,0.0,0.0,0.0,0.0,0.0,0.0,0.0,0.0,0.0,0.0,0.0,0.0,0.0,0.0,0.0,0.0,0.0,0.0,0.0,0.0,0.0,0.0,0.0,0.0,0.0,0.0,0.0,0.0,0.0,0.0,0.0,0.0,0.0,0.0,0.0,0.0,0.0,0.0,0.0,0.0,0.0,0.0,0.0,0.0,0.0,0.0,0.0,0.0,0.0,0.0,0.0,0.0,0.0,0.0,0.0,0.0,0.0,0.0,0.0,0.0,0.0,0.0,0.0,0.0,0.0,0.0,0.0,0.0,0.0,0.0,0.0,0.0,0.0,0.0,0.0,0.0,0.0,0.0,0.0,0.0,0.0,0.0,0.0,0.0,0.0,0.0,0.0,0.0,0.0,0.0,0.0,0.0,0.0,0.0,0.0,0.0,0.0,0.0,0.0,0.0,0.0,1.5524003881823823e-09,2.0511449678125708e-10,3.02660785187119e-07,6.337586637640258e-07,4.704069139169362e-12,0.0,0.0,0.0,0.0,0.0,0.0,0.0,0.0,0.0,0.0,0.0,0.0,0.0,0.0,0.0,0.169987691627941,0.024015153000528013,0.26245812780636474,0.544584490981731,4.040945996628033e-06,0.0,0.0,0.0,0.0,0.0,0.0,0.0,0.0,0.0,0.0,0.0,0.0,0.0,0.0,0.0,1.526306334499454,6.576746288633969,7.432974845518767,1.3251371023622844,2.1971547353149753e-05,0.0,0.0,0.0,0.0,0.0,0.0,0.0,0.0,0.0,0.0,0.0,0.0,0.0,0.0,0.0,0.0,0.0,0.0,0.0,0.0,0.0,0.0,0.0,0.0,0.0,0.0,0.0,0.0,0.0,0.0,0.0,0.0,0.0,0.0,0.0,0.0,0.0,0.0,0.0,0.0,0.0,0.0,0.0,0.0,0.0,0.0,0.0,0.0,0.0,0.0,0.0,0.0,0.0,0.0,0.0,0.0,0.0,0.0,0.0,0.0,0.0,0.0,0.0,0.0,0.0,0.0,0.0,0.0,0.0,0.0,0.0,0.0,0.0,0.0,0.0,0.0,0.0,0.0,0.0,0.0,0.0,0.0,0.0,0.0,0.0,0.0,0.0,0.0,0.0,0.0,0.0,0.0,0.0,0.0,0.0,0.0,0.0,0.0,0.0,0.0,0.0,0.0,0.0,0.0,0.0,0.0,0.0,0.0,0.0,0.0,0.0,0.0,0.0,0.0,0.0,0.0,0.0,0.0,0.0,0.0,0.0,0.0,0.0,0.0,0.0,0.0,0.0,0.0,0.0,0.0,0.0,0.0,0.0,0.0,0.0,0.0,0.0,0.0,0.0,0.0,0.0,0.0,0.0,0.0,0.0,0.0,0.0,0.0,0.0,0.0,0.0,0.0,0.0,0.0,0.0,0.0,0.0,0.0,0.0,0.0,0.0,0.0,0.0,0.0,0.0,0.0,0.0,0.0,0.0,0.0,0.0,0.0,0.0,0.0,0.0,0.0,0.0,0.0,0.0,0.0,0.0,0.0,0.0,0.0,0.0,0.0,0.0,0.0,0.0,0.0,0.0,0.0,0.0,0.0,0.0,0.0,0.0,0.0,0.0,0.0,0.0,0.0,0.0,0.0,0.0,0.0,0.0,0.0,0.0,0.0,0.0,0.0,0.0,0.0,0.0,0.0,0.0,0.0,0.0,0.0,0.0,0.0,0.0,0.0,0.0,0.0,0.0,0.0,0.0,0.0,0.0,0.0,0.0,0.0,0.0,0.0,0.0,0.0,0.0,0.0,0.0,0.0,0.0,0.0,0.0,0.0,0.0,0.0,0.0,0.0,0.0,0.0,0.0,0.0,0.0,0.0,0.0,0.0,0.0,0.0,0.0,0.0,0.0,0.0,0.0,0.0,0.0,0.0,0.0,0.0,0.0,0.0,0.0,0.0,0.0,0.0,0.0,0.0,0.0,0.0,0.0,0.0,0.0,0.0,0.0,0.0,0.0,0.0,0.0,0.0,0.0,0.0,0.0,0.0,0.0,0.0,0.0,0.0,0.0,0.0,0.0,0.0,0.0,0.0,0.0,0.0,0.0,0.0,0.0,0.0,0.0,0.0,0.0,0.0,0.0,0.0,0.0,0.0,0.0,0.0,0.0,0.0,0.0,0.0,0.0,0.0,0.0,0.0,0.0,0.0,0.0,0.0,0.0,0.0,0.0,0.0,0.0,0.0,0.0,0.0,0.0,0.0,0.0,0.0,0.0,0.0,0.0,0.0,0.0,0.0,0.0,0.0,0.0,0.0,0.0,0.0,0.0,0.0,0.0,0.0,0.0,0.0,0.0,0.0,0.0,0.0,0.0,0.0,0.0,0.0,0.0,0.0,0.0,0.0,0.0,1.4301780116175695e-56,1.7208169274057402e-30,4.671612576489841e-14,5.324724999375913e-07,1.6555907001583448e-06,2.935747269295592e-11,0.0,0.0,0.0,0.0,0.0,0.0,0.0,0.0,0.0,0.0,0.0,0.0,0.0,0.0,6.119791924651394e-51,7.363164166200528e-25,1.9988490510101876e-08,0.22782159073240452,0.7083438389426947,1.2560176529373405e-05,0.0,0.0,0.0,0.0,0.0,0.0,0.0,0.0,0.0,0.0,0.0,0.0,0.0,0.0,0.0,0.0,0.0,0.0,0.0,0.0,0.0,0.0,0.0,0.0,0.0,0.0,0.0,0.0,0.0,0.0,0.0,0.0,0.0,0.0,0.0,0.0,0.0,0.0,0.0,0.0,0.0,0.0,0.0,0.0,0.0,0.0,0.0,0.0,0.0,0.0,0.0,0.0,0.0,0.0,0.0,0.0,0.0,0.0,0.0,0.0,0.0,0.0,0.0,0.0,0.0,0.0,0.0,0.0,0.0,0.0,0.0,0.0,0.0,0.0,0.0,0.0,0.0,0.0,0.0,0.0,0.0,0.0,0.0,0.0,0.0,0.0,0.0,0.0,0.0,0.0,0.0,0.0,0.0,0.0,0.0,0.0,0.0,0.0,0.0,0.0,0.0,0.0,0.0,0.0,0.0,0.0,0.0,0.0,0.0,0.0,0.0,0.0,0.0,0.0,0.0,0.0,0.0,0.0,0.0,0.0,0.0,0.0,0.0,0.0,0.0,0.0,0.0,0.0,0.0,0.0,0.0,0.0,0.0,0.0,0.0,0.0,0.0,0.0,0.0,0.0,0.0,0.0,0.0,0.0,0.0,0.0,0.0,0.0,0.0,0.0,0.0,0.0,0.0,0.0,0.0,0.0,0.0,0.0,0.0,0.0,0.0,0.0,0.0,0.0,0.0,0.0,0.0,0.0,0.0,0.0,0.0,0.0,0.0,0.0,0.0,0.0,0.0,0.0,0.0,0.0,0.0,0.0,0.0,0.0,0.0,0.0,0.0,0.0,0.0,0.0,0.0,0.0,0.0,0.0,0.0,0.0,0.0,0.0,0.0,0.0,0.0,0.0,0.0,0.0,0.0,0.0,0.0,0.0,0.0,0.0,0.0,0.0,0.0,0.0,0.0,0.0,0.0,0.0,0.0,0.0,0.0,0.0,0.0,0.0,0.0,0.0,0.0,0.0,0.0,0.0,0.0,0.0,0.0,0.0,0.0,0.0,0.0,0.0,0.0,0.0,0.0,0.0,0.0,0.0,0.0,0.0,0.0,0.0,0.0,0.0,0.0,0.0,0.0,0.0,0.0,0.0,0.0,0.0,0.0,0.0,0.0,0.0,0.0,0.0,0.0,0.0,0.0,0.0,0.0,0.0,0.0,0.0,0.0,0.0,0.0,0.0,0.0,0.0,0.0,0.0,0.0,0.0,0.0,0.0,0.0,0.0,0.0,0.0,0.0,0.0,0.0,0.0,0.0,0.0,0.0,0.0,0.0,0.0,0.0,0.0,0.0,0.0,0.0,0.0,0.0,0.0,0.0,0.0,0.0,0.0,0.0,0.0,0.0,0.0,0.0,0.0,0.0,0.0,0.0,0.0,0.0,0.0,0.0,0.0,0.0,0.0,0.0,0.0,0.0,0.0,0.0,0.0,0.0,0.0,4.052623955442513e-06,8.797259099781022e-12,0.0,0.0,0.0,0.0,0.0,0.0,0.0,0.0,0.0,0.0,0.0,0.0,0.0,0.0,0.0,0.0,0.0,0.0,1.2725758490256214,2.7624520782313224e-06,0.0,0.0,0.0,0.0,0.0,0.0,0.0,0.0,0.0,0.0,0.0,0.0,0.0,0.0,0.0,0.0,0.0,0.0,8.944444160488176,1.9416208769546672e-05,0.0,0.0,0.0,0.0,0.0,0.0,0.0,0.0,0.0,0.0,0.0,0.0,0.0,0.0,0.0,0.0,0.0,0.0,29.46703272175437,6.396574777357872e-05,0.0,0.0,0.0,0.0,0.0,0.0,0.0,0.0,0.0,0.0,0.0,0.0,0.0,0.0,0.0,0.0,0.0,0.0,0.0,0.0,0.0,0.0,0.0,0.0,0.0,0.0,0.0,0.0,0.0,0.0,0.0,0.0,0.0,0.0,0.0,0.0,0.0,0.0,0.0,0.0,0.0,0.0,0.0,0.0,0.0,0.0,0.0,0.0,0.0,0.0,0.0,0.0,0.0,0.0,0.0,0.0,0.0,0.0,0.0,0.0,0.0,0.0,0.0,0.0,0.0,0.0,0.0,0.0,0.0,0.0,0.0,0.0,0.0,0.0,0.0,0.0,0.0,0.0,0.0,0.0,0.0,0.0,0.0,0.0,0.0,0.0,0.0,0.0,0.0,0.0,0.0,0.0,0.0,0.0,0.0,0.0,0.0,0.0,0.0,0.0,0.0,0.0,0.0,0.0,0.0,0.0,0.0,0.0,0.0,0.0,0.0,0.0,0.0,0.0,0.0,0.0,0.0,0.0,0.0,0.0,0.0,0.0,0.0,0.0,0.0,0.0,0.0,0.0,0.0,0.0,0.0,0.0,0.0,0.0,0.0,0.0,0.0,0.0,0.0,0.0,0.0,0.0,0.0,0.0,0.0,0.0,0.0,0.0,0.0,0.0,0.0,0.0,0.0,0.0,0.0,0.0,0.0,0.0,0.0,0.0,0.0,0.0,0.0,0.0,0.0,0.0,0.0,0.0,0.0,0.0,0.0,0.0,0.0,0.0,0.0,0.0,0.0,0.0,0.0,0.0,0.0,0.0,0.0,0.0,0.0,0.0,0.0,0.0,0.0,0.0,0.0,0.0,0.0,0.0,0.0,0.0,0.0,0.0,0.0,0.0,0.0,0.0,0.0,0.0,0.0,0.0,0.0,0.0,0.0,0.0,0.0,0.0,0.0,0.0,0.0,0.0,0.0,0.0,0.0,0.0,0.0,0.0,0.0,0.0,0.0,0.0,0.0,0.0,0.0,0.0,0.0,0.0,0.0,0.0,0.0,0.0,0.0,0.0,0.0,0.0,0.0,0.0,0.0,0.0,0.0,0.0,0.0,0.0,0.0,0.0,0.0,0.0,0.0,0.0,0.0,0.0,0.0,0.0,0.0,0.0,0.0,0.0,0.0,0.0,0.0,0.0,0.0,0.0,0.0,0.0,0.0,0.0,0.0,0.0,0.0,0.0,0.0,0.0,0.0,0.0,0.0,0.0,0.0,0.0,0.0,0.0,0.0,0.0,0.0,0.0,0.0,0.0,0.0,0.0,0.0,0.0,0.0,0.0,0.0,0.0,0.0,0.0,0.0,0.0,0.0,0.0,0.0,0.0,0.0,0.0,0.0,0.0,0.0,0.0,0.0,0.0,0.0,0.0,0.0,0.0,0.0,0.0,0.0,0.0,0.0,0.0,0.0,0.0,0.0,0.0,0.0,0.0,0.0,0.0,0.0,0.0,0.0,0.0,4.0946346237981404e-19,5.582782261164179e-13,7.152725845880328e-13,1.7085098484668624e-18,0.0,0.0,0.0,0.0,0.0,0.0,0.0,0.0,0.0,0.0,0.0,0.0,0.0,0.0,0.0,0.0,7.0699282270901535e-09,0.007525240471188058,0.009642723121346463,2.3040037104795543e-08,1.488803627876807e-26,0.0,0.0,0.0,0.0,0.0,0.0,0.0,0.0,0.0,0.0,0.0,0.0,0.0,0.0,0.0,0.17000158206728752,0.7990847970009272,0.9937498438575008,3.0044912107766115e-05,6.87675107183287e-06,2.1412435686277977e-10,0.0,0.0,0.0,0.0,0.0,0.0,0.0,0.0,0.0,0.0,0.0,0.0,0.0,0.0,1.9941831152771685,31.830365694007817,17.250583731577258,1.9127738619634331,2.454629846817371,8.730429297188813e-05,0.0,0.0,0.0,0.0,0.0,0.0,0.0,0.0,0.0,0.0,0.0,0.0,0.0,0.0,0.0,0.0,0.0,0.0,0.0,0.0,0.0,0.0,0.0,0.0,0.0,0.0,0.0,0.0,0.0,0.0,0.0,0.0,0.0,0.0,0.0,0.0,0.0,0.0,0.0,0.0,0.0,0.0,0.0,0.0,0.0,0.0,0.0,0.0,0.0,0.0,0.0,0.0,0.0,0.0,0.0,0.0,0.0,0.0,0.0,0.0,0.0,0.0,0.0,0.0,0.0,0.0,0.0,0.0,0.0,0.0,0.0,0.0,0.0,0.0,0.0,0.0,0.0,0.0,0.0,0.0,0.0,0.0,0.0,0.0,0.0,0.0,0.0,0.0,0.0,0.0,0.0,0.0,0.0,0.0,0.0,0.0,0.0,0.0,0.0,0.0,0.0,0.0,0.0,0.0,0.0,0.0,0.0,0.0,0.0,0.0,0.0,0.0,0.0,0.0,0.0,0.0,0.0,0.0,0.0,0.0,0.0,0.0,0.0,0.0,0.0,0.0,0.0,0.0,0.0,0.0,0.0,0.0,0.0,0.0,0.0,0.0,0.0,0.0,0.0,0.0,0.0,0.0,0.0,0.0,0.0,0.0,0.0,0.0,0.0,0.0,0.0,0.0,0.0,0.0,0.0,0.0,0.0,0.0,0.0,0.0,0.0,0.0,0.0,0.0,0.0,0.0,0.0,0.0,0.0,0.0,0.0,0.0,0.0,0.0,0.0,0.0,0.0,0.0,0.0,0.0,0.0,0.0,0.0,0.0,0.0,0.0,0.0,0.0,0.0,0.0,0.0,0.0,0.0,0.0,0.0,0.0,0.0,0.0,0.0,0.0,0.0,0.0,0.0,0.0,0.0,0.0,0.0,0.0,0.0,0.0,0.0,0.0,0.0,0.0,0.0,0.0,0.0,0.0,0.0,0.0,0.0,0.0,0.0,0.0,0.0,0.0,0.0,0.0,0.0,0.0,0.0,0.0,0.0,0.0,0.0,0.0,0.0,0.0,0.0,0.0,0.0,0.0,0.0,0.0,0.0,0.0,0.0,0.0,0.0,0.0,0.0,0.0,0.0,0.0,0.0,0.0,0.0,0.0,0.0,0.0,0.0,0.0,0.0,0.0,0.0,0.0,0.0,0.0,0.0,0.0,0.0,0.0,0.0,0.0,0.0,0.0,0.0,0.0,0.0,0.0,0.0,0.0,0.0,0.0,0.0,0.0,0.0,0.0,0.0,0.0,0.0,0.0,0.0,0.0,0.0,0.0,0.0,0.0,0.0,0.0,0.0,0.0,0.0,0.0,0.0,0.0,0.0,0.0,0.0,0.0,0.0,0.0,0.0,0.0,0.0,0.0,0.0,0.0,0.0,0.0,0.0,0.0,0.0,0.0,0.0,0.0,0.0,0.0,0.0,0.0,0.0,0.0,0.0,0.0,0.0,0.0,0.0,0.0,0.0,0.0,0.0,0.0,0.0,0.0,0.0,0.0,0.0,0.0,0.0,0.0,0.0,0.0,0.0,0.0,0.0,0.0,0.0,0.0,0.0,0.0,0.0,0.0,0.0,0.0,0.0,0.0,0.0,0.0,0.0,0.0,0.0,0.0,0.0,0.0,2.235894554553115e-08,1.6791074146173365e-05,2.03930898164052e-05,1.4185817975096504e-05,6.545409021838532e-06,5.207419265096698e-10,0.0,0.0,0.0,0.0,0.0,0.0,0.0,0.0,0.0,0.0,0.0,0.0,0.0,0.0,0.010043678438004832,7.075289992643815,7.258081659739013,3.410962317178544,1.9812798181988405,0.0001843326837292339,0.0,0.0,0.0,0.0,0.0,0.0,0.0,0.0,0.0,0.0,0.0,0.0,0.0,0.0,0.0,0.0,0.0,0.0,0.0,0.0,0.0,0.0,0.0,0.0,0.0,0.0,0.0,0.0,0.0,0.0,0.0,0.0,0.0,0.0,0.0,0.0,0.0,0.0,0.0,0.0,0.0,0.0,0.0,0.0,0.0,0.0,0.0,0.0,0.0,0.0,0.0,0.0,0.0,0.0,0.0,0.0,0.0,0.0,0.0,0.0,0.0,0.0,0.0,0.0,0.0,0.0,0.0,0.0,0.0,0.0,0.0,0.0,0.0,0.0,0.0,0.0,0.0,0.0,0.0,0.0,0.0,0.0,0.0,0.0,0.0,0.0,0.0,0.0,0.0,0.0,0.0,0.0,0.0,0.0,0.0,0.0,0.0,0.0,0.0,0.0,0.0,0.0,0.0,0.0,0.0,0.0,0.0,0.0,0.0,0.0,0.0,0.0,0.0,0.0,0.0,0.0,0.0,0.0,0.0,0.0,0.0,0.0,0.0,0.0,0.0,0.0,0.0,0.0,0.0,0.0,0.0,0.0,0.0,0.0,0.0,0.0,0.0,0.0,0.0,0.0,0.0,0.0,0.0,0.0,0.0,0.0,0.0,0.0,0.0,0.0,0.0,0.0,0.0,0.0,0.0,0.0,0.0,0.0,0.0,0.0,0.0,0.0,0.0,0.0,0.0,0.0,0.0,0.0,0.0,0.0,0.0,0.0,0.0,0.0,0.0,0.0,0.0,0.0,0.0,0.0,0.0,0.0,0.0,0.0,0.0,0.0,0.0,0.0,0.0,0.0,0.0,0.0,0.0,0.0,0.0,0.0,0.0,0.0,0.0,0.0,0.0,0.0,0.0,0.0,0.0,0.0,0.0,0.0,0.0,0.0,0.0,0.0,0.0,0.0,0.0,0.0,0.0,0.0,0.0,0.0,0.0,0.0,0.0,0.0,0.0,0.0,0.0,0.0,0.0,0.0,0.0,0.0,0.0,0.0,0.0,0.0,0.0,0.0,0.0,0.0,0.0,0.0,0.0,0.0,0.0,0.0,0.0,0.0,0.0,0.0,0.0,0.0,0.0,0.0,0.0,0.0,0.0,0.0,0.0,0.0,0.0,0.0,0.0,0.0,0.0,0.0,0.0,0.0,0.0,0.0,0.0,0.0,0.0,0.0,0.0,0.0,0.0,0.0,0.0,0.0,0.0,0.0,0.0,0.0,0.0,0.0,0.0,0.0,0.0,0.0,0.0,0.0,0.0,0.0,0.0,0.0,0.0,0.0,0.0,0.0,0.0,0.0,0.0,0.0,0.0,0.0,0.0,0.0,0.0,0.0,0.0,0.0,0.0,0.0,0.0,0.0,0.0,0.0,0.0,0.0,0.0,0.0,0.0,0.0,0.0,0.0,0.0,0.0,0.0,0.0,0.0,0.0,0.0,0.0,1.3206013137874575e-13,2.8667036598096926e-19,0.0,0.0,0.0,0.0,0.0,0.0,0.0,0.0,0.0,0.0,0.0,0.0,0.0,0.0,0.0,0.0,0.0,0.0,0.004469192430608912,9.701527753653547e-09,0.0,0.0,0.0,0.0,0.0,0.0,0.0,0.0,0.0,0.0,0.0,0.0,0.0,0.0,0.0,0.0,0.0,0.0,10.863303863293842,2.3581585613613378e-05,0.0,0.0,0.0,0.0,0.0,0.0,0.0,0.0,0.0,0.0,0.0,0.0,0.0,0.0,0.0,0.0,0.0,0.0,40.13527992386608,8.712391290544399e-05,0.0,0.0,0.0,0.0,0.0,0.0,0.0,0.0,0.0,0.0,0.0,0.0,0.0,0.0,0.0,0.0,0.0,0.0,0.0,0.0,0.0,0.0,0.0,0.0,0.0,0.0,0.0,0.0,0.0,0.0,0.0,0.0,0.0,0.0,0.0,0.0,0.0,0.0,0.0,0.0,0.0,0.0,0.0,0.0,0.0,0.0,0.0,0.0,0.0,0.0,0.0,0.0,0.0,0.0,0.0,0.0,0.0,0.0,0.0,0.0,0.0,0.0,0.0,0.0,0.0,0.0,0.0,0.0,0.0,0.0,0.0,0.0,0.0,0.0,0.0,0.0,0.0,0.0,0.0,0.0,0.0,0.0,0.0,0.0,0.0,0.0,0.0,0.0,0.0,0.0,0.0,0.0,0.0,0.0,0.0,0.0,0.0,0.0,0.0,0.0,0.0,0.0,0.0,0.0,0.0,0.0,0.0,0.0,0.0,0.0,0.0,0.0,0.0,0.0,0.0,0.0,0.0,0.0,0.0,0.0,0.0,0.0,0.0,0.0,0.0,0.0,0.0,0.0,0.0,0.0,0.0,0.0,0.0,0.0,0.0,0.0,0.0,0.0,0.0,0.0,0.0,0.0,0.0,0.0,0.0,0.0,0.0,0.0,0.0,0.0,0.0,0.0,0.0,0.0,0.0,0.0,0.0,0.0,0.0,0.0,0.0,0.0,0.0,0.0,0.0,0.0,0.0,0.0,0.0,0.0,0.0,0.0,0.0,0.0,0.0,0.0,0.0,0.0,0.0,0.0,0.0,0.0,0.0,0.0,0.0,0.0,0.0,0.0,0.0,0.0,0.0,0.0,0.0,0.0,0.0,0.0,0.0,0.0,0.0,0.0,0.0,0.0,0.0,0.0,0.0,0.0,0.0,0.0,0.0,0.0,0.0,0.0,0.0,0.0,0.0,0.0,0.0,0.0,0.0,0.0,0.0,0.0,0.0,0.0,0.0,0.0,0.0,0.0,0.0,0.0,0.0,0.0,0.0,0.0,0.0,0.0,0.0,0.0,0.0,0.0,0.0,0.0,0.0,0.0,0.0,0.0,0.0,0.0,0.0,0.0,0.0,0.0,0.0,0.0,0.0,0.0,0.0,0.0,0.0,0.0,0.0,0.0,0.0,0.0,0.0,0.0,0.0,0.0,0.0,0.0,0.0,0.0,0.0,0.0,0.0,0.0,0.0,0.0,0.0,0.0,0.0,0.0,0.0,0.0,0.0,0.0,0.0,0.0,0.0,0.0,0.0,0.0,0.0,0.0,0.0,0.0,0.0,0.0,0.0,0.0,0.0,0.0,0.0,0.0,0.0,0.0,0.0,0.0,0.0,0.0,0.0,0.0,0.0,0.0,0.0,0.0,0.0,0.0,0.0,0.0,0.0,0.0,0.0,0.0,0.0,0.0,0.0,0.0,0.0,0.0,0.0,0.0,0.0,0.0,0.0,0.0,0.0,0.0,1.1248277766430055e-18,6.116115123152668e-13,5.332838660008901e-13,5.102758103308096e-19,0.0,0.0,0.0,0.0,0.0,0.0,0.0,0.0,0.0,0.0,0.0,0.0,0.0,0.0,0.0,0.0,1.7825950597501224e-08,0.008811852472626079,0.007683516390776237,7.352424810017714e-09,0.0,0.0,0.0,0.0,0.0,0.0,0.0,0.0,0.0,0.0,0.0,0.0,0.0,0.0,0.0,0.0,0.21007361850629017,1.1119573120830855,0.8228820855388685,1.1083778687764307e-05,4.931118438012118e-06,4.242615312418191e-12,0.0,0.0,0.0,0.0,0.0,0.0,0.0,0.0,0.0,0.0,0.0,0.0,0.0,0.0,3.630702066812682,51.580715903752356,10.29825818802782,3.558495606318662,1.4016629670629959,1.1928862516536776e-06,0.0,0.0,0.0,0.0,0.0,0.0,0.0,0.0,0.0,0.0,0.0,0.0,0.0,0.0,0.0,0.0,0.0,0.0,0.0,0.0,0.0,0.0,0.0,0.0,0.0,0.0,0.0,0.0,0.0,0.0,0.0,0.0,0.0,0.0,0.0,0.0,0.0,0.0,0.0,0.0,0.0,0.0,0.0,0.0,0.0,0.0,0.0,0.0,0.0,0.0,0.0,0.0,0.0,0.0,0.0,0.0,0.0,0.0,0.0,0.0,0.0,0.0,0.0,0.0,0.0,0.0,0.0,0.0,0.0,0.0,0.0,0.0,0.0,0.0,0.0,0.0,0.0,0.0,0.0,0.0,0.0,0.0,0.0,0.0,0.0,0.0,0.0,0.0,0.0,0.0,0.0,0.0,0.0,0.0,0.0,0.0,0.0,0.0,0.0,0.0,0.0,0.0,0.0,0.0,0.0,0.0,0.0,0.0,0.0,0.0,0.0,0.0,0.0,0.0,0.0,0.0,0.0,0.0,0.0,0.0,0.0,0.0,0.0,0.0,0.0,0.0,0.0,0.0,0.0,0.0,0.0,0.0,0.0,0.0,0.0,0.0,0.0,0.0,0.0,0.0,0.0,0.0,0.0,0.0,0.0,0.0,0.0,0.0,0.0,0.0,0.0,0.0,0.0,0.0,0.0,0.0,0.0,0.0,0.0,0.0,0.0,0.0,0.0,0.0,0.0,0.0,0.0,0.0,0.0,0.0,0.0,0.0,0.0,0.0,0.0,0.0,0.0,0.0,0.0,0.0,0.0,0.0,0.0,0.0,0.0,0.0,0.0,0.0,0.0,0.0,0.0,0.0,0.0,0.0,0.0,0.0,0.0,0.0,0.0,0.0,0.0,0.0,0.0,0.0,0.0,0.0,0.0,0.0,0.0,0.0,0.0,0.0,0.0,0.0,0.0,0.0,0.0,0.0,0.0,0.0,0.0,0.0,0.0,0.0,0.0,0.0,0.0,0.0,0.0,0.0,0.0,0.0,0.0,0.0,0.0,0.0,0.0,0.0,0.0,0.0,0.0,0.0,0.0,0.0,0.0,0.0,0.0,0.0,0.0,0.0,0.0,0.0,0.0,0.0,0.0,0.0,0.0,0.0,0.0,0.0,0.0,0.0,0.0,0.0,0.0,0.0,0.0,0.0,0.0,0.0,0.0,0.0,0.0,0.0,0.0,0.0,0.0,0.0,0.0,0.0,0.0,0.0,0.0,0.0,0.0,0.0,0.0,0.0,0.0,0.0,0.0,0.0,0.0,0.0,0.0,0.0,0.0,0.0,0.0,0.0,0.0,0.0,0.0,0.0,0.0,0.0,0.0,0.0,0.0,0.0,0.0,0.0,0.0,0.0,0.0,0.0,0.0,0.0,0.0,0.0,0.0,0.0,0.0,0.0,0.0,0.0,0.0,0.0,0.0,0.0,0.0,0.0,0.0,0.0,0.0,0.0,0.0,0.0,0.0,0.0,0.0,0.0,0.0,0.0,0.0,0.0,0.0,0.0,0.0,0.0,0.0,0.0,0.0,0.0,0.0,0.0,0.0,0.0,0.0,0.0,0.0,0.0,0.0,0.0,0.0,0.0,0.0,0.0,0.0,0.0,0.0,0.0,0.0,0.0,4.2197023865870015e-08,3.636484114881886e-05,2.6190502237650968e-05,1.7371759094784084e-05,6.1528019148226745e-06,9.881833313595958e-12,0.0,0.0,0.0,0.0,0.0,0.0,0.0,0.0,0.0,0.0,0.0,0.0,0.0,0.0,0.019072239645886082,14.579644695013894,10.64343223709806,6.546686773990853,2.2294399849665996,3.422696345250648e-06,0.0,0.0,0.0,0.0,0.0,0.0,0.0,0.0,0.0,0.0,0.0,0.0,0.0,0.0,108.0,0.027579405026357633,0.1029889410852878,0.03281413675441292,0.25141048397030746,0.048116253792667645,0.21154234406319608,0.2648407669018865,-0.06716301236150646,0.028362410762728683,0.10711293501646768,0.052304463710324545,0.19750883386843843,0.2143983812483015,0.2809523725129575,0.23050287021632196,0.3011975295098105,0.2712821798246657,0.46382944901161616,0.2648407669018865,0.17691390904184756,0.15049616690215348,0.28408444639451275,0.22476751390968414,0.9999999570036944,0.09118917233427765,0.22223514857758797,0.24004634685990028,0.2990178718500951
